 #r(A)        h(r)         Base         G(r)
  0.02      0.00000      0.00000      0.00000
  0.04      0.00000      0.00000      0.00000
  0.06      0.00000      0.00000      0.00000
  0.08      0.00000      0.00000      0.00000
  0.10      0.00000      0.00000      0.00000
  0.12      0.00000      0.00000      0.00000
  0.14      0.00000      0.00000      0.00000
  0.16      0.00000      0.00000      0.00000
  0.18      0.00000      0.00000      0.00000
  0.20      0.00000      0.00000      0.00000
  0.22      0.00000      0.00000      0.00000
  0.24      0.00000      0.00000      0.00000
  0.26      0.00000      0.00000      0.00000
  0.28      0.00000      0.00000      0.00000
  0.30      0.00000      0.00000      0.00000
  0.32      0.00000      0.00000      0.00000
  0.34      0.00000      0.00000      0.00000
  0.36      0.00000      0.00000      0.00000
  0.38      0.00000      0.00000      0.00000
  0.40      0.00000      0.00000      0.00000
  0.42      0.00000      0.00000      0.00000
  0.44      0.00000      0.00000      0.00000
  0.46      0.00000      0.00000      0.00000
  0.48      0.00000      0.00000      0.00000
  0.50      0.00000      0.00000      0.00000
  0.52      0.00000      0.00000      0.00000
  0.54      0.00000      0.00000     -0.00000
  0.56      0.00000      0.00001     -0.00001
  0.58      0.00000      0.00003     -0.00003
  0.60      0.00000      0.00008     -0.00008
  0.62      0.00000      0.00018     -0.00018
  0.64      0.00000      0.00034     -0.00034
  0.66      0.00000      0.00057     -0.00057
  0.68      0.00000      0.00087     -0.00087
  0.70      0.00000      0.00126     -0.00126
  0.72      0.00000      0.00175     -0.00175
  0.74      0.00000      0.00235     -0.00235
  0.76      0.00000      0.00306     -0.00306
  0.78      0.00000      0.00389     -0.00389
  0.80      0.00000      0.00482     -0.00482
  0.82      0.00000      0.00581     -0.00581
  0.84      0.00000      0.00685     -0.00685
  0.86      0.00000      0.00793     -0.00793
  0.88      0.00000      0.00902     -0.00902
  0.90      0.00000      0.01012     -0.01012
  0.92      0.00000      0.01122     -0.01122
  0.94      0.00000      0.01233     -0.01233
  0.96      0.00000      0.01344     -0.01344
  0.98      0.00000      0.01454     -0.01454
  1.00      0.00000      0.01565     -0.01565
  1.02      0.00000      0.01676     -0.01676
  1.04      0.00000      0.01787     -0.01787
  1.06      0.00000      0.01897     -0.01897
  1.08      0.00000      0.02008     -0.02008
  1.10      0.00000      0.02119     -0.02119
  1.12      0.00000      0.02229     -0.02229
  1.14      0.00000      0.02340     -0.02340
  1.16      0.00000      0.02451     -0.02451
  1.18      0.00000      0.02562     -0.02562
  1.20      0.00000      0.02672     -0.02672
  1.22      0.00000      0.02783     -0.02783
  1.24      0.00000      0.02894     -0.02894
  1.26      0.00000      0.03005     -0.03005
  1.28      0.00000      0.03115     -0.03115
  1.30      0.00000      0.03226     -0.03226
  1.32      0.00000      0.03337     -0.03337
  1.34      0.00000      0.03448     -0.03448
  1.36      0.00000      0.03558     -0.03558
  1.38      0.00000      0.03669     -0.03669
  1.40      0.00000      0.03780     -0.03780
  1.42      0.00000      0.03890     -0.03890
  1.44      0.00000      0.04001     -0.04001
  1.46      0.00000      0.04112     -0.04112
  1.48      0.00000      0.04223     -0.04223
  1.50      0.00000      0.04333     -0.04333
  1.52      0.00000      0.04444     -0.04444
  1.54      0.00000      0.04555     -0.04555
  1.56      0.00000      0.04666     -0.04666
  1.58      0.00000      0.04776     -0.04776
  1.60      0.00000      0.04887     -0.04887
  1.62      0.00000      0.04998     -0.04998
  1.64      0.00000      0.05109     -0.05109
  1.66      0.00000      0.05219     -0.05219
  1.68      0.00000      0.05330     -0.05330
  1.70      0.00000      0.05441     -0.05441
  1.72      0.00000      0.05552     -0.05552
  1.74      0.00000      0.05664     -0.05664
  1.76      0.00000      0.05777     -0.05777
  1.78      0.00000      0.05893     -0.05893
  1.80      0.00000      0.06013     -0.06013
  1.82      0.00000      0.06135     -0.06135
  1.84      0.00000      0.06260     -0.06260
  1.86      0.00000      0.06388     -0.06388
  1.88      0.00000      0.06520     -0.06520
  1.90      0.00000      0.06655     -0.06655
  1.92      0.00000      0.06793     -0.06793
  1.94      0.00000      0.06935     -0.06935
  1.96      0.00000      0.07078     -0.07078
  1.98      0.00000      0.07223     -0.07223
  2.00      0.00000      0.07368     -0.07368
  2.02      0.00000      0.07515     -0.07515
  2.04      0.00000      0.07661     -0.07661
  2.06      0.00000      0.07808     -0.07808
  2.08      0.00000      0.07955     -0.07955
  2.10      0.00000      0.08102     -0.08102
  2.12      0.00000      0.08249     -0.08249
  2.14      0.00000      0.08396     -0.08396
  2.16      0.00000      0.08543     -0.08543
  2.18      0.00000      0.08690     -0.08690
  2.20      0.00000      0.08838     -0.08838
  2.22      0.00000      0.08985     -0.08985
  2.24      0.00000      0.09132     -0.09132
  2.26      0.00000      0.09279     -0.09279
  2.28      0.00000      0.09426     -0.09426
  2.30      0.00000      0.09573     -0.09573
  2.32      0.00000      0.09720     -0.09720
  2.34      0.00000      0.09867     -0.09867
  2.36      0.00000      0.10014     -0.10014
  2.38      0.00000      0.10161     -0.10161
  2.40      0.00000      0.10309     -0.10309
  2.42      0.00000      0.10456     -0.10456
  2.44      0.00000      0.10603     -0.10603
  2.46      0.00000      0.10750     -0.10750
  2.48      0.00000      0.10897     -0.10897
  2.50      0.00000      0.11044     -0.10626
  2.52      0.00000      0.11191     -0.09530
  2.54      0.02090      0.11339     -0.06386
  2.56      0.06219      0.11487     -0.01225
  2.58      0.16456      0.11635      0.08152
  2.60      0.26544      0.11781      0.20063
  2.62      0.47624      0.11925      0.33247
  2.64      0.62376      0.12062      0.43896
  2.66      0.72858      0.12191      0.57737
  2.68      0.70388      0.12312      0.67620
  2.70      0.96394      0.12427      0.77906
  2.72      0.97646      0.12531      0.85760
  2.74      1.14377      0.12624      0.96055
  2.76      1.12649      0.12705      0.95482
  2.78      1.22325      0.12774      0.91157
  2.80      0.93938      0.12828      0.76648
  2.82      0.76363      0.12873      0.61323
  2.84      0.42104      0.12912      0.39774
  2.86      0.36253      0.12947      0.22967
  2.88      0.14770      0.12979      0.08573
  2.90      0.10081      0.13009      0.00663
  2.92      0.04548      0.13039     -0.06437
  2.94      0.02711      0.13068     -0.09420
  2.96      0.00900      0.13096     -0.11464
  2.98      0.00000      0.13124     -0.12402
  3.00      0.00000      0.13153     -0.12973
  3.02      0.00000      0.13181     -0.13181
  3.04      0.00000      0.13210     -0.13210
  3.06      0.00000      0.13238     -0.13238
  3.08      0.00000      0.13266     -0.13266
  3.10      0.00000      0.13295     -0.13295
  3.12      0.00000      0.13323     -0.13323
  3.14      0.00000      0.13352     -0.13352
  3.16      0.00000      0.13380     -0.13380
  3.18      0.00000      0.13408     -0.13408
  3.20      0.00000      0.13437     -0.13437
  3.22      0.00000      0.13465     -0.13465
  3.24      0.00000      0.13493     -0.13493
  3.26      0.00000      0.13522     -0.13522
  3.28      0.00000      0.13550     -0.13550
  3.30      0.00000      0.13579     -0.13579
  3.32      0.00000      0.13607     -0.13607
  3.34      0.00000      0.13636     -0.13636
  3.36      0.00000      0.13667     -0.13667
  3.38      0.00000      0.13699     -0.13699
  3.40      0.00000      0.13733     -0.13733
  3.42      0.00000      0.13771     -0.13771
  3.44      0.00000      0.13811     -0.13811
  3.46      0.00000      0.13856     -0.13856
  3.48      0.00000      0.13904     -0.13904
  3.50      0.00000      0.13956     -0.13956
  3.52      0.00000      0.14011     -0.14011
  3.54      0.00000      0.14069     -0.14069
  3.56      0.00000      0.14129     -0.14129
  3.58      0.00000      0.14191     -0.14191
  3.60      0.00000      0.14256     -0.14256
  3.62      0.00000      0.14322     -0.14322
  3.64      0.00000      0.14390     -0.14390
  3.66      0.00000      0.14458     -0.14314
  3.68      0.00000      0.14527     -0.13524
  3.70      0.00721      0.14596     -0.12312
  3.72      0.04294      0.14664     -0.09265
  3.74      0.06405      0.14733     -0.04688
  3.76      0.15576      0.14799      0.03088
  3.78      0.23229      0.14863      0.07742
  3.80      0.39935      0.14923      0.12086
  3.82      0.27882      0.14974      0.14436
  3.84      0.28422      0.15020      0.17838
  3.86      0.27580      0.15061      0.16639
  3.88      0.40470      0.15096      0.18359
  3.90      0.34143      0.15123      0.18460
  3.92      0.36657      0.15143      0.16554
  3.94      0.29063      0.15157      0.11255
  3.96      0.18152      0.15165      0.06149
  3.98      0.14044      0.15171     -0.00261
  4.00      0.08653      0.15177     -0.04893
  4.02      0.04639      0.15183     -0.08136
  4.04      0.05928      0.15190     -0.10562
  4.06      0.01967      0.15200     -0.12043
  4.08      0.01957      0.15215     -0.12985
  4.10      0.01299      0.15235     -0.14191
  4.12      0.00000      0.15261     -0.14610
  4.14      0.00000      0.15293     -0.15033
  4.16      0.00000      0.15331     -0.15331
  4.18      0.00000      0.15375     -0.15375
  4.20      0.00000      0.15425     -0.15425
  4.22      0.00000      0.15478     -0.15478
  4.24      0.00000      0.15535     -0.15535
  4.26      0.00000      0.15595     -0.15595
  4.28      0.00000      0.15658     -0.15658
  4.30      0.00000      0.15721     -0.15721
  4.32      0.00000      0.15786     -0.15786
  4.34      0.00000      0.15851     -0.15851
  4.36      0.00000      0.15915     -0.15915
  4.38      0.00000      0.15980     -0.15980
  4.40      0.00000      0.16045     -0.16045
  4.42      0.00000      0.16110     -0.16110
  4.44      0.00000      0.16175     -0.16175
  4.46      0.00000      0.16240     -0.16121
  4.48      0.00000      0.16304     -0.15951
  4.50      0.00591      0.16369     -0.15429
  4.52      0.01178      0.16434     -0.14326
  4.54      0.02933      0.16499     -0.11251
  4.56      0.05839      0.16564     -0.08539
  4.58      0.15700      0.16628     -0.03535
  4.60      0.14475      0.16690      0.01904
  4.62      0.26521      0.16751      0.08566
  4.64      0.30433      0.16809      0.18801
  4.66      0.39452      0.16868      0.31040
  4.68      0.67171      0.16926      0.41369
  4.70      0.75963      0.16979      0.52316
  4.72      0.78454      0.17026      0.66995
  4.74      0.85434      0.17069      0.72138
  4.76      1.13082      0.17107      0.76006
  4.78      0.93102      0.17135      0.81297
  4.80      0.95495      0.17158      0.79165
  4.82      1.05048      0.17175      0.67388
  4.84      0.74886      0.17183      0.55643
  4.86      0.54286      0.17184      0.40677
  4.88      0.34412      0.17179      0.21081
  4.90      0.20672      0.17171      0.07083
  4.92      0.07043      0.17161     -0.03657
  4.94      0.04856      0.17150     -0.10421
  4.96      0.00538      0.17139     -0.14545
  4.98      0.00535      0.17128     -0.15942
  5.00      0.00000      0.17117     -0.16902
  5.02      0.00000      0.17106     -0.16999
  5.04      0.00000      0.17095     -0.17095
  5.06      0.00000      0.17085     -0.17085
  5.08      0.00000      0.17074     -0.17074
  5.10      0.00000      0.17066     -0.17066
  5.12      0.00000      0.17058     -0.17058
  5.14      0.00000      0.17053     -0.17053
  5.16      0.00000      0.17052     -0.17052
  5.18      0.00000      0.17054     -0.17054
  5.20      0.00000      0.17063     -0.17063
  5.22      0.00000      0.17079     -0.17079
  5.24      0.00000      0.17102     -0.17102
  5.26      0.00000      0.17134     -0.16933
  5.28      0.00000      0.17173     -0.16572
  5.30      0.01005      0.17221     -0.15721
  5.32      0.02004      0.17275     -0.13588
  5.34      0.04492      0.17337     -0.10182
  5.36      0.10937      0.17404     -0.05119
  5.38      0.17339      0.17475      0.00508
  5.40      0.26651      0.17547      0.06007
  5.42      0.30495      0.17617      0.11367
  5.44      0.32348      0.17683      0.16105
  5.46      0.38087      0.17744      0.17306
  5.48      0.41360      0.17797      0.18689
  5.50      0.32960      0.17842      0.17757
  5.52      0.37676      0.17881      0.13841
  5.54      0.27913      0.17913      0.09647
  5.56      0.18704      0.17940      0.08457
  5.58      0.20549      0.17963      0.04504
  5.60      0.27140      0.17983      0.01171
  5.62      0.18028      0.17997     -0.00982
  5.64      0.11348      0.18009     -0.04164
  5.66      0.08011      0.18018     -0.09134
  5.68      0.04695      0.18027     -0.12655
  5.70      0.02339      0.18035     -0.14746
  5.72      0.00467      0.18043     -0.16264
  5.74      0.00929      0.18053     -0.17213
  5.76      0.00464      0.18063     -0.17691
  5.78      0.00000      0.18075     -0.17797
  5.80      0.00000      0.18090     -0.17997
  5.82      0.00000      0.18107     -0.18107
  5.84      0.00000      0.18129     -0.18129
  5.86      0.00000      0.18154     -0.18154
  5.88      0.00000      0.18183     -0.17913
  5.90      0.00000      0.18215     -0.17586
  5.92      0.01352      0.18251     -0.16458
  5.94      0.01795      0.18290     -0.14179
  5.96      0.05817      0.18333     -0.09688
  5.98      0.11591      0.18377     -0.05307
  6.00      0.22669      0.18421     -0.00764
  6.02      0.23478      0.18462      0.05865
  6.04      0.24731      0.18500      0.13948
  6.06      0.39165      0.18535      0.19873
  6.08      0.52198      0.18564      0.27611
  6.10      0.52467      0.18584      0.35416
  6.12      0.62312      0.18597      0.41080
  6.14      0.63862      0.18600      0.41944
  6.16      0.67546      0.18592      0.42644
  6.18      0.56533      0.18575      0.39205
  6.20      0.55927      0.18550      0.32870
  6.22      0.45031      0.18518      0.25444
  6.24      0.32064      0.18482      0.18336
  6.26      0.30258      0.18444      0.10577
  6.28      0.20810      0.18404      0.03383
  6.30      0.16940      0.18365     -0.02653
  6.32      0.08866      0.18326     -0.08582
  6.34      0.01684      0.18288     -0.12623
  6.36      0.00420      0.18253     -0.15975
  6.38      0.00419      0.18220     -0.17716
  6.40      0.00000      0.18189     -0.18021
  6.42      0.00000      0.18159     -0.18075
  6.44      0.00000      0.18129     -0.17965
  6.46      0.00000      0.18100     -0.17772
  6.48      0.00823      0.18072     -0.17579
  6.50      0.00821      0.18044     -0.17062
  6.52      0.00819      0.18016     -0.16302
  6.54      0.02447      0.17989     -0.16196
  6.56      0.03661      0.17962     -0.15687
  6.58      0.01218      0.17937     -0.15262
  6.60      0.03232      0.17914     -0.14603
  6.62      0.02820      0.17894     -0.13472
  6.64      0.05625      0.17876     -0.11462
  6.66      0.09212      0.17863     -0.09388
  6.68      0.11182      0.17854     -0.05972
  6.70      0.13537      0.17849     -0.02975
  6.72      0.19854      0.17851     -0.01346
  6.74      0.20583      0.17858     -0.00599
  6.76      0.17368      0.17871      0.00290
  6.78      0.14952      0.17891     -0.00649
  6.80      0.18049      0.17920     -0.02455
  6.82      0.15256      0.17957     -0.03709
  6.84      0.11702      0.18001     -0.06046
  6.86      0.11280      0.18054     -0.09012
  6.88      0.03490      0.18113     -0.11890
  6.90      0.03482      0.18177     -0.14295
  6.92      0.01157      0.18244     -0.16541
  6.94      0.00000      0.18313     -0.17308
  6.96      0.00383      0.18383     -0.18075
  6.98      0.00000      0.18454     -0.18377
  7.00      0.00000      0.18526     -0.18298
  7.02      0.00000      0.18599     -0.17994
  7.04      0.00758      0.18673     -0.16938
  7.06      0.02267      0.18748     -0.14231
  7.08      0.05652      0.18824     -0.10935
  7.10      0.13906      0.18901     -0.06829
  7.12      0.16863      0.18978     -0.00652
  7.14      0.21671      0.19055      0.06762
  7.16      0.33538      0.19129      0.16285
  7.18      0.43108      0.19200      0.28439
  7.20      0.61894      0.19264      0.38342
  7.22      0.77987      0.19318      0.48634
  7.24      0.71505      0.19358      0.56247
  7.26      0.85270      0.19385      0.60658
  7.28      0.81370      0.19396      0.58611
  7.30      0.84081      0.19391      0.59803
  7.32      0.67808      0.19370      0.55533
  7.34      0.77440      0.19336      0.52530
  7.36      0.63817      0.19287      0.45429
  7.38      0.66183      0.19227      0.37322
  7.40      0.48331      0.19156      0.25780
  7.42      0.26977      0.19078      0.15170
  7.44      0.19373      0.19000      0.02725
  7.46      0.10376      0.18922     -0.06721
  7.48      0.03568      0.18847     -0.11828
  7.50      0.00712      0.18776     -0.15207
  7.52      0.01066      0.18711     -0.16440
  7.54      0.02123      0.18651     -0.16742
  7.56      0.03882      0.18596     -0.16198
  7.58      0.01759      0.18546     -0.15520
  7.60      0.03160      0.18499     -0.15270
  7.62      0.04203      0.18456     -0.15306
  7.64      0.03145      0.18417     -0.14507
  7.66      0.03483      0.18380     -0.14132
  7.68      0.05561      0.18345     -0.13208
  7.70      0.04851      0.18310     -0.11595
  7.72      0.08643      0.18275     -0.10400
  7.74      0.11035      0.18240     -0.09625
  7.76      0.09284      0.18204     -0.09122
  7.78      0.09262      0.18168     -0.09108
  7.80      0.07185      0.18133     -0.09851
  7.82      0.08532      0.18102     -0.10317
  7.84      0.07150      0.18072     -0.11192
  7.86      0.06792      0.18047     -0.11860
  7.88      0.04743      0.18026     -0.13006
  7.90      0.03718      0.18008     -0.14082
  7.92      0.02698      0.17995     -0.15427
  7.94      0.01681      0.17986     -0.16233
  7.96      0.00000      0.17982     -0.16639
  7.98      0.00669      0.17983     -0.16448
  8.00      0.01667      0.17988     -0.15394
  8.02      0.03660      0.17997     -0.13615
  8.04      0.06973      0.18010     -0.10327
  8.06      0.08941      0.18027     -0.07842
  8.08      0.17177      0.18045     -0.04319
  8.10      0.14171      0.18066     -0.01406
  8.12      0.21367      0.18089      0.01428
  8.14      0.21641      0.18114      0.05472
  8.16      0.23228      0.18141      0.09903
  8.18      0.37525      0.18171      0.13784
  8.20      0.36461      0.18199      0.18303
  8.22      0.40919      0.18226      0.21904
  8.24      0.44379      0.18250      0.24692
  8.26      0.41366      0.18270      0.25420
  8.28      0.51585      0.18285      0.24858
  8.30      0.40205      0.18293      0.22184
  8.32      0.38181      0.18295      0.19401
  8.34      0.31047      0.18292      0.14312
  8.36      0.27461      0.18283      0.10094
  8.38      0.26123      0.18268      0.04184
  8.40      0.19071      0.18249     -0.00740
  8.42      0.08562      0.18226     -0.05073
  8.44      0.06328      0.18202     -0.09140
  8.46      0.05681      0.18176     -0.11923
  8.48      0.05666      0.18149     -0.12481
  8.50      0.05026      0.18121     -0.12219
  8.52      0.05639      0.18094     -0.11082
  8.54      0.07502      0.18066     -0.08641
  8.56      0.11227      0.18039     -0.06143
  8.58      0.17733      0.18013     -0.03652
  8.60      0.17382      0.17986     -0.00861
  8.62      0.17961      0.17959      0.02962
  8.64      0.21322      0.17934      0.04547
  8.66      0.30211      0.17907      0.06559
  8.68      0.25527      0.17879      0.07893
  8.70      0.27313      0.17850      0.07996
  8.72      0.24491      0.17819      0.06618
  8.74      0.21690      0.17786      0.05437
  8.76      0.23161      0.17754      0.02737
  8.78      0.19462      0.17720      0.01323
  8.80      0.13650      0.17686     -0.00443
  8.82      0.17254      0.17651     -0.03474
  8.84      0.12684      0.17616     -0.06188
  8.86      0.07836      0.17579     -0.07802
  8.88      0.05712      0.17543     -0.10558
  8.90      0.05400      0.17508     -0.12283
  8.92      0.03293      0.17472     -0.12921
  8.94      0.03883      0.17437     -0.12898
  8.96      0.04468      0.17402     -0.12341
  8.98      0.05649      0.17366     -0.11306
  9.00      0.08010      0.17330     -0.09684
  9.02      0.08288      0.17293     -0.08419
  9.04      0.11813      0.17254     -0.06335
  9.06      0.10609      0.17214     -0.03143
  9.08      0.15878      0.17171      0.00277
  9.10      0.23764      0.17127      0.03685
  9.12      0.25179      0.17078      0.06859
  9.14      0.28626      0.17026      0.08739
  9.16      0.26237      0.16971      0.08104
  9.18      0.25016      0.16914      0.06775
  9.20      0.20317      0.16856      0.03419
  9.22      0.18245      0.16800      0.00419
  9.24      0.11559      0.16749     -0.03209
  9.26      0.10958      0.16705     -0.06138
  9.28      0.06618      0.16668     -0.09406
  9.30      0.05455      0.16639     -0.11289
  9.32      0.01718      0.16620     -0.12777
  9.34      0.02001      0.16611     -0.12611
  9.36      0.03423      0.16609     -0.12280
  9.38      0.07401      0.16616     -0.09682
  9.40      0.07102      0.16630     -0.07155
  9.42      0.14742      0.16652     -0.04587
  9.44      0.14708      0.16676     -0.02317
  9.46      0.16372      0.16702     -0.01290
  9.48      0.18871      0.16728     -0.00954
  9.50      0.12367      0.16752      0.00446
  9.52      0.16549      0.16776      0.01897
  9.54      0.21830      0.16797      0.02115
  9.56      0.23744      0.16815      0.05021
  9.58      0.20069      0.16829      0.05915
  9.60      0.26985      0.16841      0.04917
  9.62      0.21096      0.16849      0.03146
  9.64      0.16899      0.16854      0.00837
  9.66      0.14927      0.16857     -0.02911
  9.68      0.08551      0.16859     -0.05594
  9.70      0.08257      0.16861     -0.06508
  9.72      0.07693      0.16863     -0.07142
  9.74      0.12337      0.16865     -0.05250
  9.76      0.11764      0.16866     -0.00472
  9.78      0.18021      0.16867      0.06635
  9.80      0.32153      0.16866      0.12581
  9.82      0.43236      0.16861      0.21391
  9.84      0.42061      0.16849      0.28286
  9.86      0.55790      0.16830      0.31584
  9.88      0.52434      0.16803      0.33248
  9.90      0.48553      0.16768      0.34812
  9.92      0.51419      0.16725      0.35011
  9.94      0.49703      0.16675      0.32977
  9.96      0.56574      0.16618      0.30801
  9.98      0.42012      0.16554      0.27564
 10.00      0.37390      0.16485      0.23384
 10.02      0.34913      0.16412      0.16284
 10.04      0.28460      0.16335      0.11668
 10.06      0.20705      0.16255      0.06279
 10.08      0.18545      0.16174      0.01278
 10.10      0.10047      0.16093     -0.03226
 10.12      0.09503      0.16012     -0.06656
 10.14      0.05532      0.15932     -0.09865
 10.16      0.03155      0.15854     -0.11639
 10.18      0.02098      0.15777     -0.13411
 10.20      0.00786      0.15704     -0.14444
 10.22      0.00262      0.15635     -0.15006
 10.24      0.00000      0.15570     -0.15360
 10.26      0.00000      0.15510     -0.15458
 10.28      0.00000      0.15455     -0.15455
 10.30      0.00000      0.15406     -0.15406
 10.32      0.00000      0.15362     -0.15362
 10.34      0.00000      0.15323     -0.15323
 10.36      0.00000      0.15288     -0.15288
 10.38      0.00000      0.15257     -0.15257
 10.40      0.00000      0.15230     -0.15230
 10.42      0.00000      0.15207     -0.15105
 10.44      0.00000      0.15186     -0.14728
 10.46      0.00510      0.15168     -0.14150
 10.48      0.01783      0.15152     -0.12864
 10.50      0.02798      0.15137     -0.09911
 10.52      0.06348      0.15124     -0.06004
 10.54      0.14695      0.15111     -0.01299
 10.56      0.19979      0.15097      0.03346
 10.58      0.25242      0.15081      0.09888
 10.60      0.25951      0.15063      0.14649
 10.62      0.38981      0.15042      0.18090
 10.64      0.38406      0.15018      0.20169
 10.66      0.37082      0.14988      0.20499
 10.68      0.35512      0.14955      0.18019
 10.70      0.27459      0.14918      0.14801
 10.72      0.26411      0.14879      0.11395
 10.74      0.22134      0.14839      0.08199
 10.76      0.19858      0.14796      0.04975
 10.78      0.19326      0.14753      0.01514
 10.80      0.11128      0.14709     -0.01341
 10.82      0.08887      0.14665     -0.04335
 10.84      0.07639      0.14622     -0.07027
 10.86      0.04673      0.14579     -0.08377
 10.88      0.05646      0.14538     -0.08988
 10.90      0.04166      0.14496     -0.08961
 10.92      0.05626      0.14456     -0.08197
 10.94      0.07569      0.14416     -0.07924
 10.96      0.08287      0.14375     -0.07794
 10.98      0.06812      0.14335     -0.08103
 11.00      0.04614      0.14294     -0.09092
 11.02      0.03879      0.14253     -0.10177
 11.04      0.02420      0.14213     -0.10921
 11.06      0.02656      0.14174     -0.11275
 11.08      0.02892      0.14136     -0.11532
 11.10      0.02647      0.14099     -0.10829
 11.12      0.02402      0.14063     -0.09793
 11.14      0.05753      0.14031     -0.08476
 11.16      0.07658      0.14001     -0.06590
 11.18      0.09317      0.13974     -0.03520
 11.20      0.11924      0.13949     -0.01129
 11.22      0.17618      0.13926      0.01775
 11.24      0.17586      0.13903      0.03297
 11.26      0.22063      0.13880      0.05333
 11.28      0.16812      0.13854      0.05988
 11.30      0.21986      0.13827      0.05843
 11.32      0.20764      0.13796      0.05129
 11.34      0.16725      0.13763      0.05837
 11.36      0.18339      0.13727      0.05928
 11.38      0.20185      0.13688      0.05697
 11.40      0.22261      0.13646      0.05569
 11.42      0.19412      0.13600      0.04745
 11.44      0.15878      0.13551      0.03502
 11.46      0.13986      0.13501      0.01655
 11.48      0.13728      0.13450     -0.00275
 11.50      0.12775      0.13398     -0.01408
 11.52      0.09507      0.13346     -0.01935
 11.54      0.09953      0.13293     -0.02551
 11.56      0.11092      0.13240     -0.03350
 11.58      0.10381      0.13188     -0.02716
 11.60      0.08519      0.13137     -0.02544
 11.62      0.12413      0.13087     -0.02559
 11.64      0.10556      0.13038     -0.02208
 11.66      0.10768      0.12990     -0.01535
 11.68      0.11893      0.12944     -0.01327
 11.70      0.11645      0.12898     -0.01481
 11.72      0.13220      0.12851     -0.01135
 11.74      0.09557      0.12805     -0.01834
 11.76      0.12267      0.12759     -0.01808
 11.78      0.08164      0.12712     -0.02959
 11.80      0.11546      0.12667     -0.03201
 11.82      0.07232      0.12623     -0.03537
 11.84      0.08122      0.12582     -0.02116
 11.86      0.10362      0.12544     -0.01290
 11.88      0.15067      0.12510      0.01197
 11.90      0.15489      0.12479      0.04078
 11.92      0.19495      0.12451      0.08020
 11.94      0.22374      0.12425      0.12258
 11.96      0.29932      0.12400      0.16220
 11.98      0.36123      0.12375      0.17991
 12.00      0.35176      0.12349      0.19178
 12.02      0.28225      0.12321      0.18580
 12.04      0.28178      0.12292      0.16472
 12.06      0.26805      0.12261      0.13177
 12.08      0.25433      0.12228      0.10254
 12.10      0.18547      0.12192      0.06634
 12.12      0.13445      0.12155      0.02893
 12.14      0.09902      0.12116     -0.00752
 12.16      0.07910      0.12077     -0.03064
 12.18      0.07018      0.12037     -0.03834
 12.20      0.06788      0.11997     -0.04159
 12.22      0.09399      0.11957     -0.03697
 12.24      0.08076      0.11917     -0.03102
 12.26      0.10023      0.11877     -0.02551
 12.28      0.09789      0.11836     -0.02699
 12.30      0.09339      0.11794     -0.02930
 12.32      0.08457      0.11752     -0.03336
 12.34      0.06712      0.11710     -0.04044
 12.36      0.07781      0.11668     -0.04059
 12.38      0.06042      0.11625     -0.02998
 12.40      0.09049      0.11583     -0.01635
 12.42      0.13554      0.11540     -0.00233
 12.44      0.13314      0.11496      0.00915
 12.46      0.14580      0.11451      0.02399
 12.48      0.11560      0.11404      0.02339
 12.50      0.16244      0.11356      0.02196
 12.52      0.13016      0.11305      0.01797
 12.54      0.12357      0.11254      0.01958
 12.56      0.12336      0.11201      0.01943
 12.58      0.12105      0.11148      0.01552
 12.60      0.15903      0.11096      0.02557
 12.62      0.10797      0.11043      0.03096
 12.64      0.17120      0.10992      0.02665
 12.66      0.14772      0.10941      0.00671
 12.68      0.09693      0.10892      0.00032
 12.70      0.05679      0.10844     -0.01961
 12.72      0.07352      0.10799     -0.03739
 12.74      0.06920      0.10755     -0.04087
 12.76      0.05653      0.10713     -0.04137
 12.78      0.07736      0.10672     -0.04357
 12.80      0.05218      0.10631     -0.04286
 12.82      0.06044      0.10592     -0.03757
 12.84      0.07075      0.10553     -0.03689
 12.86      0.08102      0.10514     -0.03119
 12.88      0.07882      0.10474     -0.02551
 12.90      0.07870      0.10433     -0.02232
 12.92      0.08685      0.10391     -0.01873
 12.94      0.08466      0.10349     -0.01719
 12.96      0.09689      0.10305     -0.01277
 12.98      0.08438      0.10261     -0.01450
 13.00      0.09865      0.10216     -0.02443
 13.02      0.07593      0.10169     -0.03475
 13.04      0.03278      0.10122     -0.04462
 13.06      0.04296      0.10074     -0.04959
 13.08      0.03268      0.10026     -0.04760
 13.10      0.07139      0.09977     -0.03293
 13.12      0.08348      0.09927     -0.01666
 13.14      0.10369      0.09877      0.00407
 13.16      0.12182      0.09824      0.02756
 13.18      0.13380      0.09770      0.04495
 13.20      0.18622      0.09715      0.05262
 13.22      0.16775      0.09657      0.05059
 13.24      0.13924      0.09598      0.04374
 13.26      0.10880      0.09539      0.02557
 13.28      0.09658      0.09480      0.00464
 13.30      0.09240      0.09422     -0.01342
 13.32      0.06018      0.09365     -0.02541
 13.34      0.04607      0.09310     -0.03738
 13.36      0.04600      0.09257     -0.04855
 13.38      0.03395      0.09206     -0.05450
 13.40      0.03390      0.09157     -0.05766
 13.42      0.02787      0.09110     -0.06282
 13.44      0.02783      0.09065     -0.06559
 13.46      0.01786      0.09022     -0.06759
 13.48      0.01784      0.08981     -0.06800
 13.50      0.02177      0.08940     -0.06724
 13.52      0.02371      0.08900     -0.06096
 13.54      0.02960      0.08861     -0.05548
 13.56      0.04729      0.08823     -0.04688
 13.58      0.04329      0.08784     -0.02926
 13.60      0.06287      0.08747     -0.01208
 13.62      0.10985      0.08709      0.00114
 13.64      0.11363      0.08670      0.02139
 13.66      0.11149      0.08630      0.03963
 13.68      0.14258      0.08591      0.04610
 13.70      0.15213      0.08549      0.05179
 13.72      0.14021      0.08507      0.05671
 13.74      0.14002      0.08464      0.05306
 13.76      0.13399      0.08420      0.05251
 13.78      0.12215      0.08374      0.05625
 13.80      0.14716      0.08328      0.05960
 13.82      0.15663      0.08280      0.05641
 13.84      0.15446      0.08231      0.05057
 13.86      0.11567      0.08180      0.03934
 13.88      0.09049      0.08127      0.02581
 13.90      0.08843      0.08074      0.00886
 13.92      0.08637      0.08022      0.00387
 13.94      0.06709      0.07970      0.00235
 13.96      0.08805      0.07919     -0.00186
 13.98      0.08028      0.07869     -0.00605
 14.00      0.06489      0.07821     -0.00377
 14.02      0.06290      0.07776     -0.01332
 14.04      0.07613      0.07733     -0.01908
 14.06      0.03800      0.07692     -0.02899
 14.08      0.04935      0.07653     -0.03664
 14.10      0.01327      0.07617     -0.04394
 14.12      0.02271      0.07582     -0.04591
 14.14      0.03780      0.07549     -0.04114
 14.16      0.02642      0.07518     -0.02654
 14.18      0.07161      0.07487     -0.00334
 14.20      0.08468      0.07456      0.01156
 14.22      0.13717      0.07424      0.03957
 14.24      0.11071      0.07391      0.05327
 14.26      0.16490      0.07357      0.06359
 14.28      0.13848      0.07321      0.06451
 14.30      0.13454      0.07284      0.06845
 14.32      0.13995      0.07245      0.06638
 14.34      0.12858      0.07204      0.06734
 14.36      0.15258      0.07162      0.07203
 14.38      0.14124      0.07118      0.06782
 14.40      0.15589      0.07072      0.06700
 14.42      0.11675      0.07024      0.06580
 14.44      0.12215      0.06974      0.05982
 14.46      0.14414      0.06923      0.04832
 14.48      0.10888      0.06871      0.04757
 14.50      0.09584      0.06819      0.04021
 14.52      0.11042      0.06765      0.03100
 14.54      0.08270      0.06712      0.02406
 14.56      0.09545      0.06658      0.02410
 14.58      0.07148      0.06604      0.01754
 14.60      0.09334      0.06550      0.00994
 14.62      0.07494      0.06495     -0.00204
 14.64      0.04198      0.06441     -0.00997
 14.66      0.03281      0.06388     -0.02520
 14.68      0.02912      0.06336     -0.03676
 14.70      0.01454      0.06285     -0.04175
 14.72      0.01452      0.06235     -0.04456
 14.74      0.01450      0.06186     -0.04482
 14.76      0.01630      0.06138     -0.04255
 14.78      0.02532      0.06090     -0.03957
 14.80      0.02347      0.06043     -0.03588
 14.82      0.02705      0.05996     -0.03328
 14.84      0.03061      0.05950     -0.03106
 14.86      0.02698      0.05904     -0.03135
 14.88      0.03412      0.05859     -0.03344
 14.90      0.01973      0.05814     -0.03554
 14.92      0.01433      0.05770     -0.03477
 14.94      0.01789      0.05726     -0.03759
 14.96      0.02858      0.05683     -0.03968
 14.98      0.01784      0.05640     -0.04069
 15.00      0.00713      0.05598     -0.04207
 15.02      0.00712      0.05557     -0.04702
 15.04      0.00888      0.05516     -0.05018
 15.06      0.00178      0.05476     -0.05050
 15.08      0.00000      0.05437     -0.05047
 15.10      0.00354      0.05397     -0.04797
 15.12      0.00530      0.05359     -0.04230
 15.14      0.01942      0.05321     -0.03910
 15.16      0.02820      0.05284     -0.03100
 15.18      0.01408      0.05247     -0.02116
 15.20      0.04220      0.05211     -0.00680
 15.22      0.05267      0.05177      0.00367
 15.24      0.08942      0.05143      0.01833
 15.26      0.07881      0.05109      0.02630
 15.28      0.08570      0.05075      0.03076
 15.30      0.08035      0.05041      0.03342
 15.32      0.07326      0.05006      0.04237
 15.34      0.10104      0.04970      0.04887
 15.36      0.12180      0.04934      0.05087
 15.38      0.11642      0.04895      0.05186
 15.40      0.08850      0.04854      0.04279
 15.42      0.07626      0.04812      0.02611
 15.44      0.05366      0.04769      0.00567
 15.46      0.03630      0.04725     -0.01125
 15.48      0.01208      0.04681     -0.02468
 15.50      0.00172      0.04637     -0.03462
 15.52      0.00689      0.04593     -0.04041
 15.54      0.00172      0.04549     -0.03862
 15.56      0.00515      0.04505     -0.03441
 15.58      0.01886      0.04461     -0.03261
 15.60      0.02056      0.04418     -0.02466
 15.62      0.01369      0.04374     -0.01570
 15.64      0.03930      0.04331     -0.00575
 15.66      0.04778      0.04288     -0.00024
 15.68      0.06647      0.04246      0.01071
 15.70      0.04596      0.04203      0.01719
 15.72      0.06630      0.04161      0.01823
 15.74      0.06962      0.04120      0.01721
 15.76      0.05087      0.04078      0.01655
 15.78      0.05927      0.04037      0.01282
 15.80      0.04059      0.03996      0.00538
 15.82      0.04561      0.03956      0.00303
 15.84      0.03037      0.03916     -0.00069
 15.86      0.03707      0.03877      0.00099
 15.88      0.03871      0.03839      0.00400
 15.90      0.04707      0.03802      0.00870
 15.92      0.05876      0.03765      0.01639
 15.94      0.05198      0.03727      0.02140
 15.96      0.07368      0.03689      0.02005
 15.98      0.06188      0.03651      0.01736
 16.00      0.03842      0.03612      0.01401
 16.02      0.04338      0.03574      0.00598
 16.04      0.03333      0.03535      0.00031
 16.06      0.03162      0.03497     -0.00234
 16.08      0.03158      0.03458     -0.00466
 16.10      0.02324      0.03420     -0.00399
 16.12      0.02984      0.03381     -0.00166
 16.14      0.03477      0.03342      0.00299
 16.16      0.04135      0.03303      0.00599
 16.18      0.05286      0.03263      0.00800
 16.20      0.03630      0.03223      0.01133
 16.22      0.03790      0.03182      0.01201
 16.24      0.04937      0.03142      0.00710
 16.26      0.04274      0.03102      0.00778
 16.28      0.02627      0.03062      0.00780
 16.30      0.03771      0.03024      0.00257
 16.32      0.03603      0.02986     -0.00005
 16.34      0.02126      0.02949     -0.00200
 16.36      0.02777      0.02913     -0.00755
 16.38      0.01468      0.02878     -0.01278
 16.40      0.00815      0.02844     -0.01539
 16.42      0.00814      0.02811     -0.01964
 16.44      0.00650      0.02780     -0.01870
 16.46      0.00487      0.02750     -0.01646
 16.48      0.01784      0.02720     -0.01489
 16.50      0.01781      0.02692     -0.01267
 16.52      0.01456      0.02665     -0.00789
 16.54      0.01616      0.02638     -0.00829
 16.56      0.02744      0.02612     -0.00515
 16.58      0.01451      0.02587      0.00024
 16.60      0.03220      0.02562      0.00271
 16.62      0.04021      0.02537      0.00421
 16.64      0.02730      0.02512      0.00957
 16.66      0.03369      0.02487      0.00978
 16.68      0.04006      0.02462      0.00806
 16.70      0.03201      0.02437      0.00924
 16.72      0.03037      0.02411      0.01105
 16.74      0.03193      0.02385      0.01063
 16.76      0.04146      0.02359      0.01595
 16.78      0.03663      0.02331      0.01650
 16.80      0.05727      0.02303      0.01960
 16.82      0.03178      0.02275      0.01857
 16.84      0.04603      0.02246      0.01882
 16.86      0.03487      0.02216      0.01146
 16.88      0.03642      0.02186      0.00793
 16.90      0.01898      0.02155      0.00187
 16.92      0.01264      0.02125     -0.00354
 16.94      0.01420      0.02094     -0.00957
 16.96      0.00630      0.02064     -0.01149
 16.98      0.00472      0.02033     -0.01214
 17.00      0.00786      0.02003     -0.01437
 17.02      0.00785      0.01972     -0.01375
 17.04      0.00157      0.01942     -0.01283
 17.06      0.00783      0.01911     -0.01285
 17.08      0.00783      0.01881     -0.01193
 17.10      0.00625      0.01850     -0.00757
 17.12      0.01093      0.01819     -0.00478
 17.14      0.02183      0.01788     -0.00137
 17.16      0.02025      0.01757      0.00205
 17.18      0.02334      0.01726      0.00546
 17.20      0.02175      0.01694      0.00544
 17.22      0.02639      0.01662      0.00449
 17.24      0.02015      0.01630      0.00108
 17.26      0.01394      0.01598     -0.00296
 17.28      0.00464      0.01566     -0.00730
 17.30      0.00000      0.01536     -0.01010
 17.32      0.00309      0.01506     -0.01197
 17.34      0.00463      0.01477     -0.01138
 17.36      0.00308      0.01448     -0.01109
 17.38      0.00615      0.01421     -0.01082
 17.40      0.00000      0.01394     -0.01026
 17.42      0.00307      0.01369     -0.01031
 17.44      0.00613      0.01344     -0.01099
 17.46      0.00153      0.01320     -0.01045
 17.48      0.00153      0.01297     -0.01052
 17.50      0.00153      0.01274     -0.01091
 17.52      0.00153      0.01251     -0.01098
 17.54      0.00305      0.01228     -0.01106
 17.56      0.00000      0.01205     -0.01022
 17.58      0.00000      0.01182     -0.00939
 17.60      0.00456      0.01159     -0.00856
 17.62      0.00455      0.01136     -0.00651
 17.64      0.00606      0.01113     -0.00417
 17.66      0.00908      0.01091     -0.00334
 17.68      0.01058      0.01068     -0.00372
 17.70      0.00755      0.01046     -0.00381
 17.72      0.00151      0.01024     -0.00330
 17.74      0.00452      0.01003     -0.00190
 17.76      0.01053      0.00982     -0.00140
 17.78      0.01654      0.00962      0.00030
 17.80      0.00901      0.00942      0.00200
 17.82      0.00900      0.00922      0.00128
 17.84      0.01198      0.00902     -0.00063
 17.86      0.00599      0.00883     -0.00075
 17.88      0.00598      0.00864     -0.00116
 17.90      0.00747      0.00845     -0.00218
 17.92      0.00597      0.00827     -0.00141
 17.94      0.00596      0.00808      0.00056
 17.96      0.00893      0.00790      0.00191
 17.98      0.01487      0.00773      0.00356
 18.00      0.01337      0.00756      0.00343
 18.02      0.01335      0.00739      0.00270
 18.04      0.00445      0.00723      0.00078
 18.06      0.00444      0.00706     -0.00114
 18.08      0.00444      0.00690     -0.00306
 18.10      0.00295      0.00675     -0.00291
 18.12      0.00295      0.00659     -0.00217
 18.14      0.00442      0.00644     -0.00261
 18.16      0.00736      0.00629     -0.00246
 18.18      0.00147      0.00614     -0.00172
 18.20      0.00294      0.00599     -0.00217
 18.22      0.00587      0.00585     -0.00233
 18.24      0.00147      0.00571     -0.00190
 18.26      0.00585      0.00557     -0.00060
 18.28      0.00292      0.00544      0.00069
 18.30      0.00876      0.00531      0.00315
 18.32      0.01167      0.00519      0.00444
 18.34      0.01312      0.00506      0.00485
 18.36      0.01165      0.00494      0.00410
 18.38      0.00436      0.00481      0.00276
 18.40      0.00436      0.00469      0.00084
 18.42      0.00435      0.00456     -0.00137
 18.44      0.00290      0.00444     -0.00212
 18.46      0.00000      0.00432     -0.00287
 18.48      0.00000      0.00420     -0.00362
 18.50      0.00000      0.00408     -0.00408
 18.52      0.00000      0.00396     -0.00396
 18.54      0.00000      0.00384     -0.00384
 18.56      0.00000      0.00372     -0.00372
 18.58      0.00000      0.00361     -0.00361
 18.60      0.00000      0.00350     -0.00350
 18.62      0.00000      0.00338     -0.00338
 18.64      0.00000      0.00328     -0.00328
 18.66      0.00000      0.00317     -0.00317
 18.68      0.00000      0.00307     -0.00307
 18.70      0.00000      0.00297     -0.00297
 18.72      0.00000      0.00288     -0.00288
 18.74      0.00000      0.00279     -0.00251
 18.76      0.00000      0.00270     -0.00242
 18.78      0.00142      0.00262     -0.00205
 18.80      0.00000      0.00254     -0.00197
 18.82      0.00142      0.00246     -0.00104
 18.84      0.00000      0.00239     -0.00097
 18.86      0.00425      0.00232     -0.00062
 18.88      0.00142      0.00225     -0.00084
 18.90      0.00141      0.00219     -0.00021
 18.92      0.00000      0.00213     -0.00072
 18.94      0.00282      0.00208     -0.00095
 18.96      0.00141      0.00202     -0.00061
 18.98      0.00000      0.00197     -0.00056
 19.00      0.00281      0.00191     -0.00107
 19.02      0.00000      0.00186     -0.00130
 19.04      0.00000      0.00180     -0.00124
 19.06      0.00000      0.00175     -0.00175
 19.08      0.00000      0.00170     -0.00170
 19.10      0.00000      0.00165     -0.00165
 19.12      0.00000      0.00160     -0.00160
 19.14      0.00000      0.00155     -0.00155
 19.16      0.00000      0.00150     -0.00150
 19.18      0.00000      0.00145     -0.00145
 19.20      0.00000      0.00140     -0.00140
 19.22      0.00000      0.00136     -0.00136
 19.24      0.00000      0.00132     -0.00132
 19.26      0.00000      0.00128     -0.00128
 19.28      0.00000      0.00124     -0.00124
 19.30      0.00000      0.00121     -0.00121
 19.32      0.00000      0.00118     -0.00118
 19.34      0.00000      0.00114     -0.00114
 19.36      0.00000      0.00111     -0.00111
 19.38      0.00000      0.00107     -0.00107
 19.40      0.00000      0.00104     -0.00104
 19.42      0.00000      0.00101     -0.00101
 19.44      0.00000      0.00097     -0.00097
 19.46      0.00000      0.00094     -0.00094
 19.48      0.00000      0.00091     -0.00091
 19.50      0.00000      0.00088     -0.00088
 19.52      0.00000      0.00085     -0.00085
 19.54      0.00000      0.00081     -0.00081
 19.56      0.00000      0.00078     -0.00078
 19.58      0.00000      0.00075     -0.00075
 19.60      0.00000      0.00072     -0.00072
 19.62      0.00000      0.00069     -0.00069
 19.64      0.00000      0.00066     -0.00066
 19.66      0.00000      0.00063     -0.00063
 19.68      0.00000      0.00060     -0.00060
 19.70      0.00000      0.00057     -0.00057
 19.72      0.00000      0.00054     -0.00054
 19.74      0.00000      0.00052     -0.00052
 19.76      0.00000      0.00049     -0.00049
 19.78      0.00000      0.00046     -0.00046
 19.80      0.00000      0.00044     -0.00044
 19.82      0.00000      0.00041     -0.00041
 19.84      0.00000      0.00039     -0.00039
 19.86      0.00000      0.00037     -0.00037
 19.88      0.00000      0.00035     -0.00035
 19.90      0.00000      0.00033     -0.00033
 19.92      0.00000      0.00031     -0.00031
 19.94      0.00000      0.00029     -0.00029
 19.96      0.00000      0.00027     -0.00027
 19.98      0.00000      0.00025     -0.00025
 20.00      0.00000      0.00024     -0.00024
 20.02      0.00000      0.00022     -0.00022
 20.04      0.00000      0.00021     -0.00021
 20.06      0.00000      0.00019     -0.00019
 20.08      0.00000      0.00018     -0.00018
 20.10      0.00000      0.00017     -0.00017
 20.12      0.00000      0.00016     -0.00016
 20.14      0.00000      0.00015     -0.00015
 20.16      0.00000      0.00014     -0.00014
 20.18      0.00000      0.00013     -0.00013
 20.20      0.00000      0.00012     -0.00012
 20.22      0.00000      0.00011     -0.00011
 20.24      0.00000      0.00010     -0.00010
 20.26      0.00000      0.00009     -0.00009
 20.28      0.00000      0.00008     -0.00008
 20.30      0.00000      0.00007     -0.00007
 20.32      0.00000      0.00007     -0.00007
 20.34      0.00000      0.00006     -0.00006
 20.36      0.00000      0.00005     -0.00005
 20.38      0.00000      0.00005     -0.00005
 20.40      0.00000      0.00005     -0.00005
 20.42      0.00000      0.00004     -0.00004
 20.44      0.00000      0.00004     -0.00004
 20.46      0.00000      0.00004     -0.00004
 20.48      0.00000      0.00004     -0.00004
 20.50      0.00000      0.00003     -0.00003
 20.52      0.00000      0.00003     -0.00003
 20.54      0.00000      0.00003     -0.00003
 20.56      0.00000      0.00003     -0.00003
 20.58      0.00000      0.00003     -0.00003
 20.60      0.00000      0.00003     -0.00003
 20.62      0.00000      0.00002     -0.00002
 20.64      0.00000      0.00002     -0.00002
 20.66      0.00000      0.00002     -0.00002
 20.68      0.00000      0.00002     -0.00002
 20.70      0.00000      0.00002     -0.00002
 20.72      0.00000      0.00002     -0.00002
 20.74      0.00000      0.00001     -0.00001
 20.76      0.00000      0.00001     -0.00001
 20.78      0.00000      0.00001     -0.00001
 20.80      0.00000      0.00001     -0.00001
 20.82      0.00000      0.00001     -0.00001
 20.84      0.00000      0.00001     -0.00001
 20.86      0.00000      0.00001     -0.00001
 20.88      0.00000      0.00000     -0.00000
 20.90      0.00000      0.00000     -0.00000
 20.92      0.00000      0.00000     -0.00000
 20.94      0.00000      0.00000     -0.00000
 20.96      0.00000      0.00000     -0.00000
 20.98      0.00000      0.00000     -0.00000
 21.00      0.00000      0.00000     -0.00000
 21.02      0.00000      0.00000      0.00000
 21.04      0.00000      0.00000      0.00000
 21.06      0.00000      0.00000      0.00000
 21.08      0.00000      0.00000      0.00000
 21.10      0.00000      0.00000      0.00000
 21.12      0.00000      0.00000      0.00000
 21.14      0.00000      0.00000      0.00000
 21.16      0.00000      0.00000      0.00000
 21.18      0.00000      0.00000      0.00000
 21.20      0.00000      0.00000      0.00000
 21.22      0.00000      0.00000      0.00000
 21.24      0.00000      0.00000      0.00000
 21.26      0.00000      0.00000      0.00000
 21.28      0.00000      0.00000      0.00000
 21.30      0.00000      0.00000      0.00000
 21.32      0.00000      0.00000      0.00000
 21.34      0.00000      0.00000      0.00000
 21.36      0.00000      0.00000      0.00000
 21.38      0.00000      0.00000      0.00000
 21.40      0.00000      0.00000      0.00000
 21.42      0.00000      0.00000      0.00000
 21.44      0.00000      0.00000      0.00000
 21.46      0.00000      0.00000      0.00000
 21.48      0.00000      0.00000      0.00000
 21.50      0.00000      0.00000      0.00000
 21.52      0.00000      0.00000      0.00000
 21.54      0.00000      0.00000      0.00000
 21.56      0.00000      0.00000      0.00000
 21.58      0.00000      0.00000      0.00000
 21.60      0.00000      0.00000      0.00000
 21.62      0.00000      0.00000      0.00000
 21.64      0.00000      0.00000      0.00000
 21.66      0.00000      0.00000      0.00000
 21.68      0.00000      0.00000      0.00000
 21.70      0.00000      0.00000      0.00000
 21.72      0.00000      0.00000      0.00000
 21.74      0.00000      0.00000      0.00000
 21.76      0.00000      0.00000      0.00000
 21.78      0.00000      0.00000      0.00000
 21.80      0.00000      0.00000      0.00000
 21.82      0.00000      0.00000      0.00000
 21.84      0.00000      0.00000      0.00000
 21.86      0.00000      0.00000      0.00000
 21.88      0.00000      0.00000      0.00000
 21.90      0.00000      0.00000      0.00000
 21.92      0.00000      0.00000      0.00000
 21.94      0.00000      0.00000      0.00000
 21.96      0.00000      0.00000      0.00000
 21.98      0.00000      0.00000      0.00000
 22.00      0.00000      0.00000      0.00000
 22.02      0.00000      0.00000      0.00000
 22.04      0.00000      0.00000      0.00000
 22.06      0.00000      0.00000      0.00000
 22.08      0.00000      0.00000      0.00000
 22.10      0.00000      0.00000      0.00000
 22.12      0.00000      0.00000      0.00000
 22.14      0.00000      0.00000      0.00000
 22.16      0.00000      0.00000      0.00000
 22.18      0.00000      0.00000      0.00000
 22.20      0.00000      0.00000      0.00000
 22.22      0.00000      0.00000      0.00000
 22.24      0.00000      0.00000      0.00000
 22.26      0.00000      0.00000      0.00000
 22.28      0.00000      0.00000      0.00000
 22.30      0.00000      0.00000      0.00000
 22.32      0.00000      0.00000      0.00000
 22.34      0.00000      0.00000      0.00000
 22.36      0.00000      0.00000      0.00000
 22.38      0.00000      0.00000      0.00000
 22.40      0.00000      0.00000      0.00000
 22.42      0.00000      0.00000      0.00000
 22.44      0.00000      0.00000      0.00000
 22.46      0.00000      0.00000      0.00000
 22.48      0.00000      0.00000      0.00000
 22.50      0.00000      0.00000      0.00000
 22.52      0.00000      0.00000      0.00000
 22.54      0.00000      0.00000      0.00000
 22.56      0.00000      0.00000      0.00000
 22.58      0.00000      0.00000      0.00000
 22.60      0.00000      0.00000      0.00000
 22.62      0.00000      0.00000      0.00000
 22.64      0.00000      0.00000      0.00000
 22.66      0.00000      0.00000      0.00000
 22.68      0.00000      0.00000      0.00000
 22.70      0.00000      0.00000      0.00000
 22.72      0.00000      0.00000      0.00000
 22.74      0.00000      0.00000      0.00000
 22.76      0.00000      0.00000      0.00000
 22.78      0.00000      0.00000      0.00000
 22.80      0.00000      0.00000      0.00000
 22.82      0.00000      0.00000      0.00000
 22.84      0.00000      0.00000      0.00000
 22.86      0.00000      0.00000      0.00000
 22.88      0.00000      0.00000      0.00000
 22.90      0.00000      0.00000      0.00000
 22.92      0.00000      0.00000      0.00000
 22.94      0.00000      0.00000      0.00000
 22.96      0.00000      0.00000      0.00000
 22.98      0.00000      0.00000      0.00000
 23.00      0.00000      0.00000      0.00000
 23.02      0.00000      0.00000      0.00000
 23.04      0.00000      0.00000      0.00000
 23.06      0.00000      0.00000      0.00000
 23.08      0.00000      0.00000      0.00000
 23.10      0.00000      0.00000      0.00000
 23.12      0.00000      0.00000      0.00000
 23.14      0.00000      0.00000      0.00000
 23.16      0.00000      0.00000      0.00000
 23.18      0.00000      0.00000      0.00000
 23.20      0.00000      0.00000      0.00000
 23.22      0.00000      0.00000      0.00000
 23.24      0.00000      0.00000      0.00000
 23.26      0.00000      0.00000      0.00000
 23.28      0.00000      0.00000      0.00000
 23.30      0.00000      0.00000      0.00000
 23.32      0.00000      0.00000      0.00000
 23.34      0.00000      0.00000      0.00000
 23.36      0.00000      0.00000      0.00000
 23.38      0.00000      0.00000      0.00000
 23.40      0.00000      0.00000      0.00000
 23.42      0.00000      0.00000      0.00000
 23.44      0.00000      0.00000      0.00000
 23.46      0.00000      0.00000      0.00000
 23.48      0.00000      0.00000      0.00000
 23.50      0.00000      0.00000      0.00000
 23.52      0.00000      0.00000      0.00000
 23.54      0.00000      0.00000      0.00000
 23.56      0.00000      0.00000      0.00000
 23.58      0.00000      0.00000      0.00000
 23.60      0.00000      0.00000      0.00000
 23.62      0.00000      0.00000      0.00000
 23.64      0.00000      0.00000      0.00000
 23.66      0.00000      0.00000      0.00000
 23.68      0.00000      0.00000      0.00000
 23.70      0.00000      0.00000      0.00000
 23.72      0.00000      0.00000      0.00000
 23.74      0.00000      0.00000      0.00000
 23.76      0.00000      0.00000      0.00000
 23.78      0.00000      0.00000      0.00000
 23.80      0.00000      0.00000      0.00000
 23.82      0.00000      0.00000      0.00000
 23.84      0.00000      0.00000      0.00000
 23.86      0.00000      0.00000      0.00000
 23.88      0.00000      0.00000      0.00000
 23.90      0.00000      0.00000      0.00000
 23.92      0.00000      0.00000      0.00000
 23.94      0.00000      0.00000      0.00000
 23.96      0.00000      0.00000      0.00000
 23.98      0.00000      0.00000      0.00000
 24.00      0.00000      0.00000      0.00000
 24.02      0.00000      0.00000      0.00000
 24.04      0.00000      0.00000      0.00000
 24.06      0.00000      0.00000      0.00000
 24.08      0.00000      0.00000      0.00000
 24.10      0.00000      0.00000      0.00000
 24.12      0.00000      0.00000      0.00000
 24.14      0.00000      0.00000      0.00000
 24.16      0.00000      0.00000      0.00000
 24.18      0.00000      0.00000      0.00000
 24.20      0.00000      0.00000      0.00000
 24.22      0.00000      0.00000      0.00000
 24.24      0.00000      0.00000      0.00000
 24.26      0.00000      0.00000      0.00000
 24.28      0.00000      0.00000      0.00000
 24.30      0.00000      0.00000      0.00000
 24.32      0.00000      0.00000      0.00000
 24.34      0.00000      0.00000      0.00000
 24.36      0.00000      0.00000      0.00000
 24.38      0.00000      0.00000      0.00000
 24.40      0.00000      0.00000      0.00000
 24.42      0.00000      0.00000      0.00000
 24.44      0.00000      0.00000      0.00000
 24.46      0.00000      0.00000      0.00000
 24.48      0.00000      0.00000      0.00000
 24.50      0.00000      0.00000      0.00000
 24.52      0.00000      0.00000      0.00000
 24.54      0.00000      0.00000      0.00000
 24.56      0.00000      0.00000      0.00000
 24.58      0.00000      0.00000      0.00000
 24.60      0.00000      0.00000      0.00000
 24.62      0.00000      0.00000      0.00000
 24.64      0.00000      0.00000      0.00000
 24.66      0.00000      0.00000      0.00000
 24.68      0.00000      0.00000      0.00000
 24.70      0.00000      0.00000      0.00000
 24.72      0.00000      0.00000      0.00000
 24.74      0.00000      0.00000      0.00000
 24.76      0.00000      0.00000      0.00000
 24.78      0.00000      0.00000      0.00000
 24.80      0.00000      0.00000      0.00000
 24.82      0.00000      0.00000      0.00000
 24.84      0.00000      0.00000      0.00000
 24.86      0.00000      0.00000      0.00000
 24.88      0.00000      0.00000      0.00000
 24.90      0.00000      0.00000      0.00000
 24.92      0.00000      0.00000      0.00000
 24.94      0.00000      0.00000      0.00000
 24.96      0.00000      0.00000      0.00000
 24.98      0.00000      0.00000      0.00000
 25.00      0.00000      0.00000      0.00000
 25.02      0.00000      0.00000      0.00000
 25.04      0.00000      0.00000      0.00000
 25.06      0.00000      0.00000      0.00000
 25.08      0.00000      0.00000      0.00000
 25.10      0.00000      0.00000      0.00000
 25.12      0.00000      0.00000      0.00000
 25.14      0.00000      0.00000      0.00000
 25.16      0.00000      0.00000      0.00000
 25.18      0.00000      0.00000      0.00000
 25.20      0.00000      0.00000      0.00000
 25.22      0.00000      0.00000      0.00000
 25.24      0.00000      0.00000      0.00000
 25.26      0.00000      0.00000      0.00000
 25.28      0.00000      0.00000      0.00000
 25.30      0.00000      0.00000      0.00000
 25.32      0.00000      0.00000      0.00000
 25.34      0.00000      0.00000      0.00000
 25.36      0.00000      0.00000      0.00000
 25.38      0.00000      0.00000      0.00000
 25.40      0.00000      0.00000      0.00000
 25.42      0.00000      0.00000      0.00000
 25.44      0.00000      0.00000      0.00000
 25.46      0.00000      0.00000      0.00000
 25.48      0.00000      0.00000      0.00000
 25.50      0.00000      0.00000      0.00000
 25.52      0.00000      0.00000      0.00000
 25.54      0.00000      0.00000      0.00000
 25.56      0.00000      0.00000      0.00000
 25.58      0.00000      0.00000      0.00000
 25.60      0.00000      0.00000      0.00000
 25.62      0.00000      0.00000      0.00000
 25.64      0.00000      0.00000      0.00000
 25.66      0.00000      0.00000      0.00000
 25.68      0.00000      0.00000      0.00000
 25.70      0.00000      0.00000      0.00000
 25.72      0.00000      0.00000      0.00000
 25.74      0.00000      0.00000      0.00000
 25.76      0.00000      0.00000      0.00000
 25.78      0.00000      0.00000      0.00000
 25.80      0.00000      0.00000      0.00000
 25.82      0.00000      0.00000      0.00000
 25.84      0.00000      0.00000      0.00000
 25.86      0.00000      0.00000      0.00000
 25.88      0.00000      0.00000      0.00000
 25.90      0.00000      0.00000      0.00000
 25.92      0.00000      0.00000      0.00000
 25.94      0.00000      0.00000      0.00000
 25.96      0.00000      0.00000      0.00000
 25.98      0.00000      0.00000      0.00000
 26.00      0.00000      0.00000      0.00000
 26.02      0.00000      0.00000      0.00000
 26.04      0.00000      0.00000      0.00000
 26.06      0.00000      0.00000      0.00000
 26.08      0.00000      0.00000      0.00000
 26.10      0.00000      0.00000      0.00000
 26.12      0.00000      0.00000      0.00000
 26.14      0.00000      0.00000      0.00000
 26.16      0.00000      0.00000      0.00000
 26.18      0.00000      0.00000      0.00000
 26.20      0.00000      0.00000      0.00000
 26.22      0.00000      0.00000      0.00000
 26.24      0.00000      0.00000      0.00000
 26.26      0.00000      0.00000      0.00000
 26.28      0.00000      0.00000      0.00000
 26.30      0.00000      0.00000      0.00000
 26.32      0.00000      0.00000      0.00000
 26.34      0.00000      0.00000      0.00000
 26.36      0.00000      0.00000      0.00000
 26.38      0.00000      0.00000      0.00000
 26.40      0.00000      0.00000      0.00000
 26.42      0.00000      0.00000      0.00000
 26.44      0.00000      0.00000      0.00000
 26.46      0.00000      0.00000      0.00000
 26.48      0.00000      0.00000      0.00000
 26.50      0.00000      0.00000      0.00000
 26.52      0.00000      0.00000      0.00000
 26.54      0.00000      0.00000      0.00000
 26.56      0.00000      0.00000      0.00000
 26.58      0.00000      0.00000      0.00000
 26.60      0.00000      0.00000      0.00000
 26.62      0.00000      0.00000      0.00000
 26.64      0.00000      0.00000      0.00000
 26.66      0.00000      0.00000      0.00000
 26.68      0.00000      0.00000      0.00000
 26.70      0.00000      0.00000      0.00000
 26.72      0.00000      0.00000      0.00000
 26.74      0.00000      0.00000      0.00000
 26.76      0.00000      0.00000      0.00000
 26.78      0.00000      0.00000      0.00000
 26.80      0.00000      0.00000      0.00000
 26.82      0.00000      0.00000      0.00000
 26.84      0.00000      0.00000      0.00000
 26.86      0.00000      0.00000      0.00000
 26.88      0.00000      0.00000      0.00000
 26.90      0.00000      0.00000      0.00000
 26.92      0.00000      0.00000      0.00000
 26.94      0.00000      0.00000      0.00000
 26.96      0.00000      0.00000      0.00000
 26.98      0.00000      0.00000      0.00000
 27.00      0.00000      0.00000      0.00000
 27.02      0.00000      0.00000      0.00000
 27.04      0.00000      0.00000      0.00000
 27.06      0.00000      0.00000      0.00000
 27.08      0.00000      0.00000      0.00000
 27.10      0.00000      0.00000      0.00000
 27.12      0.00000      0.00000      0.00000
 27.14      0.00000      0.00000      0.00000
 27.16      0.00000      0.00000      0.00000
 27.18      0.00000      0.00000      0.00000
 27.20      0.00000      0.00000      0.00000
 27.22      0.00000      0.00000      0.00000
 27.24      0.00000      0.00000      0.00000
 27.26      0.00000      0.00000      0.00000
 27.28      0.00000      0.00000      0.00000
 27.30      0.00000      0.00000      0.00000
 27.32      0.00000      0.00000      0.00000
 27.34      0.00000      0.00000      0.00000
 27.36      0.00000      0.00000      0.00000
 27.38      0.00000      0.00000      0.00000
 27.40      0.00000      0.00000      0.00000
 27.42      0.00000      0.00000      0.00000
 27.44      0.00000      0.00000      0.00000
 27.46      0.00000      0.00000      0.00000
 27.48      0.00000      0.00000      0.00000
 27.50      0.00000      0.00000      0.00000
 27.52      0.00000      0.00000      0.00000
 27.54      0.00000      0.00000      0.00000
 27.56      0.00000      0.00000      0.00000
 27.58      0.00000      0.00000      0.00000
 27.60      0.00000      0.00000      0.00000
 27.62      0.00000      0.00000      0.00000
 27.64      0.00000      0.00000      0.00000
 27.66      0.00000      0.00000      0.00000
 27.68      0.00000      0.00000      0.00000
 27.70      0.00000      0.00000      0.00000
 27.72      0.00000      0.00000      0.00000
 27.74      0.00000      0.00000      0.00000
 27.76      0.00000      0.00000      0.00000
 27.78      0.00000      0.00000      0.00000
 27.80      0.00000      0.00000      0.00000
 27.82      0.00000      0.00000      0.00000
 27.84      0.00000      0.00000      0.00000
 27.86      0.00000      0.00000      0.00000
 27.88      0.00000      0.00000      0.00000
 27.90      0.00000      0.00000      0.00000
 27.92      0.00000      0.00000      0.00000
 27.94      0.00000      0.00000      0.00000
 27.96      0.00000      0.00000      0.00000
 27.98      0.00000      0.00000      0.00000
 28.00      0.00000      0.00000      0.00000
 28.02      0.00000      0.00000      0.00000
 28.04      0.00000      0.00000      0.00000
 28.06      0.00000      0.00000      0.00000
 28.08      0.00000      0.00000      0.00000
 28.10      0.00000      0.00000      0.00000
 28.12      0.00000      0.00000      0.00000
 28.14      0.00000      0.00000      0.00000
 28.16      0.00000      0.00000      0.00000
 28.18      0.00000      0.00000      0.00000
 28.20      0.00000      0.00000      0.00000
 28.22      0.00000      0.00000      0.00000
 28.24      0.00000      0.00000      0.00000
 28.26      0.00000      0.00000      0.00000
 28.28      0.00000      0.00000      0.00000
 28.30      0.00000      0.00000      0.00000
 28.32      0.00000      0.00000      0.00000
 28.34      0.00000      0.00000      0.00000
 28.36      0.00000      0.00000      0.00000
 28.38      0.00000      0.00000      0.00000
 28.40      0.00000      0.00000      0.00000
 28.42      0.00000      0.00000      0.00000
 28.44      0.00000      0.00000      0.00000
 28.46      0.00000      0.00000      0.00000
 28.48      0.00000      0.00000      0.00000
 28.50      0.00000      0.00000      0.00000
 28.52      0.00000      0.00000      0.00000
 28.54      0.00000      0.00000      0.00000
 28.56      0.00000      0.00000      0.00000
 28.58      0.00000      0.00000      0.00000
 28.60      0.00000      0.00000      0.00000
 28.62      0.00000      0.00000      0.00000
 28.64      0.00000      0.00000      0.00000
 28.66      0.00000      0.00000      0.00000
 28.68      0.00000      0.00000      0.00000
 28.70      0.00000      0.00000      0.00000
 28.72      0.00000      0.00000      0.00000
 28.74      0.00000      0.00000      0.00000
 28.76      0.00000      0.00000      0.00000
 28.78      0.00000      0.00000      0.00000
 28.80      0.00000      0.00000      0.00000
 28.82      0.00000      0.00000      0.00000
 28.84      0.00000      0.00000      0.00000
 28.86      0.00000      0.00000      0.00000
 28.88      0.00000      0.00000      0.00000
 28.90      0.00000      0.00000      0.00000
 28.92      0.00000      0.00000      0.00000
 28.94      0.00000      0.00000      0.00000
 28.96      0.00000      0.00000      0.00000
 28.98      0.00000      0.00000      0.00000
 29.00      0.00000      0.00000      0.00000
 29.02      0.00000      0.00000      0.00000
 29.04      0.00000      0.00000      0.00000
 29.06      0.00000      0.00000      0.00000
 29.08      0.00000      0.00000      0.00000
 29.10      0.00000      0.00000      0.00000
 29.12      0.00000      0.00000      0.00000
 29.14      0.00000      0.00000      0.00000
 29.16      0.00000      0.00000      0.00000
 29.18      0.00000      0.00000      0.00000
 29.20      0.00000      0.00000      0.00000
 29.22      0.00000      0.00000      0.00000
 29.24      0.00000      0.00000      0.00000
 29.26      0.00000      0.00000      0.00000
 29.28      0.00000      0.00000      0.00000
 29.30      0.00000      0.00000      0.00000
 29.32      0.00000      0.00000      0.00000
 29.34      0.00000      0.00000      0.00000
 29.36      0.00000      0.00000      0.00000
 29.38      0.00000      0.00000      0.00000
 29.40      0.00000      0.00000      0.00000
 29.42      0.00000      0.00000      0.00000
 29.44      0.00000      0.00000      0.00000
 29.46      0.00000      0.00000      0.00000
 29.48      0.00000      0.00000      0.00000
 29.50      0.00000      0.00000      0.00000
 29.52      0.00000      0.00000      0.00000
 29.54      0.00000      0.00000      0.00000
 29.56      0.00000      0.00000      0.00000
 29.58      0.00000      0.00000      0.00000
 29.60      0.00000      0.00000      0.00000
 29.62      0.00000      0.00000      0.00000
 29.64      0.00000      0.00000      0.00000
 29.66      0.00000      0.00000      0.00000
 29.68      0.00000      0.00000      0.00000
 29.70      0.00000      0.00000      0.00000
 29.72      0.00000      0.00000      0.00000
 29.74      0.00000      0.00000      0.00000
 29.76      0.00000      0.00000      0.00000
 29.78      0.00000      0.00000      0.00000
 29.80      0.00000      0.00000      0.00000
 29.82      0.00000      0.00000      0.00000
 29.84      0.00000      0.00000      0.00000
 29.86      0.00000      0.00000      0.00000
 29.88      0.00000      0.00000      0.00000
 29.90      0.00000      0.00000      0.00000
 29.92      0.00000      0.00000      0.00000
 29.94      0.00000      0.00000      0.00000
 29.96      0.00000      0.00000      0.00000
 29.98      0.00000      0.00000      0.00000
 30.00      0.00000      0.00000      0.00000
 30.02      0.00000      0.00000      0.00000
 30.04      0.00000      0.00000      0.00000
 30.06      0.00000      0.00000      0.00000
 30.08      0.00000      0.00000      0.00000
 30.10      0.00000      0.00000      0.00000
 30.12      0.00000      0.00000      0.00000
 30.14      0.00000      0.00000      0.00000
 30.16      0.00000      0.00000      0.00000
 30.18      0.00000      0.00000      0.00000
 30.20      0.00000      0.00000      0.00000
 30.22      0.00000      0.00000      0.00000
 30.24      0.00000      0.00000      0.00000
 30.26      0.00000      0.00000      0.00000
 30.28      0.00000      0.00000      0.00000
 30.30      0.00000      0.00000      0.00000
 30.32      0.00000      0.00000      0.00000
 30.34      0.00000      0.00000      0.00000
 30.36      0.00000      0.00000      0.00000
 30.38      0.00000      0.00000      0.00000
 30.40      0.00000      0.00000      0.00000
 30.42      0.00000      0.00000      0.00000
 30.44      0.00000      0.00000      0.00000
 30.46      0.00000      0.00000      0.00000
 30.48      0.00000      0.00000      0.00000
 30.50      0.00000      0.00000      0.00000
 30.52      0.00000      0.00000      0.00000
 30.54      0.00000      0.00000      0.00000
 30.56      0.00000      0.00000      0.00000
 30.58      0.00000      0.00000      0.00000
 30.60      0.00000      0.00000      0.00000
 30.62      0.00000      0.00000      0.00000
 30.64      0.00000      0.00000      0.00000
 30.66      0.00000      0.00000      0.00000
 30.68      0.00000      0.00000      0.00000
 30.70      0.00000      0.00000      0.00000
 30.72      0.00000      0.00000      0.00000
 30.74      0.00000      0.00000      0.00000
 30.76      0.00000      0.00000      0.00000
 30.78      0.00000      0.00000      0.00000
 30.80      0.00000      0.00000      0.00000
 30.82      0.00000      0.00000      0.00000
 30.84      0.00000      0.00000      0.00000
 30.86      0.00000      0.00000      0.00000
 30.88      0.00000      0.00000      0.00000
 30.90      0.00000      0.00000      0.00000
 30.92      0.00000      0.00000      0.00000
 30.94      0.00000      0.00000      0.00000
 30.96      0.00000      0.00000      0.00000
 30.98      0.00000      0.00000      0.00000
 31.00      0.00000      0.00000      0.00000
 31.02      0.00000      0.00000      0.00000
 31.04      0.00000      0.00000      0.00000
 31.06      0.00000      0.00000      0.00000
 31.08      0.00000      0.00000      0.00000
 31.10      0.00000      0.00000      0.00000
 31.12      0.00000      0.00000      0.00000
 31.14      0.00000      0.00000      0.00000
 31.16      0.00000      0.00000      0.00000
 31.18      0.00000      0.00000      0.00000
 31.20      0.00000      0.00000      0.00000
 31.22      0.00000      0.00000      0.00000
 31.24      0.00000      0.00000      0.00000
 31.26      0.00000      0.00000      0.00000
 31.28      0.00000      0.00000      0.00000
 31.30      0.00000      0.00000      0.00000
 31.32      0.00000      0.00000      0.00000
 31.34      0.00000      0.00000      0.00000
 31.36      0.00000      0.00000      0.00000
 31.38      0.00000      0.00000      0.00000
 31.40      0.00000      0.00000      0.00000
 31.42      0.00000      0.00000      0.00000
 31.44      0.00000      0.00000      0.00000
 31.46      0.00000      0.00000      0.00000
 31.48      0.00000      0.00000      0.00000
 31.50      0.00000      0.00000      0.00000
 31.52      0.00000      0.00000      0.00000
 31.54      0.00000      0.00000      0.00000
 31.56      0.00000      0.00000      0.00000
 31.58      0.00000      0.00000      0.00000
 31.60      0.00000      0.00000      0.00000
 31.62      0.00000      0.00000      0.00000
 31.64      0.00000      0.00000      0.00000
 31.66      0.00000      0.00000      0.00000
 31.68      0.00000      0.00000      0.00000
 31.70      0.00000      0.00000      0.00000
 31.72      0.00000      0.00000      0.00000
 31.74      0.00000      0.00000      0.00000
 31.76      0.00000      0.00000      0.00000
 31.78      0.00000      0.00000      0.00000
 31.80      0.00000      0.00000      0.00000
 31.82      0.00000      0.00000      0.00000
 31.84      0.00000      0.00000      0.00000
 31.86      0.00000      0.00000      0.00000
 31.88      0.00000      0.00000      0.00000
 31.90      0.00000      0.00000      0.00000
 31.92      0.00000      0.00000      0.00000
 31.94      0.00000      0.00000      0.00000
 31.96      0.00000      0.00000      0.00000
 31.98      0.00000      0.00000      0.00000
 32.00      0.00000      0.00000      0.00000
