 #r(A)        h(r)         Base         G(r)
  0.02      0.00000      0.00000      0.00000
  0.04      0.00000      0.00000      0.00000
  0.06      0.00000      0.00000      0.00000
  0.08      0.00000      0.00000      0.00000
  0.10      0.00000      0.00000      0.00000
  0.12      0.00000      0.00000      0.00000
  0.14      0.00000      0.00000      0.00000
  0.16      0.00000      0.00000      0.00000
  0.18      0.00000      0.00000      0.00000
  0.20      0.00000      0.00000      0.00000
  0.22      0.00000      0.00000      0.00000
  0.24      0.00000      0.00000      0.00000
  0.26      0.00000      0.00000      0.00000
  0.28      0.00000      0.00000      0.00000
  0.30      0.00000      0.00000      0.00000
  0.32      0.00000      0.00000      0.00000
  0.34      0.00000      0.00000      0.00000
  0.36      0.00000      0.00000      0.00000
  0.38      0.00000      0.00000      0.00000
  0.40      0.00000      0.00000      0.00000
  0.42      0.00000      0.00000      0.00000
  0.44      0.00000      0.00000      0.00000
  0.46      0.00000      0.00000      0.00000
  0.48      0.00000      0.00000      0.00000
  0.50      0.00000      0.00000      0.00000
  0.52      0.00000      0.00000      0.00000
  0.54      0.00000      0.00000      0.00000
  0.56      0.00000      0.00000      0.00000
  0.58      0.00000      0.00000      0.00000
  0.60      0.00000      0.00000      0.00000
  0.62      0.00000      0.00000      0.00000
  0.64      0.00000      0.00000      0.00000
  0.66      0.00000      0.00000      0.00000
  0.68      0.00000      0.00000      0.00000
  0.70      0.00000      0.00000      0.00000
  0.72      0.00000      0.00000      0.00000
  0.74      0.00000      0.00000      0.00000
  0.76      0.00000      0.00049     -0.00049
  0.78      0.00000      0.00098     -0.00098
  0.80      0.00000      0.00147     -0.00147
  0.82      0.00000      0.00196     -0.00196
  0.84      0.00000      0.00245     -0.00245
  0.86      0.00000      0.00293     -0.00293
  0.88      0.00000      0.00342     -0.00342
  0.90      0.00000      0.00391     -0.00391
  0.92      0.00000      0.00440     -0.00440
  0.94      0.00000      0.00489     -0.00489
  0.96      0.00000      0.00538     -0.00538
  0.98      0.00000      0.00587     -0.00587
  1.00      0.00000      0.00636     -0.00636
  1.02      0.00000      0.00685     -0.00685
  1.04      0.00000      0.00734     -0.00734
  1.06      0.00000      0.00783     -0.00783
  1.08      0.00000      0.00831     -0.00831
  1.10      0.00000      0.00880     -0.00880
  1.12      0.00000      0.00929     -0.00929
  1.14      0.00000      0.00978     -0.00978
  1.16      0.00000      0.01027     -0.01027
  1.18      0.00000      0.01076     -0.01076
  1.20      0.00000      0.01125     -0.01125
  1.22      0.00000      0.01174     -0.01174
  1.24      0.00000      0.01223     -0.01223
  1.26      0.00000      0.01272     -0.01272
  1.28      0.00000      0.01320     -0.01320
  1.30      0.00000      0.01369     -0.01369
  1.32      0.00000      0.01418     -0.01418
  1.34      0.00000      0.01467     -0.01467
  1.36      0.00000      0.01516     -0.01516
  1.38      0.00000      0.01565     -0.01565
  1.40      0.00000      0.01614     -0.01614
  1.42      0.00000      0.01663     -0.01663
  1.44      0.00000      0.01712     -0.01712
  1.46      0.00000      0.01761     -0.01761
  1.48      0.00000      0.01810     -0.01810
  1.50      0.00000      0.01858     -0.01858
  1.52      0.00000      0.01907     -0.01907
  1.54      0.00000      0.01956     -0.01956
  1.56      0.00000      0.02005     -0.02005
  1.58      0.00000      0.02054     -0.02054
  1.60      0.00000      0.02103     -0.02103
  1.62      0.00000      0.02152     -0.02152
  1.64      0.00000      0.02201     -0.02201
  1.66      0.00000      0.02250     -0.02250
  1.68      0.00000      0.02299     -0.02299
  1.70      0.00000      0.02348     -0.02348
  1.72      0.00000      0.02396     -0.02396
  1.74      0.00000      0.02445     -0.02445
  1.76      0.00000      0.02494     -0.02494
  1.78      0.00000      0.02543     -0.02543
  1.80      0.00000      0.02592     -0.02592
  1.82      0.00000      0.02641     -0.02641
  1.84      0.00000      0.02690     -0.02690
  1.86      0.00000      0.02739     -0.02739
  1.88      0.00000      0.02788     -0.02788
  1.90      0.00000      0.02837     -0.02837
  1.92      0.00000      0.02902     -0.02902
  1.94      0.00000      0.02967     -0.02967
  1.96      0.00000      0.03032     -0.03032
  1.98      0.00000      0.03097     -0.03097
  2.00      0.00000      0.03162     -0.03162
  2.02      0.00000      0.03227     -0.03227
  2.04      0.00000      0.03292     -0.03292
  2.06      0.00000      0.03357     -0.03357
  2.08      0.00000      0.03422     -0.03422
  2.10      0.00000      0.03487     -0.03487
  2.12      0.00000      0.03552     -0.03552
  2.14      0.00000      0.03617     -0.03617
  2.16      0.00000      0.03682     -0.03682
  2.18      0.00000      0.03747     -0.03747
  2.20      0.00000      0.03812     -0.03812
  2.22      0.00000      0.03877     -0.03877
  2.24      0.00000      0.03942     -0.03942
  2.26      0.00000      0.04007     -0.04007
  2.28      0.00000      0.04072     -0.04072
  2.30      0.00000      0.04137     -0.04137
  2.32      0.00000      0.04202     -0.04202
  2.34      0.00000      0.04267     -0.04267
  2.36      0.00000      0.04332     -0.04332
  2.38      0.00000      0.04397     -0.04397
  2.40      0.00000      0.04462     -0.04462
  2.42      0.00000      0.04527     -0.04527
  2.44      0.00000      0.04592     -0.04592
  2.46      0.00000      0.04657     -0.04657
  2.48      0.00000      0.04722     -0.04722
  2.50      0.00000      0.04787     -0.04787
  2.52      0.00000      0.04853     -0.04853
  2.54      0.00000      0.04918     -0.04918
  2.56      0.00000      0.04983     -0.04983
  2.58      0.00000      0.05048     -0.05048
  2.60      0.00000      0.05113     -0.05113
  2.62      0.00000      0.05178     -0.05178
  2.64      0.00000      0.05243     -0.05243
  2.66      0.00000      0.05308     -0.05308
  2.68      0.00000      0.05373     -0.05373
  2.70      0.00000      0.05438     -0.05438
  2.72      0.00000      0.05503      0.94276
  2.74      0.00000      0.05568      0.94211
  2.76      4.98893      0.05633      0.94146
  2.78      0.00000      0.05600      0.94178
  2.80      0.00000      0.05617      0.94161
  2.82      0.00000      0.05634     -0.05634
  2.84      0.00000      0.05652     -0.05652
  2.86      0.00000      0.05669     -0.05669
  2.88      0.00000      0.05686     -0.05686
  2.90      0.00000      0.05703     -0.05703
  2.92      0.00000      0.05720     -0.05720
  2.94      0.00000      0.05737     -0.05737
  2.96      0.00000      0.05755     -0.05755
  2.98      0.00000      0.05772     -0.05772
  3.00      0.00000      0.05789     -0.05789
  3.02      0.00000      0.05806     -0.05806
  3.04      0.00000      0.05823     -0.05823
  3.06      0.00000      0.05840     -0.05840
  3.08      0.00000      0.05857     -0.05857
  3.10      0.00000      0.05875     -0.05875
  3.12      0.00000      0.05892     -0.05892
  3.14      0.00000      0.05909     -0.05909
  3.16      0.00000      0.05926     -0.05926
  3.18      0.00000      0.05943     -0.05943
  3.20      0.00000      0.05960     -0.05960
  3.22      0.00000      0.05978     -0.05978
  3.24      0.00000      0.05995     -0.05995
  3.26      0.00000      0.06012     -0.06012
  3.28      0.00000      0.06029     -0.06029
  3.30      0.00000      0.06046     -0.06046
  3.32      0.00000      0.06063     -0.06063
  3.34      0.00000      0.06081     -0.06081
  3.36      0.00000      0.06098     -0.06098
  3.38      0.00000      0.06115     -0.06115
  3.40      0.00000      0.06132     -0.06132
  3.42      0.00000      0.06149     -0.06149
  3.44      0.00000      0.06166     -0.06166
  3.46      0.00000      0.06183     -0.06183
  3.48      0.00000      0.06201     -0.06201
  3.50      0.00000      0.06218     -0.06218
  3.52      0.00000      0.06235     -0.06235
  3.54      0.00000      0.06273     -0.06273
  3.56      0.00000      0.06311     -0.06311
  3.58      0.00000      0.06348     -0.06348
  3.60      0.00000      0.06386     -0.06386
  3.62      0.00000      0.06424     -0.06424
  3.64      0.00000      0.06462     -0.06462
  3.66      0.00000      0.06500     -0.06500
  3.68      0.00000      0.06537     -0.06537
  3.70      0.00000      0.06575     -0.06575
  3.72      0.00000      0.06613     -0.06613
  3.74      0.00000      0.06651     -0.06651
  3.76      0.00000      0.06689     -0.06689
  3.78      0.00000      0.06726     -0.06726
  3.80      0.00000      0.06764     -0.06764
  3.82      0.00000      0.06802     -0.06802
  3.84      0.00000      0.06840     -0.06840
  3.86      0.00000      0.06878     -0.06878
  3.88      0.00000      0.06916      0.25982
  3.90      0.00000      0.06953      0.25944
  3.92      1.64485      0.06991      0.25906
  3.94      0.00000      0.06997      0.25900
  3.96      0.00000      0.07002      0.25895
  3.98      0.00000      0.07008     -0.07008
  4.00      0.00000      0.07013     -0.07013
  4.02      0.00000      0.07019     -0.07019
  4.04      0.00000      0.07024     -0.07024
  4.06      0.00000      0.07030     -0.07030
  4.08      0.00000      0.07036     -0.07036
  4.10      0.00000      0.07041     -0.07041
  4.12      0.00000      0.07047     -0.07047
  4.14      0.00000      0.07052     -0.07052
  4.16      0.00000      0.07058     -0.07058
  4.18      0.00000      0.07063     -0.07063
  4.20      0.00000      0.07104     -0.07104
  4.22      0.00000      0.07145     -0.07145
  4.24      0.00000      0.07186     -0.07186
  4.26      0.00000      0.07226     -0.07226
  4.28      0.00000      0.07267     -0.07267
  4.30      0.00000      0.07308     -0.07308
  4.32      0.00000      0.07349     -0.07349
  4.34      0.00000      0.07390     -0.07390
  4.36      0.00000      0.07430     -0.07430
  4.38      0.00000      0.07471     -0.07471
  4.40      0.00000      0.07512     -0.07512
  4.42      0.00000      0.07553     -0.07553
  4.44      0.00000      0.07593     -0.07593
  4.46      0.00000      0.07634     -0.07634
  4.48      0.00000      0.07675     -0.07675
  4.50      0.00000      0.07716     -0.07716
  4.52      0.00000      0.07756     -0.07756
  4.54      0.00000      0.07797     -0.07797
  4.56      0.00000      0.07838     -0.07838
  4.58      0.00000      0.07879     -0.07879
  4.60      0.00000      0.07920     -0.07920
  4.62      0.00000      0.07960     -0.07960
  4.64      0.00000      0.08001     -0.08001
  4.66      0.00000      0.08042     -0.08042
  4.68      0.00000      0.08083     -0.08083
  4.70      0.00000      0.08123     -0.08123
  4.72      0.00000      0.08164     -0.08164
  4.74      0.00000      0.08205     -0.08205
  4.76      0.00000      0.08246      0.93640
  4.78      0.00000      0.08297      0.93589
  4.80      5.09429      0.08397      0.93489
  4.82      0.00000      0.08397      0.93489
  4.84      0.00000      0.08397      0.93489
  4.86      0.00000      0.08397     -0.08397
  4.88      0.00000      0.08397     -0.08397
  4.90      0.00000      0.08398     -0.08398
  4.92      0.00000      0.08398     -0.08398
  4.94      0.00000      0.08398     -0.08398
  4.96      0.00000      0.08398     -0.08398
  4.98      0.00000      0.08398     -0.08398
  5.00      0.00000      0.08398     -0.08398
  5.02      0.00000      0.08398     -0.08398
  5.04      0.00000      0.08399     -0.08399
  5.06      0.00000      0.08399     -0.08399
  5.08      0.00000      0.08399     -0.08399
  5.10      0.00000      0.08399     -0.08399
  5.12      0.00000      0.08399     -0.08399
  5.14      0.00000      0.08399     -0.08399
  5.16      0.00000      0.08400     -0.08400
  5.18      0.00000      0.08400     -0.08400
  5.20      0.00000      0.08400     -0.08400
  5.22      0.00000      0.08400     -0.08400
  5.24      0.00000      0.08400     -0.08400
  5.26      0.00000      0.08400     -0.08400
  5.28      0.00000      0.08401     -0.08401
  5.30      0.00000      0.08401     -0.08401
  5.32      0.00000      0.08401     -0.08401
  5.34      0.00000      0.08456     -0.08456
  5.36      0.00000      0.08511     -0.08511
  5.38      0.00000      0.08566     -0.08566
  5.40      0.00000      0.08622     -0.08622
  5.42      0.00000      0.08677     -0.08677
  5.44      0.00000      0.08732     -0.08732
  5.46      0.00000      0.08787     -0.08787
  5.48      0.00000      0.08842     -0.08842
  5.50      0.00000      0.08898      0.33238
  5.52      0.00000      0.08953      0.33183
  5.54      2.10678      0.09008      0.33128
  5.56      0.00000      0.09022      0.33114
  5.58      0.00000      0.09036      0.33100
  5.60      0.00000      0.09050     -0.09050
  5.62      0.00000      0.09064     -0.09064
  5.64      0.00000      0.09078     -0.09078
  5.66      0.00000      0.09091     -0.09091
  5.68      0.00000      0.09105     -0.09105
  5.70      0.00000      0.09119     -0.09119
  5.72      0.00000      0.09133     -0.09133
  5.74      0.00000      0.09147     -0.09147
  5.76      0.00000      0.09161     -0.09161
  5.78      0.00000      0.09175     -0.09175
  5.80      0.00000      0.09189     -0.09189
  5.82      0.00000      0.09203     -0.09203
  5.84      0.00000      0.09223     -0.09223
  5.86      0.00000      0.09243     -0.09243
  5.88      0.00000      0.09263     -0.09263
  5.90      0.00000      0.09283     -0.09283
  5.92      0.00000      0.09303     -0.09303
  5.94      0.00000      0.09323     -0.09323
  5.96      0.00000      0.09360     -0.09360
  5.98      0.00000      0.09396     -0.09396
  6.00      0.00000      0.09432     -0.09432
  6.02      0.00000      0.09468     -0.09468
  6.04      0.00000      0.09505     -0.09505
  6.06      0.00000      0.09541     -0.09541
  6.08      0.00000      0.09577     -0.09577
  6.10      0.00000      0.09613     -0.09613
  6.12      0.00000      0.09650     -0.09650
  6.14      0.00000      0.09686     -0.09686
  6.16      0.00000      0.09722      0.62103
  6.18      0.00000      0.09758      0.62067
  6.20      3.59126      0.09795      0.62031
  6.22      0.00000      0.09760      0.62065
  6.24      0.00000      0.09726      0.62099
  6.26      0.00000      0.09692     -0.09692
  6.28      0.00000      0.09658     -0.09658
  6.30      0.00000      0.09624     -0.09624
  6.32      0.00000      0.09623     -0.09623
  6.34      0.00000      0.09623     -0.09623
  6.36      0.00000      0.09623     -0.09623
  6.38      0.00000      0.09622     -0.09622
  6.40      0.00000      0.09622     -0.09622
  6.42      0.00000      0.09621     -0.09621
  6.44      0.00000      0.09621     -0.09621
  6.46      0.00000      0.09621     -0.09621
  6.48      0.00000      0.09620     -0.09620
  6.50      0.00000      0.09620     -0.09620
  6.52      0.00000      0.09620     -0.09620
  6.54      0.00000      0.09619     -0.09619
  6.56      0.00000      0.09619     -0.09619
  6.58      0.00000      0.09618     -0.09618
  6.60      0.00000      0.09618     -0.09618
  6.62      0.00000      0.09618     -0.09618
  6.64      0.00000      0.09617     -0.09617
  6.66      0.00000      0.09617     -0.09617
  6.68      0.00000      0.09616     -0.09616
  6.70      0.00000      0.09616     -0.09616
  6.72      0.00000      0.09616     -0.09616
  6.74      0.00000      0.09615      0.11522
  6.76      0.00000      0.09615      0.11522
  6.78      1.05684      0.09635      0.11502
  6.80      0.00000      0.09635      0.11502
  6.82      0.00000      0.09634      0.11503
  6.84      0.00000      0.09684     -0.09684
  6.86      0.00000      0.09733     -0.09733
  6.88      0.00000      0.09783     -0.09783
  6.90      0.00000      0.09832     -0.09832
  6.92      0.00000      0.09882     -0.09882
  6.94      0.00000      0.09931     -0.09931
  6.96      0.00000      0.09981     -0.09981
  6.98      0.00000      0.10030     -0.10030
  7.00      0.00000      0.10080     -0.10080
  7.02      0.00000      0.10129     -0.10129
  7.04      0.00000      0.10179     -0.10179
  7.06      0.00000      0.10228     -0.10228
  7.08      0.00000      0.10278     -0.10278
  7.10      0.00000      0.10327     -0.10327
  7.12      0.00000      0.10377     -0.10377
  7.14      0.00000      0.10426     -0.10426
  7.16      0.00000      0.10476     -0.10476
  7.18      0.00000      0.10525     -0.10525
  7.20      0.00000      0.10594     -0.10594
  7.22      0.00000      0.10662     -0.10662
  7.24      0.00000      0.10731     -0.10731
  7.26      0.00000      0.10799     -0.10799
  7.28      0.00000      0.10868     -0.10868
  7.30      0.00000      0.10937      1.01379
  7.32      0.00000      0.11005      1.01310
  7.34      5.61576      0.11074      1.01241
  7.36      0.00000      0.11032      1.01283
  7.38      0.00000      0.10991      1.01324
  7.40      0.00000      0.10949     -0.10949
  7.42      0.00000      0.10908     -0.10908
  7.44      0.00000      0.10866     -0.10866
  7.46      0.00000      0.10825     -0.10825
  7.48      0.00000      0.10783     -0.10783
  7.50      0.00000      0.10742     -0.10742
  7.52      0.00000      0.10700     -0.10700
  7.54      0.00000      0.10659     -0.10659
  7.56      0.00000      0.10617     -0.10617
  7.58      0.00000      0.10597     -0.10597
  7.60      0.00000      0.10576     -0.10576
  7.62      0.00000      0.10572     -0.10572
  7.64      0.00000      0.10569     -0.10569
  7.66      0.00000      0.10566     -0.10566
  7.68      0.00000      0.10563     -0.10563
  7.70      0.00000      0.10559     -0.10559
  7.72      0.00000      0.10556     -0.10556
  7.74      0.00000      0.10553     -0.10553
  7.76      0.00000      0.10550     -0.10550
  7.78      0.00000      0.10546     -0.10546
  7.80      0.00000      0.10543      0.02144
  7.82      0.00000      0.10540      0.02147
  7.84      0.63436      0.10537      0.02151
  7.86      0.00000      0.10521      0.02166
  7.88      0.00000      0.10505      0.02182
  7.90      0.00000      0.10490     -0.10490
  7.92      0.00000      0.10474     -0.10474
  7.94      0.00000      0.10458     -0.10458
  7.96      0.00000      0.10442     -0.10442
  7.98      0.00000      0.10427     -0.10427
  8.00      0.00000      0.10460     -0.10460
  8.02      0.00000      0.10494     -0.10494
  8.04      0.00000      0.10527     -0.10527
  8.06      0.00000      0.10561     -0.10561
  8.08      0.00000      0.10594     -0.10594
  8.10      0.00000      0.10628     -0.10628
  8.12      0.00000      0.10662     -0.10662
  8.14      0.00000      0.10695     -0.10695
  8.16      0.00000      0.10729     -0.10729
  8.18      0.00000      0.10762     -0.10762
  8.20      0.00000      0.10796     -0.10796
  8.22      0.00000      0.10829     -0.10829
  8.24      0.00000      0.10898     -0.10898
  8.26      0.00000      0.10967     -0.10967
  8.28      0.00000      0.11035      0.57898
  8.30      0.00000      0.11104      0.57829
  8.32      3.44666      0.11173      0.57760
  8.34      0.00000      0.11174      0.57759
  8.36      0.00000      0.11175      0.57758
  8.38      0.00000      0.11176     -0.11176
  8.40      0.00000      0.11178     -0.11178
  8.42      0.00000      0.11179     -0.11179
  8.44      0.00000      0.11180     -0.11180
  8.46      0.00000      0.11181     -0.11181
  8.48      0.00000      0.11182     -0.11182
  8.50      0.00000      0.11184     -0.11184
  8.52      0.00000      0.11185     -0.11185
  8.54      0.00000      0.11186     -0.11186
  8.56      0.00000      0.11187     -0.11187
  8.58      0.00000      0.11188     -0.11188
  8.60      0.00000      0.11189     -0.11189
  8.62      0.00000      0.11191     -0.11191
  8.64      0.00000      0.11192     -0.11192
  8.66      0.00000      0.11193     -0.11193
  8.68      0.00000      0.11194     -0.11194
  8.70      0.00000      0.11195     -0.11195
  8.72      0.00000      0.11196     -0.11196
  8.74      0.00000      0.11226      0.30896
  8.76      0.00000      0.11256      0.30866
  8.78      2.10611      0.11286      0.30837
  8.80      0.00000      0.11274      0.30848
  8.82      0.00000      0.11273      0.30849
  8.84      0.00000      0.11272     -0.11272
  8.86      0.00000      0.11271     -0.11271
  8.88      0.00000      0.11270     -0.11270
  8.90      0.00000      0.11268     -0.11268
  8.92      0.00000      0.11267     -0.11267
  8.94      0.00000      0.11266     -0.11266
  8.96      0.00000      0.11265     -0.11265
  8.98      0.00000      0.11264     -0.11264
  9.00      0.00000      0.11263     -0.11263
  9.02      0.00000      0.11261     -0.11261
  9.04      0.00000      0.11260     -0.11260
  9.06      0.00000      0.11259     -0.11259
  9.08      0.00000      0.11258     -0.11258
  9.10      0.00000      0.11264     -0.11264
  9.12      0.00000      0.11269     -0.11269
  9.14      0.00000      0.11274     -0.11274
  9.16      0.00000      0.11280      0.27725
  9.18      0.00000      0.11285      0.27720
  9.20      1.95026      0.11291      0.27714
  9.22      0.00000      0.11258      0.27747
  9.24      0.00000      0.11225      0.27780
  9.26      0.00000      0.11193     -0.11193
  9.28      0.00000      0.11160     -0.11160
  9.30      0.00000      0.11127     -0.11127
  9.32      0.00000      0.11094     -0.11094
  9.34      0.00000      0.11062     -0.11062
  9.36      0.00000      0.11029     -0.11029
  9.38      0.00000      0.11051     -0.11051
  9.40      0.00000      0.11074     -0.11074
  9.42      0.00000      0.11096     -0.11096
  9.44      0.00000      0.11143     -0.11143
  9.46      0.00000      0.11191     -0.11191
  9.48      0.00000      0.11238     -0.11238
  9.50      0.00000      0.11286     -0.11286
  9.52      0.00000      0.11333     -0.11333
  9.54      0.00000      0.11381     -0.11381
  9.56      0.00000      0.11428     -0.11428
  9.58      0.00000      0.11476      0.24407
  9.60      0.00000      0.11523      0.24359
  9.62      1.79415      0.11571      0.24312
  9.64      0.00000      0.11583      0.24300
  9.66      0.00000      0.11596      0.24287
  9.68      0.00000      0.11608     -0.11608
  9.70      0.00000      0.11620     -0.11620
  9.72      0.00000      0.11633     -0.11633
  9.74      0.00000      0.11645     -0.11645
  9.76      0.00000      0.11657     -0.11657
  9.78      0.00000      0.11685     -0.11685
  9.80      0.00000      0.11712     -0.11712
  9.82      0.00000      0.11739     -0.11739
  9.84      0.00000      0.11766     -0.11766
  9.86      0.00000      0.11794     -0.11794
  9.88      0.00000      0.11827     -0.11827
  9.90      0.00000      0.11861     -0.11861
  9.92      0.00000      0.11894     -0.11894
  9.94      0.00000      0.11927     -0.11927
  9.96      0.00000      0.11961      0.88489
  9.98      0.00000      0.11994      0.88455
 10.00      5.02249      0.12028      0.88422
 10.02      0.00000      0.11963      0.88487
 10.04      0.00000      0.11898      0.88552
 10.06      0.00000      0.11833     -0.11833
 10.08      0.00000      0.11768     -0.11768
 10.10      0.00000      0.11736     -0.11736
 10.12      0.00000      0.11705     -0.11705
 10.14      0.00000      0.11674     -0.11674
 10.16      0.00000      0.11642     -0.11642
 10.18      0.00000      0.11611     -0.11611
 10.20      0.00000      0.11579     -0.11579
 10.22      0.00000      0.11548     -0.11548
 10.24      0.00000      0.11517     -0.11517
 10.26      0.00000      0.11485     -0.11485
 10.28      0.00000      0.11454     -0.11454
 10.30      0.00000      0.11422     -0.11422
 10.32      0.00000      0.11391     -0.11391
 10.34      0.00000      0.11359     -0.11359
 10.36      0.00000      0.11362     -0.11362
 10.38      0.00000      0.11364     -0.11364
 10.40      0.00000      0.11367     -0.11367
 10.42      0.00000      0.11379     -0.11379
 10.44      0.00000      0.11392     -0.11392
 10.46      0.00000      0.11405     -0.11405
 10.48      0.00000      0.11418     -0.11418
 10.50      0.00000      0.11431     -0.11431
 10.52      0.00000      0.11444     -0.11444
 10.54      0.00000      0.11457     -0.11457
 10.56      0.00000      0.11470     -0.11470
 10.58      0.00000      0.11483     -0.11483
 10.60      0.00000      0.11496     -0.11496
 10.62      0.00000      0.11509     -0.11509
 10.64      0.00000      0.11522     -0.11522
 10.66      0.00000      0.11535     -0.11535
 10.68      0.00000      0.11548     -0.11548
 10.70      0.00000      0.11561      0.46800
 10.72      0.00000      0.11594      0.46767
 10.74      2.91808      0.11627      0.46734
 10.76      0.00000      0.11603      0.46758
 10.78      0.00000      0.11579      0.46783
 10.80      0.00000      0.11555     -0.11555
 10.82      0.00000      0.11551     -0.11551
 10.84      0.00000      0.11548     -0.11548
 10.86      0.00000      0.11544     -0.11544
 10.88      0.00000      0.11541     -0.11541
 10.90      0.00000      0.11537     -0.11537
 10.92      0.00000      0.11534     -0.11534
 10.94      0.00000      0.11530     -0.11530
 10.96      0.00000      0.11527     -0.11527
 10.98      0.00000      0.11523     -0.11523
 11.00      0.00000      0.11520     -0.11520
 11.02      0.00000      0.11526     -0.11526
 11.04      0.00000      0.11532     -0.11532
 11.06      0.00000      0.11538      0.02017
 11.08      0.00000      0.11543      0.02011
 11.10      0.67773      0.11549      0.02005
 11.12      0.00000      0.11542      0.02012
 11.14      0.00000      0.11535      0.02020
 11.16      0.00000      0.11528     -0.11528
 11.18      0.00000      0.11520     -0.11520
 11.20      0.00000      0.11513     -0.11513
 11.22      0.00000      0.11506     -0.11506
 11.24      0.00000      0.11517     -0.11517
 11.26      0.00000      0.11529     -0.11529
 11.28      0.00000      0.11541     -0.11541
 11.30      0.00000      0.11553     -0.11553
 11.32      0.00000      0.11583     -0.11583
 11.34      0.00000      0.11613     -0.11613
 11.36      0.00000      0.11642     -0.11642
 11.38      0.00000      0.11672     -0.11672
 11.40      0.00000      0.11702      0.39733
 11.42      0.00000      0.11732      0.39703
 11.44      2.57174      0.11762      0.39673
 11.46      0.00000      0.11742      0.39693
 11.48      0.00000      0.11721      0.39714
 11.50      0.00000      0.11700     -0.11700
 11.52      0.00000      0.11680     -0.11680
 11.54      0.00000      0.11659     -0.11659
 11.56      0.00000      0.11639     -0.11639
 11.58      0.00000      0.11618     -0.11618
 11.60      0.00000      0.11601     -0.11601
 11.62      0.00000      0.11583     -0.11583
 11.64      0.00000      0.11565     -0.11565
 11.66      0.00000      0.11565     -0.11565
 11.68      0.00000      0.11565     -0.11565
 11.70      0.00000      0.11565     -0.11565
 11.72      0.00000      0.11565     -0.11565
 11.74      0.00000      0.11565      0.18865
 11.76      0.00000      0.11565      0.18865
 11.78      1.52151      0.11565      0.18865
 11.80      0.00000      0.11535      0.18895
 11.82      0.00000      0.11505      0.18925
 11.84      0.00000      0.11475     -0.11475
 11.86      0.00000      0.11445     -0.11445
 11.88      0.00000      0.11444     -0.11444
 11.90      0.00000      0.11442     -0.11442
 11.92      0.00000      0.11441     -0.11441
 11.94      0.00000      0.11439     -0.11439
 11.96      0.00000      0.11438     -0.11438
 11.98      0.00000      0.11437     -0.11437
 12.00      0.00000      0.11435     -0.11435
 12.02      0.00000      0.11434     -0.11434
 12.04      0.00000      0.11482     -0.11482
 12.06      0.00000      0.11529      0.56974
 12.08      0.00000      0.11577      0.56926
 12.10      3.42515      0.11625      0.56878
 12.12      0.00000      0.11606      0.56897
 12.14      0.00000      0.11586      0.56917
 12.16      0.00000      0.11575     -0.11575
 12.18      0.00000      0.11563     -0.11563
 12.20      0.00000      0.11552     -0.11552
 12.22      0.00000      0.11540     -0.11540
 12.24      0.00000      0.11529     -0.11529
 12.26      0.00000      0.11517     -0.11517
 12.28      0.00000      0.11505     -0.11505
 12.30      0.00000      0.11494     -0.11494
 12.32      0.00000      0.11482     -0.11482
 12.34      0.00000      0.11471     -0.11471
 12.36      0.00000      0.11459     -0.11459
 12.38      0.00000      0.11448      0.10218
 12.40      0.00000      0.11436      0.10230
 12.42      1.08330      0.11454      0.10212
 12.44      0.00000      0.11451      0.10215
 12.46      0.00000      0.11448      0.10218
 12.48      0.00000      0.11445     -0.11445
 12.50      0.00000      0.11441     -0.11441
 12.52      0.00000      0.11438     -0.11438
 12.54      0.00000      0.11435     -0.11435
 12.56      0.00000      0.11432     -0.11432
 12.58      0.00000      0.11429     -0.11429
 12.60      0.00000      0.11425     -0.11425
 12.62      0.00000      0.11422     -0.11422
 12.64      0.00000      0.11419     -0.11419
 12.66      0.00000      0.11416     -0.11416
 12.68      0.00000      0.11413      0.29509
 12.70      0.00000      0.11424      0.29498
 12.72      2.04610      0.11435      0.29487
 12.74      0.00000      0.11405      0.29517
 12.76      0.00000      0.11376      0.29546
 12.78      0.00000      0.11376     -0.11376
 12.80      0.00000      0.11375     -0.11375
 12.82      0.00000      0.11375     -0.11375
 12.84      0.00000      0.11374     -0.11374
 12.86      0.00000      0.11373     -0.11373
 12.88      0.00000      0.11373     -0.11373
 12.90      0.00000      0.11372     -0.11372
 12.92      0.00000      0.11372     -0.11372
 12.94      0.00000      0.11371     -0.11371
 12.96      0.00000      0.11377     -0.11377
 12.98      0.00000      0.11383      0.07994
 13.00      0.00000      0.11390      0.07988
 13.02      0.96888      0.11396      0.07982
 13.04      0.00000      0.11383      0.07995
 13.06      0.00000      0.11370      0.08008
 13.08      0.00000      0.11357     -0.11357
 13.10      0.00000      0.11344     -0.11344
 13.12      0.00000      0.11332     -0.11332
 13.14      0.00000      0.11325     -0.11325
 13.16      0.00000      0.11319     -0.11319
 13.18      0.00000      0.11313     -0.11313
 13.20      0.00000      0.11307     -0.11307
 13.22      0.00000      0.11301     -0.11301
 13.24      0.00000      0.11294     -0.11294
 13.26      0.00000      0.11288     -0.11288
 13.28      0.00000      0.11282      0.25616
 13.30      0.00000      0.11276      0.25622
 13.32      1.84489      0.11270      0.25628
 13.34      0.00000      0.11227      0.25670
 13.36      0.00000      0.11185      0.25713
 13.38      0.00000      0.11143     -0.11143
 13.40      0.00000      0.11100     -0.11100
 13.42      0.00000      0.11058     -0.11058
 13.44      0.00000      0.11016     -0.11016
 13.46      0.00000      0.10998     -0.10998
 13.48      0.00000      0.11005     -0.11005
 13.50      0.00000      0.11012     -0.11012
 13.52      0.00000      0.11019     -0.11019
 13.54      0.00000      0.11027     -0.11027
 13.56      0.00000      0.11034     -0.05193
 13.58      0.00000      0.11041     -0.05201
 13.60      0.29203      0.11048     -0.05208
 13.62      0.00000      0.11050     -0.05209
 13.64      0.00000      0.11051     -0.05211
 13.66      0.00000      0.11053     -0.11053
 13.68      0.00000      0.11054     -0.11054
 13.70      0.00000      0.11057     -0.11057
 13.72      0.00000      0.11060     -0.11060
 13.74      0.00000      0.11063     -0.11063
 13.76      0.00000      0.11066     -0.11066
 13.78      0.00000      0.11069     -0.11069
 13.80      0.00000      0.11072     -0.11072
 13.82      0.00000      0.11090     -0.11090
 13.84      0.00000      0.11108      0.47035
 13.86      0.00000      0.11126      0.47017
 13.88      2.90716      0.11144      0.46999
 13.90      0.00000      0.11105      0.47039
 13.92      0.00000      0.11065      0.47078
 13.94      0.00000      0.11048     -0.11048
 13.96      0.00000      0.11032     -0.11032
 13.98      0.00000      0.11015     -0.11015
 14.00      0.00000      0.10998     -0.10998
 14.02      0.00000      0.10981     -0.10981
 14.04      0.00000      0.10964     -0.10964
 14.06      0.00000      0.10947     -0.10947
 14.08      0.00000      0.10930     -0.10930
 14.10      0.00000      0.10913     -0.10913
 14.12      0.00000      0.10896      0.04948
 14.14      0.00000      0.10913      0.04931
 14.16      0.79220      0.10930      0.04914
 14.18      0.00000      0.10931      0.04913
 14.20      0.00000      0.10942      0.04902
 14.22      0.00000      0.10954     -0.10954
 14.24      0.00000      0.10966     -0.10966
 14.26      0.00000      0.10978     -0.10978
 14.28      0.00000      0.10989     -0.10989
 14.30      0.00000      0.11001     -0.11001
 14.32      0.00000      0.11013     -0.11013
 14.34      0.00000      0.11024     -0.11024
 14.36      0.00000      0.11036     -0.11036
 14.38      0.00000      0.11048      0.49378
 14.40      0.00000      0.11060      0.49367
 14.42      3.02131      0.11081      0.49345
 14.44      0.00000      0.11044      0.49382
 14.46      0.00000      0.11017      0.49409
 14.48      0.00000      0.10990     -0.10990
 14.50      0.00000      0.10964     -0.10964
 14.52      0.00000      0.10937     -0.10937
 14.54      0.00000      0.10910     -0.10910
 14.56      0.00000      0.10883     -0.10883
 14.58      0.00000      0.10857     -0.10857
 14.60      0.00000      0.10830     -0.10830
 14.62      0.00000      0.10803     -0.10803
 14.64      0.00000      0.10776     -0.10776
 14.66      0.00000      0.10757      0.18051
 14.68      0.00000      0.10737      0.18070
 14.70      1.44038      0.10718      0.18090
 14.72      0.00000      0.10670      0.18137
 14.74      0.00000      0.10623      0.18185
 14.76      0.00000      0.10595     -0.10595
 14.78      0.00000      0.10567     -0.10567
 14.80      0.00000      0.10540     -0.10540
 14.82      0.00000      0.10512     -0.10512
 14.84      0.00000      0.10485     -0.10485
 14.86      0.00000      0.10457     -0.10457
 14.88      0.00000      0.10429     -0.10429
 14.90      0.00000      0.10425     -0.10425
 14.92      0.00000      0.10421      0.03331
 14.94      0.00000      0.10417      0.03335
 14.96      0.68759      0.10412      0.03339
 14.98      0.00000      0.10395      0.03357
 15.00      0.00000      0.10377      0.03375
 15.02      0.00000      0.10359     -0.10359
 15.04      0.00000      0.10341     -0.10341
 15.06      0.00000      0.10333     -0.10333
 15.08      0.00000      0.10325     -0.10325
 15.10      0.00000      0.10317     -0.10317
 15.12      0.00000      0.10313     -0.10313
 15.14      0.00000      0.10309     -0.10309
 15.16      0.00000      0.10305     -0.10305
 15.18      0.00000      0.10301     -0.10301
 15.20      0.00000      0.10297     -0.10297
 15.22      0.00000      0.10293     -0.10293
 15.24      0.00000      0.10290     -0.10290
 15.26      0.00000      0.10286     -0.10286
 15.28      0.00000      0.10282     -0.10282
 15.30      0.00000      0.10278     -0.10278
 15.32      0.00000      0.10274     -0.10274
 15.34      0.00000      0.10279     -0.10279
 15.36      0.00000      0.10301     -0.10301
 15.38      0.00000      0.10324     -0.10324
 15.40      0.00000      0.10347     -0.10347
 15.42      0.00000      0.10369      0.39381
 15.44      0.00000      0.10392      0.39358
 15.46      2.48752      0.10415      0.39336
 15.48      0.00000      0.10389      0.39362
 15.50      0.00000      0.10363      0.39388
 15.52      0.00000      0.10337     -0.10337
 15.54      0.00000      0.10310     -0.10310
 15.56      0.00000      0.10288     -0.10288
 15.58      0.00000      0.10266     -0.10266
 15.60      0.00000      0.10244     -0.10244
 15.62      0.00000      0.10222     -0.10222
 15.64      0.00000      0.10203     -0.10203
 15.66      0.00000      0.10184     -0.07219
 15.68      0.00000      0.10165     -0.07200
 15.70      0.14823      0.10145     -0.07181
 15.72      0.00000      0.10123     -0.07159
 15.74      0.00000      0.10101     -0.07137
 15.76      0.00000      0.10079     -0.10079
 15.78      0.00000      0.10065     -0.10065
 15.80      0.00000      0.10051     -0.10051
 15.82      0.00000      0.10036     -0.10036
 15.84      0.00000      0.10022     -0.10022
 15.86      0.00000      0.10008     -0.10008
 15.88      0.00000      0.09993     -0.09993
 15.90      0.00000      0.09979      0.35313
 15.92      0.00000      0.09993      0.35299
 15.94      2.26461      0.10008      0.35285
 15.96      0.00000      0.09977      0.35315
 15.98      0.00000      0.09947      0.35345
 16.00      0.00000      0.09925     -0.09925
 16.02      0.00000      0.09902     -0.09902
 16.04      0.00000      0.09879     -0.09879
 16.06      0.00000      0.09856     -0.09856
 16.08      0.00000      0.09834     -0.09834
 16.10      0.00000      0.09811     -0.09811
 16.12      0.00000      0.09788     -0.09788
 16.14      0.00000      0.09766     -0.09766
 16.16      0.00000      0.09743      0.11865
 16.18      0.00000      0.09720      0.11888
 16.20      1.08039      0.09723      0.11885
 16.22      0.00000      0.09705      0.11903
 16.24      0.00000      0.09687      0.11921
 16.26      0.00000      0.09668     -0.09668
 16.28      0.00000      0.09650     -0.09650
 16.30      0.00000      0.09632     -0.09632
 16.32      0.00000      0.09614     -0.09614
 16.34      0.00000      0.09595     -0.09595
 16.36      0.00000      0.09577     -0.09577
 16.38      0.00000      0.09559      0.11087
 16.40      0.00000      0.09541      0.11106
 16.42      1.03231      0.09526      0.11120
 16.44      0.00000      0.09491      0.11155
 16.46      0.00000      0.09485      0.11161
 16.48      0.00000      0.09480     -0.09480
 16.50      0.00000      0.09474     -0.09474
 16.52      0.00000      0.09469     -0.09469
 16.54      0.00000      0.09463     -0.09463
 16.56      0.00000      0.09458     -0.09458
 16.58      0.00000      0.09452     -0.09452
 16.60      0.00000      0.09447     -0.09447
 16.62      0.00000      0.09458      0.05550
 16.64      0.00000      0.09469      0.05540
 16.66      0.75041      0.09479      0.05529
 16.68      0.00000      0.09476      0.05533
 16.70      0.00000      0.09472      0.05537
 16.72      0.00000      0.09468     -0.09468
 16.74      0.00000      0.09478     -0.09478
 16.76      0.00000      0.09488     -0.09488
 16.78      0.00000      0.09498     -0.09498
 16.80      0.00000      0.09509     -0.09509
 16.82      0.00000      0.09519     -0.09519
 16.84      0.00000      0.09529     -0.09529
 16.86      0.00000      0.09539      0.38055
 16.88      0.00000      0.09550      0.38045
 16.90      2.37974      0.09560      0.38035
 16.92      0.00000      0.09523      0.38071
 16.94      0.00000      0.09487      0.38108
 16.96      0.00000      0.09451     -0.09451
 16.98      0.00000      0.09414     -0.09414
 17.00      0.00000      0.09385     -0.09385
 17.02      0.00000      0.09355     -0.09355
 17.04      0.00000      0.09337     -0.09337
 17.06      0.00000      0.09319     -0.09319
 17.08      0.00000      0.09301     -0.00331
 17.10      0.00000      0.09284     -0.00313
 17.12      0.44854      0.09266     -0.00295
 17.14      0.00000      0.09239     -0.00268
 17.16      0.00000      0.09213     -0.00242
 17.18      0.00000      0.09186     -0.09186
 17.20      0.00000      0.09160     -0.09160
 17.22      0.00000      0.09133     -0.09133
 17.24      0.00000      0.09109     -0.09109
 17.26      0.00000      0.09085     -0.09085
 17.28      0.00000      0.09062     -0.09062
 17.30      0.00000      0.09038      0.08210
 17.32      0.00000      0.09014      0.08234
 17.34      0.86239      0.08991      0.08257
 17.36      0.00000      0.08950      0.08298
 17.38      0.00000      0.08909      0.08339
 17.40      0.00000      0.08869     -0.08869
 17.42      0.00000      0.08828     -0.08828
 17.44      0.00000      0.08799     -0.08799
 17.46      0.00000      0.08771     -0.08771
 17.48      0.00000      0.08743     -0.08743
 17.50      0.00000      0.08739     -0.08739
 17.52      0.00000      0.08735     -0.00485
 17.54      0.00000      0.08731     -0.00481
 17.56      0.41248      0.08726     -0.00477
 17.58      0.00000      0.08714     -0.00465
 17.60      0.00000      0.08702     -0.00453
 17.62      0.00000      0.08690     -0.08690
 17.64      0.00000      0.08681     -0.08681
 17.66      0.00000      0.08672     -0.08672
 17.68      0.00000      0.08664     -0.08664
 17.70      0.00000      0.08655     -0.08655
 17.72      0.00000      0.08646     -0.08646
 17.74      0.00000      0.08639      0.07282
 17.76      0.00000      0.08631      0.07290
 17.78      0.79605      0.08624      0.07297
 17.80      0.00000      0.08601      0.07320
 17.82      0.00000      0.08578      0.07343
 17.84      0.00000      0.08560     -0.08560
 17.86      0.00000      0.08542     -0.08542
 17.88      0.00000      0.08524     -0.08524
 17.90      0.00000      0.08506     -0.08506
 17.92      0.00000      0.08488     -0.08488
 17.94      0.00000      0.08470     -0.08470
 17.96      0.00000      0.08452      0.06834
 17.98      0.00000      0.08456      0.06830
 18.00      0.76430      0.08460      0.06826
 18.02      0.00000      0.08457      0.06829
 18.04      0.00000      0.08453      0.06833
 18.06      0.00000      0.08449     -0.08449
 18.08      0.00000      0.08446     -0.08446
 18.10      0.00000      0.08442     -0.08442
 18.12      0.00000      0.08439     -0.08439
 18.14      0.00000      0.08435     -0.08435
 18.16      0.00000      0.08431      0.28012
 18.18      0.00000      0.08428      0.28016
 18.20      1.82219      0.08424      0.28019
 18.22      0.00000      0.08392      0.28052
 18.24      0.00000      0.08370      0.28074
 18.26      0.00000      0.08348     -0.08348
 18.28      0.00000      0.08326     -0.08326
 18.30      0.00000      0.08305     -0.08305
 18.32      0.00000      0.08283     -0.08283
 18.34      0.00000      0.08261     -0.08261
 18.36      0.00000      0.08239     -0.08239
 18.38      0.00000      0.08217     -0.01294
 18.40      0.00000      0.08198     -0.01275
 18.42      0.34616      0.08179     -0.01256
 18.44      0.00000      0.08154     -0.01230
 18.46      0.00000      0.08138     -0.01215
 18.48      0.00000      0.08123     -0.08123
 18.50      0.00000      0.08107     -0.08107
 18.52      0.00000      0.08091     -0.08091
 18.54      0.00000      0.08076     -0.08076
 18.56      0.00000      0.08060     -0.08060
 18.58      0.00000      0.08045      0.25219
 18.60      0.00000      0.08042      0.25222
 18.62      1.66316      0.08038      0.25225
 18.64      0.00000      0.08003      0.25260
 18.66      0.00000      0.07967      0.25296
 18.68      0.00000      0.07931     -0.07931
 18.70      0.00000      0.07903     -0.07903
 18.72      0.00000      0.07875     -0.07875
 18.74      0.00000      0.07846     -0.07846
 18.76      0.00000      0.07818     -0.07818
 18.78      0.00000      0.07790     -0.07790
 18.80      0.00000      0.07761     -0.07761
 18.82      0.00000      0.07733     -0.07733
 18.84      0.00000      0.07705     -0.07705
 18.86      0.00000      0.07677     -0.07677
 18.88      0.00000      0.07648     -0.07648
 18.90      0.00000      0.07620     -0.07620
 18.92      0.00000      0.07592     -0.07592
 18.94      0.00000      0.07587     -0.07587
 18.96      0.00000      0.07589     -0.07589
 18.98      0.00000      0.07592     -0.07592
 19.00      0.00000      0.07594      0.16673
 19.02      0.00000      0.07597      0.16670
 19.04      1.21336      0.07600      0.16668
 19.06      0.00000      0.07578      0.16689
 19.08      0.00000      0.07557      0.16710
 19.10      0.00000      0.07536     -0.07536
 19.12      0.00000      0.07515     -0.07515
 19.14      0.00000      0.07494     -0.07494
 19.16      0.00000      0.07482     -0.07482
 19.18      0.00000      0.07471     -0.07471
 19.20      0.00000      0.07459     -0.01664
 19.22      0.00000      0.07448     -0.01652
 19.24      0.28978      0.07437     -0.01641
 19.26      0.00000      0.07420     -0.01624
 19.28      0.00000      0.07403     -0.01607
 19.30      0.00000      0.07385     -0.07385
 19.32      0.00000      0.07368     -0.07368
 19.34      0.00000      0.07357     -0.07357
 19.36      0.00000      0.07345     -0.07345
 19.38      0.00000      0.07341     -0.07341
 19.40      0.00000      0.07338      0.17601
 19.42      0.00000      0.07335      0.17605
 19.44      1.24696      0.07331      0.17608
 19.46      0.00000      0.07304      0.17636
 19.48      0.00000      0.07276      0.17663
 19.50      0.00000      0.07248     -0.07248
 19.52      0.00000      0.07223     -0.07223
 19.54      0.00000      0.07199     -0.07199
 19.56      0.00000      0.07174     -0.07174
 19.58      0.00000      0.07150     -0.07150
 19.60      0.00000      0.07129     -0.00414
 19.62      0.00000      0.07109     -0.00394
 19.64      0.33578      0.07089     -0.00373
 19.66      0.00000      0.07062     -0.00346
 19.68      0.00000      0.07034     -0.00319
 19.70      0.00000      0.07015     -0.07015
 19.72      0.00000      0.06996     -0.06996
 19.74      0.00000      0.06977     -0.06977
 19.76      0.00000      0.06958     -0.06958
 19.78      0.00000      0.06939     -0.06939
 19.80      0.00000      0.06920      0.03248
 19.82      0.00000      0.06909      0.03259
 19.84      0.50840      0.06897      0.03271
 19.86      0.00000      0.06876      0.03292
 19.88      0.00000      0.06855      0.03313
 19.90      0.00000      0.06834     -0.06834
 19.92      0.00000      0.06812     -0.06812
 19.94      0.00000      0.06791     -0.06791
 19.96      0.00000      0.06770     -0.06770
 19.98      0.00000      0.06748      0.07956
 20.00      0.00000      0.06727      0.07977
 20.02      0.73521      0.06706      0.07998
 20.04      0.00000      0.06686      0.08018
 20.06      0.00000      0.06667      0.08037
 20.08      0.00000      0.06647     -0.06647
 20.10      0.00000      0.06628     -0.06628
 20.12      0.00000      0.06608     -0.06608
 20.14      0.00000      0.06589     -0.06589
 20.16      0.00000      0.06569     -0.06569
 20.18      0.00000      0.06550      0.07520
 20.20      0.00000      0.06530      0.07540
 20.22      0.70351      0.06512      0.07559
 20.24      0.00000      0.06497      0.07573
 20.26      0.00000      0.06482      0.07588
 20.28      0.00000      0.06467     -0.06467
 20.30      0.00000      0.06452     -0.06452
 20.32      0.00000      0.06438     -0.06438
 20.34      0.00000      0.06423     -0.06423
 20.36      0.00000      0.06408     -0.00497
 20.38      0.00000      0.06393     -0.00482
 20.40      0.29557      0.06381     -0.00470
 20.42      0.00000      0.06363     -0.00452
 20.44      0.00000      0.06345     -0.00434
 20.46      0.00000      0.06331     -0.06331
 20.48      0.00000      0.06316     -0.06316
 20.50      0.00000      0.06302     -0.06302
 20.52      0.00000      0.06287     -0.06287
 20.54      0.00000      0.06272     -0.06272
 20.56      0.00000      0.06260      0.19288
 20.58      0.00000      0.06248      0.19300
 20.60      1.27742      0.06236      0.19312
 20.62      0.00000      0.06199      0.19349
 20.64      0.00000      0.06162      0.19387
 20.66      0.00000      0.06141     -0.06141
 20.68      0.00000      0.06120     -0.06120
 20.70      0.00000      0.06099     -0.06099
 20.72      0.00000      0.06078     -0.06078
 20.74      0.00000      0.06066     -0.06066
 20.76      0.00000      0.06053     -0.06053
 20.78      0.00000      0.06040     -0.06040
 20.80      0.00000      0.06028     -0.06028
 20.82      0.00000      0.06015     -0.06015
 20.84      0.00000      0.06002     -0.06002
 20.86      0.00000      0.05990     -0.05990
 20.88      0.00000      0.05977     -0.05977
 20.90      0.00000      0.05967     -0.05967
 20.92      0.00000      0.05956      0.09521
 20.94      0.00000      0.05946      0.09531
 20.96      0.77383      0.05935      0.09541
 20.98      0.00000      0.05910      0.09567
 21.00      0.00000      0.05884      0.09593
 21.02      0.00000      0.05858     -0.05858
 21.04      0.00000      0.05833     -0.05833
 21.06      0.00000      0.05807     -0.05807
 21.08      0.00000      0.05798     -0.05798
 21.10      0.00000      0.05788     -0.05788
 21.12      0.00000      0.05779      0.05271
 21.14      0.00000      0.05769      0.05281
 21.16      0.55250      0.05760      0.05290
 21.18      0.00000      0.05739      0.05311
 21.20      0.00000      0.05719      0.05331
 21.22      0.00000      0.05699     -0.05699
 21.24      0.00000      0.05681     -0.05681
 21.26      0.00000      0.05662     -0.05662
 21.28      0.00000      0.05647     -0.05647
 21.30      0.00000      0.05631      0.05074
 21.32      0.00000      0.05616      0.05089
 21.34      0.53526      0.05600      0.05105
 21.36      0.00000      0.05575      0.05131
 21.38      0.00000      0.05549      0.05157
 21.40      0.00000      0.05525     -0.05525
 21.42      0.00000      0.05501     -0.05501
 21.44      0.00000      0.05477     -0.05477
 21.46      0.00000      0.05452     -0.05452
 21.48      0.00000      0.05441      0.01326
 21.50      0.00000      0.05429      0.01338
 21.52      0.33834      0.05417      0.01350
 21.54      0.00000      0.05399      0.01368
 21.56      0.00000      0.05381      0.01385
 21.58      0.00000      0.05364     -0.05364
 21.60      0.00000      0.05347     -0.05347
 21.62      0.00000      0.05330     -0.05330
 21.64      0.00000      0.05312     -0.05312
 21.66      0.00000      0.05295      0.10897
 21.68      0.00000      0.05281      0.10911
 21.70      0.80962      0.05267      0.10925
 21.72      0.00000      0.05237      0.10955
 21.74      0.00000      0.05214      0.10978
 21.76      0.00000      0.05191     -0.05191
 21.78      0.00000      0.05168     -0.05168
 21.80      0.00000      0.05145     -0.05145
 21.82      0.00000      0.05122     -0.05122
 21.84      0.00000      0.05099     -0.05099
 21.86      0.00000      0.05076     -0.05076
 21.88      0.00000      0.05058     -0.05058
 21.90      0.00000      0.05041     -0.05041
 21.92      0.00000      0.05024     -0.05024
 21.94      0.00000      0.05007     -0.05007
 21.96      0.00000      0.04990     -0.04990
 21.98      0.00000      0.04972     -0.04972
 22.00      0.00000      0.04955      0.12734
 22.02      0.00000      0.04938      0.12752
 22.04      0.88448      0.04921      0.12769
 22.06      0.00000      0.04897      0.12792
 22.08      0.00000      0.04874      0.12816
 22.10      0.00000      0.04850     -0.04850
 22.12      0.00000      0.04827     -0.04827
 22.14      0.00000      0.04803     -0.04803
 22.16      0.00000      0.04780     -0.04780
 22.18      0.00000      0.04756     -0.03359
 22.20      0.00000      0.04733     -0.03335
 22.22      0.06988      0.04712     -0.03314
 22.24      0.00000      0.04689     -0.03291
 22.26      0.00000      0.04673     -0.03276
 22.28      0.00000      0.04657     -0.04657
 22.30      0.00000      0.04642     -0.04642
 22.32      0.00000      0.04626     -0.04626
 22.34      0.00000      0.04610     -0.04610
 22.36      0.00000      0.04594      0.00655
 22.38      0.00000      0.04581      0.00668
 22.40      0.26245      0.04568      0.00681
 22.42      0.00000      0.04550      0.00699
 22.44      0.00000      0.04535      0.00714
 22.46      0.00000      0.04519     -0.04519
 22.48      0.00000      0.04504     -0.04504
 22.50      0.00000      0.04489     -0.04489
 22.52      0.00000      0.04474      0.00558
 22.54      0.00000      0.04458      0.00573
 22.56      0.25157      0.04443      0.00588
 22.58      0.00000      0.04423      0.00608
 22.60      0.00000      0.04403      0.00628
 22.62      0.00000      0.04383     -0.04383
 22.64      0.00000      0.04375     -0.04375
 22.66      0.00000      0.04367     -0.04367
 22.68      0.00000      0.04362     -0.04362
 22.70      0.00000      0.04357      0.12386
 22.72      0.00000      0.04352      0.12391
 22.74      0.83716      0.04346      0.12397
 22.76      0.00000      0.04325      0.12418
 22.78      0.00000      0.04303      0.12440
 22.80      0.00000      0.04282     -0.04282
 22.82      0.00000      0.04260     -0.04260
 22.84      0.00000      0.04239     -0.04239
 22.86      0.00000      0.04218      0.00272
 22.88      0.00000      0.04197      0.00294
 22.90      0.22452      0.04176      0.00315
 22.92      0.00000      0.04150      0.00340
 22.94      0.00000      0.04125      0.00365
 22.96      0.00000      0.04099     -0.04099
 22.98      0.00000      0.04074     -0.04074
 23.00      0.00000      0.04058     -0.04058
 23.02      0.00000      0.04043     -0.04043
 23.04      0.00000      0.04027      0.04656
 23.06      0.00000      0.04012      0.04671
 23.08      0.43417      0.03996      0.04687
 23.10      0.00000      0.03972      0.04711
 23.12      0.00000      0.03948      0.04735
 23.14      0.00000      0.03924     -0.03924
 23.16      0.00000      0.03902     -0.03902
 23.18      0.00000      0.03880     -0.03880
 23.20      0.00000      0.03864      0.00275
 23.22      0.00000      0.03847      0.00291
 23.24      0.20691      0.03830      0.00308
 23.26      0.00000      0.03810      0.00329
 23.28      0.00000      0.03789      0.00349
 23.30      0.00000      0.03771     -0.03771
 23.32      0.00000      0.03752     -0.03752
 23.34      0.00000      0.03734     -0.03734
 23.36      0.00000      0.03716      0.00165
 23.38      0.00000      0.03703      0.00178
 23.40      0.19404      0.03690      0.00191
 23.42      0.00000      0.03673      0.00208
 23.44      0.00000      0.03656      0.00225
 23.46      0.00000      0.03640     -0.03640
 23.48      0.00000      0.03624     -0.03624
 23.50      0.00000      0.03608     -0.03608
 23.52      0.00000      0.03592     -0.01205
 23.54      0.00000      0.03576     -0.01189
 23.56      0.11937      0.03563     -0.01176
 23.58      0.00000      0.03548     -0.01161
 23.60      0.00000      0.03533     -0.01146
 23.62      0.00000      0.03521     -0.03521
 23.64      0.00000      0.03508     -0.03508
 23.66      0.00000      0.03496     -0.03496
 23.68      0.00000      0.03483     -0.03483
 23.70      0.00000      0.03471      0.10544
 23.72      0.00000      0.03458      0.10557
 23.74      0.70075      0.03454      0.10561
 23.76      0.00000      0.03436      0.10579
 23.78      0.00000      0.03418      0.10597
 23.80      0.00000      0.03400     -0.03400
 23.82      0.00000      0.03382     -0.03382
 23.84      0.00000      0.03364     -0.03364
 23.86      0.00000      0.03346     -0.01669
 23.88      0.00000      0.03328     -0.01651
 23.90      0.08385      0.03310     -0.01633
 23.92      0.00000      0.03293     -0.01616
 23.94      0.00000      0.03275     -0.01598
 23.96      0.00000      0.03258     -0.03258
 23.98      0.00000      0.03241     -0.03241
 24.00      0.00000      0.03223     -0.03223
 24.02      0.00000      0.03206      0.04568
 24.04      0.00000      0.03188      0.04585
 24.06      0.38868      0.03171      0.04602
 24.08      0.00000      0.03155      0.04618
 24.10      0.00000      0.03139      0.04634
 24.12      0.00000      0.03123     -0.03123
 24.14      0.00000      0.03107     -0.03107
 24.16      0.00000      0.03091     -0.03091
 24.18      0.00000      0.03075      0.01365
 24.20      0.00000      0.03060      0.01380
 24.22      0.22202      0.03046      0.01395
 24.24      0.00000      0.03027      0.01414
 24.26      0.00000      0.03008      0.01432
 24.28      0.00000      0.02990     -0.02990
 24.30      0.00000      0.02971     -0.02971
 24.32      0.00000      0.02953     -0.02953
 24.34      0.00000      0.02934      0.02765
 24.36      0.00000      0.02917      0.02783
 24.38      0.28497      0.02899      0.02800
 24.40      0.00000      0.02876      0.02824
 24.42      0.00000      0.02853      0.02847
 24.44      0.00000      0.02832     -0.02832
 24.46      0.00000      0.02811     -0.02811
 24.48      0.00000      0.02791     -0.02791
 24.50      0.00000      0.02772     -0.02772
 24.52      0.00000      0.02753     -0.02753
 24.54      0.00000      0.02734     -0.02734
 24.56      0.00000      0.02715     -0.02715
 24.58      0.00000      0.02695     -0.02695
 24.60      0.00000      0.02679     -0.02679
 24.62      0.00000      0.02662     -0.02662
 24.64      0.00000      0.02646      0.02331
 24.66      0.00000      0.02630      0.02347
 24.68      0.24887      0.02614      0.02363
 24.70      0.00000      0.02593      0.02384
 24.72      0.00000      0.02572      0.02405
 24.74      0.00000      0.02551     -0.02551
 24.76      0.00000      0.02530     -0.02530
 24.78      0.00000      0.02519     -0.02519
 24.80      0.00000      0.02507     -0.01298
 24.82      0.00000      0.02496     -0.01286
 24.84      0.06048      0.02485     -0.01275
 24.86      0.00000      0.02472     -0.01262
 24.88      0.00000      0.02459     -0.01250
 24.90      0.00000      0.02447     -0.02447
 24.92      0.00000      0.02434     -0.02434
 24.94      0.00000      0.02424     -0.02424
 24.96      0.00000      0.02413      0.02369
 24.98      0.00000      0.02403      0.02379
 25.00      0.23910      0.02392      0.02390
 25.02      0.00000      0.02377      0.02405
 25.04      0.00000      0.02362      0.02420
 25.06      0.00000      0.02347     -0.02347
 25.08      0.00000      0.02332     -0.02332
 25.10      0.00000      0.02317     -0.02317
 25.12      0.00000      0.02307      0.01729
 25.14      0.00000      0.02296      0.01739
 25.16      0.20179      0.02286      0.01750
 25.18      0.00000      0.02271      0.01764
 25.20      0.00000      0.02257      0.01779
 25.22      0.00000      0.02243     -0.02243
 25.24      0.00000      0.02228     -0.02228
 25.26      0.00000      0.02214      0.02642
 25.28      0.00000      0.02201      0.02655
 25.30      0.24280      0.02189      0.02667
 25.32      0.00000      0.02172      0.02684
 25.34      0.00000      0.02155      0.02701
 25.36      0.00000      0.02139     -0.02139
 25.38      0.00000      0.02124     -0.02124
 25.40      0.00000      0.02108     -0.02108
 25.42      0.00000      0.02092     -0.00256
 25.44      0.00000      0.02079     -0.00242
 25.46      0.09182      0.02065     -0.00229
 25.48      0.00000      0.02050     -0.00213
 25.50      0.00000      0.02035     -0.00198
 25.52      0.00000      0.02019     -0.02019
 25.54      0.00000      0.02004     -0.02004
 25.56      0.00000      0.01989     -0.01989
 25.58      0.00000      0.01974      0.03033
 25.60      0.00000      0.01960      0.03047
 25.62      0.25037      0.01946      0.03061
 25.64      0.00000      0.01928      0.03080
 25.66      0.00000      0.01910      0.03098
 25.68      0.00000      0.01891     -0.01891
 25.70      0.00000      0.01873     -0.01873
 25.72      0.00000      0.01855     -0.01025
 25.74      0.00000      0.01836     -0.01007
 25.76      0.04148      0.01818     -0.00989
 25.78      0.00000      0.01806     -0.00977
 25.80      0.00000      0.01795     -0.00965
 25.82      0.00000      0.01783     -0.01783
 25.84      0.00000      0.01771     -0.01771
 25.86      0.00000      0.01759     -0.01759
 25.88      0.00000      0.01747      0.02686
 25.90      0.00000      0.01735      0.02698
 25.92      0.22169      0.01724      0.02710
 25.94      0.00000      0.01709      0.02725
 25.96      0.00000      0.01694      0.02740
 25.98      0.00000      0.01679     -0.01679
 26.00      0.00000      0.01664     -0.01664
 26.02      0.00000      0.01649     -0.00957
 26.04      0.00000      0.01634     -0.00941
 26.06      0.03460      0.01619     -0.00927
 26.08      0.00000      0.01603     -0.00911
 26.10      0.00000      0.01591     -0.00899
 26.12      0.00000      0.01580     -0.01580
 26.14      0.00000      0.01568     -0.01568
 26.16      0.00000      0.01556      0.00942
 26.18      0.00000      0.01544      0.00954
 26.20      0.12489      0.01533      0.00965
 26.22      0.00000      0.01520      0.00978
 26.24      0.00000      0.01506      0.00992
 26.26      0.00000      0.01495     -0.01495
 26.28      0.00000      0.01483     -0.01483
 26.30      0.00000      0.01472     -0.01472
 26.32      0.00000      0.01461      0.00212
 26.34      0.00000      0.01449      0.00223
 26.36      0.08364      0.01438      0.00235
 26.38      0.00000      0.01425      0.00248
 26.40      0.00000      0.01412      0.00260
 26.42      0.00000      0.01402     -0.01402
 26.44      0.00000      0.01392     -0.01392
 26.46      0.00000      0.01382      0.01945
 26.48      0.00000      0.01372      0.01955
 26.50      0.16635      0.01362      0.01965
 26.52      0.00000      0.01349      0.01978
 26.54      0.00000      0.01336      0.01991
 26.56      0.00000      0.01323     -0.01323
 26.58      0.00000      0.01310     -0.01310
 26.60      0.00000      0.01297     -0.00344
 26.62      0.00000      0.01284     -0.00331
 26.64      0.04763      0.01271     -0.00318
 26.66      0.00000      0.01257     -0.00304
 26.68      0.00000      0.01243     -0.00290
 26.70      0.00000      0.01229     -0.01229
 26.72      0.00000      0.01217     -0.01217
 26.74      0.00000      0.01206      0.01487
 26.76      0.00000      0.01194      0.01498
 26.78      0.13463      0.01183      0.01510
 26.80      0.00000      0.01169      0.01524
 26.82      0.00000      0.01155      0.01538
 26.84      0.00000      0.01141     -0.01141
 26.86      0.00000      0.01127     -0.01127
 26.88      0.00000      0.01114     -0.01114
 26.90      0.00000      0.01100     -0.01100
 26.92      0.00000      0.01087     -0.01087
 26.94      0.00000      0.01074     -0.01074
 26.96      0.00000      0.01060     -0.01060
 26.98      0.00000      0.01047     -0.01047
 27.00      0.00000      0.01034     -0.01034
 27.02      0.00000      0.01021     -0.01021
 27.04      0.00000      0.01010     -0.00319
 27.06      0.00000      0.00999     -0.00308
 27.08      0.03454      0.00988     -0.00298
 27.10      0.00000      0.00977     -0.00286
 27.12      0.00000      0.00965     -0.00275
 27.14      0.00000      0.00954     -0.00954
 27.16      0.00000      0.00942     -0.00942
 27.18      0.00000      0.00931     -0.00775
 27.20      0.00000      0.00921     -0.00766
 27.22      0.00777      0.00912     -0.00756
 27.24      0.00000      0.00902     -0.00746
 27.26      0.00000      0.00892     -0.00737
 27.28      0.00000      0.00883     -0.00883
 27.30      0.00000      0.00873     -0.00873
 27.32      0.00000      0.00864      0.02310
 27.34      0.00000      0.00856      0.02317
 27.36      0.15868      0.00849      0.02325
 27.38      0.00000      0.00839      0.02335
 27.40      0.00000      0.00828      0.02345
 27.42      0.00000      0.00818     -0.00818
 27.44      0.00000      0.00808     -0.00808
 27.46      0.00000      0.00798     -0.00117
 27.48      0.00000      0.00787     -0.00107
 27.50      0.03400      0.00778     -0.00098
 27.52      0.00000      0.00768     -0.00088
 27.54      0.00000      0.00758     -0.00078
 27.56      0.00000      0.00748     -0.00748
 27.58      0.00000      0.00737     -0.00737
 27.60      0.00000      0.00727      0.00529
 27.62      0.00000      0.00717      0.00539
 27.64      0.06283      0.00707      0.00549
 27.66      0.00000      0.00698      0.00558
 27.68      0.00000      0.00690      0.00567
 27.70      0.00000      0.00681     -0.00681
 27.72      0.00000      0.00672     -0.00672
 27.74      0.00000      0.00663      0.00118
 27.76      0.00000      0.00654      0.00127
 27.78      0.03907      0.00645      0.00136
 27.80      0.00000      0.00636      0.00145
 27.82      0.00000      0.00627      0.00155
 27.84      0.00000      0.00618     -0.00618
 27.86      0.00000      0.00608     -0.00608
 27.88      0.00000      0.00599     -0.00025
 27.90      0.00000      0.00590     -0.00016
 27.92      0.02871      0.00581     -0.00007
 27.94      0.00000      0.00571      0.00003
 27.96      0.00000      0.00563      0.00011
 27.98      0.00000      0.00556     -0.00556
 28.00      0.00000      0.00548     -0.00548
 28.02      0.00000      0.00541     -0.00207
 28.04      0.00000      0.00533     -0.00200
 28.06      0.01666      0.00526     -0.00192
 28.08      0.00000      0.00518     -0.00184
 28.10      0.00000      0.00510     -0.00177
 28.12      0.00000      0.00502     -0.00502
 28.14      0.00000      0.00495     -0.00495
 28.16      0.00000      0.00487      0.00934
 28.18      0.00000      0.00480      0.00942
 28.20      0.07107      0.00472      0.00949
 28.22      0.00000      0.00463      0.00958
 28.24      0.00000      0.00455      0.00966
 28.26      0.00000      0.00448     -0.00448
 28.28      0.00000      0.00440     -0.00440
 28.30      0.00000      0.00432     -0.00314
 28.32      0.00000      0.00424     -0.00307
 28.34      0.00589      0.00417     -0.00299
 28.36      0.00000      0.00409     -0.00291
 28.38      0.00000      0.00401     -0.00283
 28.40      0.00000      0.00394     -0.00394
 28.42      0.00000      0.00387      0.00082
 28.44      0.00000      0.00380      0.00089
 28.46      0.02346      0.00373      0.00097
 28.48      0.00000      0.00365      0.00104
 28.50      0.00000      0.00358      0.00112
 28.52      0.00000      0.00350     -0.00350
 28.54      0.00000      0.00344     -0.00344
 28.56      0.00000      0.00338     -0.00058
 28.58      0.00000      0.00333     -0.00052
 28.60      0.01401      0.00327     -0.00047
 28.62      0.00000      0.00321     -0.00040
 28.64      0.00000      0.00314     -0.00034
 28.66      0.00000      0.00308     -0.00308
 28.68      0.00000      0.00303     -0.00303
 28.70      0.00000      0.00297     -0.00018
 28.72      0.00000      0.00291     -0.00012
 28.74      0.01395      0.00286     -0.00007
 28.76      0.00000      0.00280     -0.00001
 28.78      0.00000      0.00274      0.00005
 28.80      0.00000      0.00268     -0.00268
 28.82      0.00000      0.00263     -0.00263
 28.84      0.00000      0.00258      0.00019
 28.86      0.00000      0.00254      0.00024
 28.88      0.01388      0.00249      0.00028
 28.90      0.00000      0.00244      0.00033
 28.92      0.00000      0.00239      0.00038
 28.94      0.00000      0.00234     -0.00234
 28.96      0.00000      0.00230      0.00001
 28.98      0.00000      0.00225      0.00006
 29.00      0.01151      0.00220      0.00011
 29.02      0.00000      0.00215      0.00016
 29.04      0.00000      0.00209      0.00021
 29.06      0.00000      0.00204     -0.00204
 29.08      0.00000      0.00199     -0.00199
 29.10      0.00000      0.00194     -0.00194
 29.12      0.00000      0.00189     -0.00189
 29.14      0.00000      0.00184     -0.00184
 29.16      0.00000      0.00180     -0.00180
 29.18      0.00000      0.00175     -0.00175
 29.20      0.00000      0.00170     -0.00170
 29.22      0.00000      0.00165      0.00017
 29.24      0.00000      0.00161      0.00022
 29.26      0.00913      0.00156      0.00027
 29.28      0.00000      0.00151      0.00032
 29.30      0.00000      0.00146      0.00037
 29.32      0.00000      0.00141     -0.00141
 29.34      0.00000      0.00136     -0.00136
 29.36      0.00000      0.00131     -0.00086
 29.38      0.00000      0.00126     -0.00081
 29.40      0.00227      0.00123     -0.00078
 29.42      0.00000      0.00120     -0.00074
 29.44      0.00000      0.00116     -0.00071
 29.46      0.00000      0.00113     -0.00113
 29.48      0.00000      0.00110     -0.00110
 29.50      0.00000      0.00106     -0.00106
 29.52      0.00000      0.00103     -0.00103
 29.54      0.00000      0.00100     -0.00100
 29.56      0.00000      0.00097     -0.00097
 29.58      0.00000      0.00094     -0.00094
 29.60      0.00000      0.00091     -0.00091
 29.62      0.00000      0.00088     -0.00088
 29.64      0.00000      0.00084     -0.00084
 29.66      0.00000      0.00081     -0.00081
 29.68      0.00000      0.00079     -0.00079
 29.70      0.00000      0.00077     -0.00077
 29.72      0.00000      0.00074     -0.00074
 29.74      0.00000      0.00072     -0.00072
 29.76      0.00000      0.00069     -0.00069
 29.78      0.00000      0.00067     -0.00067
 29.80      0.00000      0.00064     -0.00064
 29.82      0.00000      0.00062     -0.00062
 29.84      0.00000      0.00060     -0.00060
 29.86      0.00000      0.00058     -0.00058
 29.88      0.00000      0.00056     -0.00034
 29.90      0.00000      0.00054     -0.00032
 29.92      0.00112      0.00052     -0.00030
 29.94      0.00000      0.00050     -0.00028
 29.96      0.00000      0.00048     -0.00026
 29.98      0.00000      0.00046     -0.00046
 30.00      0.00000      0.00045     -0.00045
 30.02      0.00000      0.00043     -0.00043
 30.04      0.00000      0.00041     -0.00041
 30.06      0.00000      0.00039     -0.00039
 30.08      0.00000      0.00037     -0.00037
 30.10      0.00000      0.00036     -0.00036
 30.12      0.00000      0.00034     -0.00034
 30.14      0.00000      0.00033     -0.00033
 30.16      0.00000      0.00031     -0.00031
 30.18      0.00000      0.00029     -0.00029
 30.20      0.00000      0.00028     -0.00028
 30.22      0.00000      0.00026     -0.00026
 30.24      0.00000      0.00025     -0.00025
 30.26      0.00000      0.00024     -0.00024
 30.28      0.00000      0.00023     -0.00023
 30.30      0.00000      0.00022     -0.00022
 30.32      0.00000      0.00021     -0.00021
 30.34      0.00000      0.00020     -0.00020
 30.36      0.00000      0.00019     -0.00019
 30.38      0.00000      0.00019     -0.00019
 30.40      0.00000      0.00018     -0.00018
 30.42      0.00000      0.00017     -0.00017
 30.44      0.00000      0.00016     -0.00016
 30.46      0.00000      0.00015     -0.00015
 30.48      0.00000      0.00014     -0.00014
 30.50      0.00000      0.00014     -0.00014
 30.52      0.00000      0.00013     -0.00013
 30.54      0.00000      0.00012     -0.00012
 30.56      0.00000      0.00012     -0.00012
 30.58      0.00000      0.00011     -0.00011
 30.60      0.00000      0.00010     -0.00010
 30.62      0.00000      0.00010     -0.00010
 30.64      0.00000      0.00009     -0.00009
 30.66      0.00000      0.00009     -0.00009
 30.68      0.00000      0.00008     -0.00008
 30.70      0.00000      0.00008     -0.00008
 30.72      0.00000      0.00007     -0.00007
 30.74      0.00000      0.00007     -0.00007
 30.76      0.00000      0.00006     -0.00006
 30.78      0.00000      0.00006     -0.00006
 30.80      0.00000      0.00005     -0.00005
 30.82      0.00000      0.00005     -0.00005
 30.84      0.00000      0.00005     -0.00005
 30.86      0.00000      0.00004     -0.00004
 30.88      0.00000      0.00004     -0.00004
 30.90      0.00000      0.00004     -0.00004
 30.92      0.00000      0.00003     -0.00003
 30.94      0.00000      0.00003     -0.00003
 30.96      0.00000      0.00003     -0.00003
 30.98      0.00000      0.00003     -0.00003
 31.00      0.00000      0.00002     -0.00002
 31.02      0.00000      0.00002     -0.00002
 31.04      0.00000      0.00002     -0.00002
 31.06      0.00000      0.00002     -0.00002
 31.08      0.00000      0.00002     -0.00002
 31.10      0.00000      0.00002     -0.00002
 31.12      0.00000      0.00001     -0.00001
 31.14      0.00000      0.00001     -0.00001
 31.16      0.00000      0.00001     -0.00001
 31.18      0.00000      0.00001     -0.00001
 31.20      0.00000      0.00001     -0.00001
 31.22      0.00000      0.00001     -0.00001
 31.24      0.00000      0.00001     -0.00001
 31.26      0.00000      0.00001     -0.00001
 31.28      0.00000      0.00001     -0.00001
 31.30      0.00000      0.00000     -0.00000
 31.32      0.00000      0.00000     -0.00000
 31.34      0.00000      0.00000     -0.00000
 31.36      0.00000      0.00000     -0.00000
 31.38      0.00000      0.00000     -0.00000
 31.40      0.00000      0.00000     -0.00000
 31.42      0.00000      0.00000     -0.00000
 31.44      0.00000      0.00000     -0.00000
 31.46      0.00000      0.00000     -0.00000
 31.48      0.00000      0.00000     -0.00000
 31.50      0.00000      0.00000     -0.00000
 31.52      0.00000      0.00000     -0.00000
 31.54      0.00000      0.00000     -0.00000
 31.56      0.00000      0.00000     -0.00000
 31.58      0.00000      0.00000     -0.00000
 31.60      0.00000      0.00000     -0.00000
 31.62      0.00000      0.00000     -0.00000
 31.64      0.00000      0.00000     -0.00000
 31.66      0.00000      0.00000     -0.00000
 31.68      0.00000      0.00000     -0.00000
 31.70      0.00000      0.00000     -0.00000
 31.72      0.00000      0.00000     -0.00000
 31.74      0.00000      0.00000     -0.00000
 31.76      0.00000      0.00000     -0.00000
 31.78      0.00000      0.00000     -0.00000
 31.80      0.00000      0.00000     -0.00000
 31.82      0.00000      0.00000     -0.00000
 31.84      0.00000      0.00000     -0.00000
 31.86      0.00000      0.00000     -0.00000
 31.88      0.00000      0.00000     -0.00000
 31.90      0.00000      0.00000     -0.00000
 31.92      0.00000      0.00000     -0.00000
 31.94      0.00000      0.00000      0.00000
 31.96      0.00000      0.00000      0.00000
 31.98      0.00000      0.00000      0.00000
 32.00      0.00000      0.00000      0.00000
