 #r(A)        h(r)         Base         G(r)
  0.02      0.00000      0.00000      0.00000
  0.04      0.00000      0.00000      0.00000
  0.06      0.00000      0.00000      0.00000
  0.08      0.00000      0.00000      0.00000
  0.10      0.00000      0.00000      0.00000
  0.12      0.00000      0.00000      0.00000
  0.14      0.00000      0.00000      0.00000
  0.16      0.00000      0.00000      0.00000
  0.18      0.00000      0.00000      0.00000
  0.20      0.00000      0.00000      0.00000
  0.22      0.00000      0.00000      0.00000
  0.24      0.00000      0.00000      0.00000
  0.26      0.00000      0.00000      0.00000
  0.28      0.00000      0.00000      0.00000
  0.30      0.00000      0.00000      0.00000
  0.32      0.00000      0.00000      0.00000
  0.34      0.00000      0.00000      0.00000
  0.36      0.00000      0.00000      0.00000
  0.38      0.00000      0.00000      0.00000
  0.40      0.00000      0.00000      0.00000
  0.42      0.00000      0.00000      0.00000
  0.44      0.00000      0.00000      0.00000
  0.46      0.00000      0.00000      0.00000
  0.48      0.00000      0.00000      0.00000
  0.50      0.00000      0.00000      0.00000
  0.52      0.00000      0.00000      0.00000
  0.54      0.00000      0.00000     -0.00000
  0.56      0.00000      0.00000     -0.00000
  0.58      0.00000      0.00001     -0.00001
  0.60      0.00000      0.00002     -0.00002
  0.62      0.00000      0.00004     -0.00004
  0.64      0.00000      0.00009     -0.00009
  0.66      0.00000      0.00016     -0.00016
  0.68      0.00000      0.00026     -0.00026
  0.70      0.00000      0.00041     -0.00041
  0.72      0.00000      0.00061     -0.00061
  0.74      0.00000      0.00087     -0.00087
  0.76      0.00000      0.00119     -0.00119
  0.78      0.00000      0.00155     -0.00155
  0.80      0.00000      0.00195     -0.00195
  0.82      0.00000      0.00238     -0.00238
  0.84      0.00000      0.00283     -0.00283
  0.86      0.00000      0.00330     -0.00330
  0.88      0.00000      0.00378     -0.00378
  0.90      0.00000      0.00426     -0.00426
  0.92      0.00000      0.00475     -0.00475
  0.94      0.00000      0.00524     -0.00524
  0.96      0.00000      0.00572     -0.00572
  0.98      0.00000      0.00621     -0.00621
  1.00      0.00000      0.00670     -0.00670
  1.02      0.00000      0.00719     -0.00719
  1.04      0.00000      0.00768     -0.00768
  1.06      0.00000      0.00817     -0.00817
  1.08      0.00000      0.00866     -0.00866
  1.10      0.00000      0.00915     -0.00915
  1.12      0.00000      0.00964     -0.00964
  1.14      0.00000      0.01013     -0.01013
  1.16      0.00000      0.01062     -0.01062
  1.18      0.00000      0.01110     -0.01110
  1.20      0.00000      0.01159     -0.01159
  1.22      0.00000      0.01208     -0.01208
  1.24      0.00000      0.01257     -0.01257
  1.26      0.00000      0.01306     -0.01306
  1.28      0.00000      0.01355     -0.01355
  1.30      0.00000      0.01404     -0.01404
  1.32      0.00000      0.01453     -0.01453
  1.34      0.00000      0.01502     -0.01502
  1.36      0.00000      0.01551     -0.01551
  1.38      0.00000      0.01600     -0.01600
  1.40      0.00000      0.01649     -0.01649
  1.42      0.00000      0.01697     -0.01697
  1.44      0.00000      0.01746     -0.01746
  1.46      0.00000      0.01795     -0.01795
  1.48      0.00000      0.01844     -0.01844
  1.50      0.00000      0.01893     -0.01893
  1.52      0.00000      0.01942     -0.01942
  1.54      0.00000      0.01991     -0.01991
  1.56      0.00000      0.02040     -0.02040
  1.58      0.00000      0.02089     -0.02089
  1.60      0.00000      0.02138     -0.02138
  1.62      0.00000      0.02187     -0.02187
  1.64      0.00000      0.02236     -0.02236
  1.66      0.00000      0.02285     -0.02285
  1.68      0.00000      0.02334     -0.02334
  1.70      0.00000      0.02383     -0.02383
  1.72      0.00000      0.02432     -0.02432
  1.74      0.00000      0.02481     -0.02481
  1.76      0.00000      0.02531     -0.02531
  1.78      0.00000      0.02581     -0.02581
  1.80      0.00000      0.02632     -0.02632
  1.82      0.00000      0.02684     -0.02684
  1.84      0.00000      0.02739     -0.02739
  1.86      0.00000      0.02795     -0.02795
  1.88      0.00000      0.02852     -0.02852
  1.90      0.00000      0.02911     -0.02911
  1.92      0.00000      0.02972     -0.02972
  1.94      0.00000      0.03033     -0.03033
  1.96      0.00000      0.03096     -0.03096
  1.98      0.00000      0.03159     -0.03159
  2.00      0.00000      0.03222     -0.03222
  2.02      0.00000      0.03286     -0.03286
  2.04      0.00000      0.03351     -0.03351
  2.06      0.00000      0.03415     -0.03415
  2.08      0.00000      0.03480     -0.03480
  2.10      0.00000      0.03544     -0.03544
  2.12      0.00000      0.03609     -0.03609
  2.14      0.00000      0.03674     -0.03674
  2.16      0.00000      0.03739     -0.03739
  2.18      0.00000      0.03804     -0.03804
  2.20      0.00000      0.03869     -0.03869
  2.22      0.00000      0.03934     -0.03934
  2.24      0.00000      0.03999     -0.03999
  2.26      0.00000      0.04064     -0.04064
  2.28      0.00000      0.04129     -0.04129
  2.30      0.00000      0.04195     -0.04195
  2.32      0.00000      0.04260     -0.04260
  2.34      0.00000      0.04325     -0.04325
  2.36      0.00000      0.04390     -0.04390
  2.38      0.00000      0.04455     -0.04455
  2.40      0.00000      0.04520     -0.04520
  2.42      0.00000      0.04585     -0.04585
  2.44      0.00000      0.04650     -0.04650
  2.46      0.00000      0.04715     -0.04715
  2.48      0.00000      0.04780     -0.04780
  2.50      0.00000      0.04845     -0.04780
  2.52      0.00000      0.04910     -0.04609
  2.54      0.00325      0.04975     -0.03993
  2.56      0.01179      0.05040     -0.02535
  2.58      0.03407      0.05105      0.00024
  2.60      0.07614      0.05170      0.03999
  2.62      0.13120      0.05234      0.09219
  2.64      0.20522      0.05296      0.14468
  2.66      0.27600      0.05356      0.22097
  2.68      0.29965      0.05414      0.30986
  2.70      0.46060      0.05469      0.38475
  2.72      0.57850      0.05519      0.43990
  2.74      0.58244      0.05563      0.47754
  2.76      0.55427      0.05601      0.45954
  2.78      0.49006      0.05633      0.40267
  2.80      0.37250      0.05659      0.33439
  2.82      0.29574      0.05682      0.25642
  2.84      0.24232      0.05702      0.17656
  2.86      0.16556      0.05720      0.11442
  2.88      0.09179      0.05737      0.06038
  2.90      0.06266      0.05753      0.01512
  2.92      0.02640      0.05770     -0.01760
  2.94      0.01685      0.05787     -0.03484
  2.96      0.00279      0.05804     -0.04717
  2.98      0.00647      0.05821     -0.05226
  3.00      0.00183      0.05838     -0.05580
  3.02      0.00182      0.05856     -0.05653
  3.04      0.00000      0.05873     -0.05799
  3.06      0.00000      0.05890     -0.05853
  3.08      0.00000      0.05907     -0.05907
  3.10      0.00000      0.05924     -0.05924
  3.12      0.00000      0.05941     -0.05941
  3.14      0.00000      0.05958     -0.05958
  3.16      0.00000      0.05975     -0.05975
  3.18      0.00000      0.05992     -0.05992
  3.20      0.00000      0.06010     -0.06010
  3.22      0.00000      0.06027     -0.06027
  3.24      0.00000      0.06044     -0.06044
  3.26      0.00000      0.06061     -0.06061
  3.28      0.00000      0.06078     -0.06078
  3.30      0.00000      0.06095     -0.06095
  3.32      0.00000      0.06112     -0.06112
  3.34      0.00000      0.06130     -0.06130
  3.36      0.00000      0.06147     -0.06147
  3.38      0.00000      0.06166     -0.06166
  3.40      0.00000      0.06185     -0.06185
  3.42      0.00000      0.06205     -0.06205
  3.44      0.00000      0.06227     -0.06227
  3.46      0.00000      0.06250     -0.06250
  3.48      0.00000      0.06275     -0.06275
  3.50      0.00000      0.06303     -0.06303
  3.52      0.00000      0.06332     -0.06332
  3.54      0.00000      0.06363     -0.06363
  3.56      0.00000      0.06395     -0.06395
  3.58      0.00000      0.06429     -0.06429
  3.60      0.00000      0.06464     -0.06419
  3.62      0.00000      0.06500     -0.06455
  3.64      0.00227      0.06537     -0.06371
  3.66      0.00000      0.06573     -0.06289
  3.68      0.00599      0.06611     -0.06208
  3.70      0.00596      0.06648     -0.05951
  3.72      0.00593      0.06685     -0.05329
  3.74      0.01695      0.06722     -0.04363
  3.76      0.03297      0.06759     -0.02344
  3.78      0.05613      0.06796      0.00114
  3.80      0.10879      0.06831      0.03444
  3.82      0.13062      0.06864      0.06165
  3.84      0.18521      0.06895      0.08381
  3.86      0.17070      0.06921      0.09035
  3.88      0.16843      0.06945      0.09170
  3.90      0.14284      0.06965      0.07461
  3.92      0.13856      0.06983      0.06105
  3.94      0.10078      0.06998      0.04121
  3.96      0.10378      0.07011      0.02161
  3.98      0.06998      0.07022      0.00326
  4.00      0.04550      0.07033     -0.01113
  4.02      0.04734      0.07043     -0.02832
  4.04      0.02936      0.07054     -0.03850
  4.06      0.01835      0.07066     -0.04490
  4.08      0.01961      0.07080     -0.05263
  4.10      0.01413      0.07097     -0.05734
  4.12      0.00937      0.07117     -0.06028
  4.14      0.00666      0.07140     -0.06417
  4.16      0.00464      0.07166     -0.06713
  4.18      0.00132      0.07194     -0.06902
  4.20      0.00066      0.07225     -0.07053
  4.22      0.00131      0.07257     -0.07179
  4.24      0.00065      0.07291     -0.07239
  4.26      0.00000      0.07327     -0.07287
  4.28      0.00000      0.07363     -0.07350
  4.30      0.00000      0.07400     -0.07400
  4.32      0.00000      0.07439     -0.07439
  4.34      0.00000      0.07478     -0.07478
  4.36      0.00000      0.07518     -0.07518
  4.38      0.00000      0.07558     -0.07558
  4.40      0.00000      0.07599     -0.07599
  4.42      0.00000      0.07639     -0.07639
  4.44      0.00000      0.07680     -0.07680
  4.46      0.00000      0.07721     -0.07721
  4.48      0.00000      0.07761     -0.07761
  4.50      0.00000      0.07802     -0.07778
  4.52      0.00000      0.07843     -0.07734
  4.54      0.00122      0.07883     -0.07353
  4.56      0.00424      0.07924     -0.06710
  4.58      0.02107      0.07965     -0.05461
  4.60      0.03418      0.08005     -0.03302
  4.62      0.06449      0.08046      0.00492
  4.64      0.11119      0.08086      0.05372
  4.66      0.19599      0.08126      0.11599
  4.68      0.26708      0.08165      0.19566
  4.70      0.34753      0.08201      0.27554
  4.72      0.46478      0.08235      0.34350
  4.74      0.51241      0.08265      0.38402
  4.76      0.53746      0.08291      0.39785
  4.78      0.47115      0.08314      0.38059
  4.80      0.41800      0.08334      0.34133
  4.82      0.37965      0.08351      0.28728
  4.84      0.31705      0.08365      0.23713
  4.86      0.26807      0.08377      0.18924
  4.88      0.22116      0.08386      0.13836
  4.90      0.17914      0.08393      0.09075
  4.92      0.12569      0.08397      0.04489
  4.94      0.07936      0.08400      0.00363
  4.96      0.03898      0.08401     -0.03022
  4.98      0.01497      0.08402     -0.05460
  5.00      0.00994      0.08402     -0.07025
  5.02      0.00385      0.08402     -0.07794
  5.04      0.00110      0.08402     -0.08094
  5.06      0.00055      0.08403     -0.08293
  5.08      0.00000      0.08403     -0.08370
  5.10      0.00000      0.08403     -0.08393
  5.12      0.00000      0.08404     -0.08404
  5.14      0.00000      0.08406     -0.08406
  5.16      0.00000      0.08410     -0.08410
  5.18      0.00000      0.08415     -0.08415
  5.20      0.00000      0.08423     -0.08423
  5.22      0.00000      0.08436     -0.08436
  5.24      0.00000      0.08452     -0.08441
  5.26      0.00000      0.08473     -0.08389
  5.28      0.00052      0.08498     -0.08342
  5.30      0.00365      0.08528     -0.07948
  5.32      0.00363      0.08562     -0.07518
  5.34      0.02120      0.08599     -0.06252
  5.36      0.02318      0.08640     -0.04720
  5.38      0.06568      0.08684     -0.02411
  5.40      0.08232      0.08729      0.00114
  5.42      0.12126      0.08776      0.03094
  5.44      0.14973      0.08821      0.05494
  5.46      0.17449      0.08865      0.07910
  5.48      0.18794      0.08906      0.09446
  5.50      0.20533      0.08944      0.09932
  5.52      0.20010      0.08979      0.09606
  5.54      0.17595      0.09010      0.08499
  5.56      0.15993      0.09037      0.06664
  5.58      0.13412      0.09061      0.04534
  5.60      0.11492      0.09083      0.02139
  5.62      0.09484      0.09103     -0.00298
  5.64      0.05728      0.09121     -0.02435
  5.66      0.03905      0.09138     -0.04169
  5.68      0.02821      0.09155     -0.05812
  5.70      0.02908      0.09171     -0.06820
  5.72      0.01352      0.09187     -0.07521
  5.74      0.00770      0.09204     -0.08064
  5.76      0.00480      0.09221     -0.08614
  5.78      0.00191      0.09238     -0.08874
  5.80      0.00238      0.09256     -0.09037
  5.82      0.00143      0.09276     -0.09133
  5.84      0.00047      0.09296     -0.09192
  5.86      0.00094      0.09318     -0.09252
  5.88      0.00000      0.09342     -0.09267
  5.90      0.00047      0.09369     -0.09117
  5.92      0.00187      0.09397     -0.08895
  5.94      0.00930      0.09426     -0.08297
  5.96      0.01343      0.09457     -0.07416
  5.98      0.03141      0.09489     -0.05834
  6.00      0.04604      0.09521     -0.03574
  6.02      0.08257      0.09554      0.00081
  6.04      0.12392      0.09585      0.04783
  6.06      0.19780      0.09614      0.10136
  6.08      0.26805      0.09640      0.14976
  6.10      0.31517      0.09662      0.19351
  6.12      0.32587      0.09678      0.21567
  6.14      0.34374      0.09689      0.21774
  6.16      0.30944      0.09695      0.19992
  6.18      0.27895      0.09697      0.17017
  6.20      0.22637      0.09696      0.13110
  6.22      0.17721      0.09693      0.09555
  6.24      0.14831      0.09688      0.06215
  6.26      0.13152      0.09683      0.03815
  6.28      0.11174      0.09679      0.02374
  6.30      0.10612      0.09674      0.01251
  6.32      0.10492      0.09670     -0.00151
  6.34      0.09195      0.09666     -0.01576
  6.36      0.06126      0.09662     -0.03254
  6.38      0.04027      0.09658     -0.05150
  6.40      0.02202      0.09655     -0.06866
  6.42      0.00990      0.09653     -0.08012
  6.44      0.00601      0.09651     -0.08799
  6.46      0.00385      0.09650     -0.09212
  6.48      0.00085      0.09649     -0.09410
  6.50      0.00127      0.09649     -0.09512
  6.52      0.00000      0.09649     -0.09513
  6.54      0.00084      0.09649     -0.09363
  6.56      0.00379      0.09649     -0.09112
  6.58      0.00839      0.09650     -0.08496
  6.60      0.01381      0.09652     -0.07774
  6.62      0.03088      0.09655     -0.07023
  6.64      0.03703      0.09658     -0.06268
  6.66      0.04149      0.09663     -0.05377
  6.68      0.04632      0.09670     -0.04267
  6.70      0.05857      0.09679     -0.03229
  6.72      0.08675      0.09692     -0.02167
  6.74      0.08938      0.09707     -0.01046
  6.76      0.09524      0.09727     -0.00214
  6.78      0.10311      0.09751     -0.00012
  6.80      0.10118      0.09780     -0.00067
  6.82      0.09805      0.09812     -0.00852
  6.84      0.08808      0.09848     -0.02017
  6.86      0.05761      0.09886     -0.03623
  6.88      0.04659      0.09927     -0.05441
  6.90      0.02283      0.09970     -0.07062
  6.92      0.00919      0.10015     -0.08164
  6.94      0.00916      0.10062     -0.09127
  6.96      0.00476      0.10110     -0.09608
  6.98      0.00079      0.10159     -0.09833
  7.00      0.00119      0.10209     -0.10059
  7.02      0.00039      0.10260     -0.10118
  7.04      0.00039      0.10311     -0.09998
  7.06      0.00430      0.10363     -0.09638
  7.08      0.00936      0.10417     -0.08877
  7.10      0.02179      0.10471     -0.07035
  7.12      0.04114      0.10527     -0.04220
  7.14      0.09521      0.10583     -0.00015
  7.16      0.14782      0.10639      0.05274
  7.18      0.22246      0.10693      0.12183
  7.20      0.28902      0.10745      0.19014
  7.22      0.38929      0.10792      0.25117
  7.24      0.43936      0.10833      0.29837
  7.26      0.45531      0.10867      0.32685
  7.28      0.46049      0.10892      0.33150
  7.30      0.43314      0.10909      0.32480
  7.32      0.41382      0.10918      0.30883
  7.34      0.40667      0.10919      0.28893
  7.36      0.37592      0.10913      0.25944
  7.38      0.36105      0.10900      0.22516
  7.40      0.28537      0.10880      0.18029
  7.42      0.24177      0.10856      0.13017
  7.44      0.18131      0.10828      0.07590
  7.46      0.12413      0.10799      0.02937
  7.48      0.08832      0.10770     -0.01223
  7.50      0.05123      0.10742     -0.04374
  7.52      0.03235      0.10716     -0.06619
  7.54      0.02236      0.10693     -0.08173
  7.56      0.01060      0.10673     -0.08886
  7.58      0.00948      0.10656     -0.09204
  7.60      0.01455      0.10642     -0.09261
  7.62      0.01560      0.10630     -0.09093
  7.64      0.01881      0.10619     -0.08848
  7.66      0.01840      0.10611     -0.08477
  7.68      0.02123      0.10603     -0.07972
  7.70      0.03267      0.10596     -0.07448
  7.72      0.04045      0.10589     -0.06655
  7.74      0.04464      0.10582     -0.05985
  7.76      0.05771      0.10575     -0.05668
  7.78      0.05437      0.10568     -0.05593
  7.80      0.04820      0.10561     -0.05816
  7.82      0.04383      0.10556     -0.06473
  7.84      0.03315      0.10552     -0.07037
  7.86      0.02462      0.10551     -0.07517
  7.88      0.02596      0.10552     -0.07794
  7.90      0.02414      0.10556     -0.07834
  7.92      0.03002      0.10563     -0.08021
  7.94      0.03134      0.10572     -0.08245
  7.96      0.01563      0.10585     -0.08595
  7.98      0.01524      0.10600     -0.08942
  8.00      0.00726      0.10619     -0.09430
  8.02      0.01344      0.10642     -0.09545
  8.04      0.00791      0.10667     -0.09280
  8.06      0.01098      0.10696     -0.08560
  8.08      0.02976      0.10727     -0.06994
  8.10      0.04471      0.10762     -0.04640
  8.12      0.09329      0.10799     -0.01963
  8.14      0.12735      0.10839      0.01147
  8.16      0.14669      0.10879      0.04912
  8.18      0.18723      0.10921      0.07478
  8.20      0.23499      0.10962      0.09527
  8.22      0.22366      0.11001      0.12144
  8.24      0.23185      0.11038      0.13651
  8.26      0.27948      0.11072      0.14427
  8.28      0.26446      0.11102      0.14449
  8.30      0.27548      0.11129      0.14069
  8.32      0.22630      0.11151      0.12168
  8.34      0.21417      0.11169      0.10101
  8.36      0.18554      0.11185      0.07367
  8.38      0.16200      0.11198      0.05081
  8.40      0.13956      0.11208      0.02543
  8.42      0.11264      0.11215      0.00132
  8.44      0.08780      0.11221     -0.02234
  8.46      0.06537      0.11226     -0.04216
  8.48      0.04402      0.11229     -0.05810
  8.50      0.04067      0.11232     -0.06798
  8.52      0.03310      0.11234     -0.07268
  8.54      0.03853      0.11237     -0.06927
  8.56      0.04199      0.11241     -0.06239
  8.58      0.06123      0.11245     -0.05006
  8.60      0.07523      0.11250     -0.03330
  8.62      0.09495      0.11255     -0.01232
  8.64      0.12257      0.11261      0.00679
  8.66      0.14719      0.11266      0.02461
  8.68      0.15704      0.11271      0.03766
  8.70      0.16463      0.11276      0.04290
  8.72      0.16045      0.11280      0.04266
  8.74      0.14901      0.11282      0.03567
  8.76      0.14615      0.11284      0.02874
  8.78      0.12220      0.11286      0.01839
  8.80      0.13009      0.11288      0.00677
  8.82      0.10879      0.11289     -0.00468
  8.84      0.09103      0.11290     -0.01618
  8.86      0.08895      0.11291     -0.03307
  8.88      0.06478      0.11292     -0.04789
  8.90      0.04567      0.11293     -0.06066
  8.92      0.03472      0.11293     -0.07481
  8.94      0.02722      0.11294     -0.08112
  8.96      0.01821      0.11294     -0.08393
  8.98      0.03325      0.11294     -0.08058
  9.00      0.03165      0.11295     -0.07244
  9.02      0.05150      0.11295     -0.05710
  9.04      0.06791      0.11294     -0.04036
  9.06      0.09492      0.11293     -0.01799
  9.08      0.11694      0.11290      0.00187
  9.10      0.14343      0.11286      0.01763
  9.12      0.15069      0.11279      0.02890
  9.14      0.14644      0.11270      0.03681
  9.16      0.15095      0.11259      0.03902
  9.18      0.15605      0.11246      0.03666
  9.20      0.15391      0.11232      0.03421
  9.22      0.13827      0.11218      0.02817
  9.24      0.13349      0.11205      0.01468
  9.26      0.12006      0.11194     -0.00458
  9.28      0.08792      0.11187     -0.02325
  9.30      0.05709      0.11183     -0.04305
  9.32      0.04451      0.11185     -0.06052
  9.34      0.03435      0.11192     -0.07127
  9.36      0.03280      0.11203     -0.07645
  9.38      0.03450      0.11220     -0.07489
  9.40      0.03177      0.11242     -0.07108
  9.42      0.05314      0.11269     -0.06200
  9.44      0.05449      0.11299     -0.04879
  9.46      0.07951      0.11332     -0.02939
  9.48      0.10210      0.11367     -0.01347
  9.50      0.13042      0.11403      0.00479
  9.52      0.13451      0.11438      0.01723
  9.54      0.14756      0.11472      0.02437
  9.56      0.14349      0.11504      0.02498
  9.58      0.13944      0.11534      0.02371
  9.60      0.13512      0.11563      0.01624
  9.62      0.12967      0.11590      0.00708
  9.64      0.11161      0.11616     -0.00518
  9.66      0.09906      0.11640     -0.02099
  9.68      0.07943      0.11664     -0.03669
  9.70      0.05731      0.11688     -0.04874
  9.72      0.05236      0.11711     -0.05445
  9.74      0.05253      0.11735     -0.04936
  9.76      0.07169      0.11759     -0.02946
  9.78      0.10604      0.11784      0.00173
  9.80      0.15804      0.11808      0.04237
  9.82      0.20954      0.11830      0.08700
  9.84      0.25691      0.11850      0.12746
  9.86      0.29594      0.11866      0.16118
  9.88      0.30934      0.11878      0.19119
  9.90      0.32743      0.11886      0.20735
  9.92      0.36024      0.11889      0.21749
  9.94      0.33808      0.11888      0.22442
  9.96      0.34684      0.11883      0.22897
  9.98      0.34394      0.11873      0.22376
 10.00      0.34988      0.11860      0.21689
 10.02      0.33374      0.11842      0.19863
 10.04      0.30304      0.11819      0.17315
 10.06      0.25460      0.11793      0.13449
 10.08      0.21541      0.11764      0.08924
 10.10      0.15528      0.11733      0.04339
 10.12      0.10605      0.11702      0.00390
 10.14      0.07229      0.11671     -0.03230
 10.16      0.05554      0.11641     -0.05969
 10.18      0.03288      0.11612     -0.07808
 10.20      0.01681      0.11586     -0.09146
 10.22      0.01272      0.11562     -0.10195
 10.24      0.00405      0.11541     -0.10810
 10.26      0.00189      0.11523     -0.11128
 10.28      0.00108      0.11508     -0.11368
 10.30      0.00000      0.11497     -0.11438
 10.32      0.00000      0.11489     -0.11468
 10.34      0.00000      0.11485     -0.11485
 10.36      0.00000      0.11483     -0.11483
 10.38      0.00000      0.11485     -0.11479
 10.40      0.00000      0.11488     -0.11451
 10.42      0.00027      0.11495     -0.11288
 10.44      0.00159      0.11503     -0.10943
 10.46      0.00846      0.11513     -0.10247
 10.48      0.01768      0.11524     -0.08981
 10.50      0.03530      0.11537     -0.07188
 10.52      0.06416      0.11551     -0.04663
 10.54      0.09185      0.11564     -0.01887
 10.56      0.13542      0.11578      0.00958
 10.58      0.15713      0.11590      0.03565
 10.60      0.17823      0.11601      0.06017
 10.62      0.19509      0.11610      0.07602
 10.64      0.21501      0.11617      0.08741
 10.66      0.21512      0.11623      0.09230
 10.68      0.21446      0.11627      0.08906
 10.70      0.20295      0.11629      0.07947
 10.72      0.17908      0.11629      0.06986
 10.74      0.16716      0.11630      0.05776
 10.76      0.16711      0.11629      0.04642
 10.78      0.15397      0.11628      0.03368
 10.80      0.14626      0.11626      0.02247
 10.82      0.11531      0.11624      0.00431
 10.84      0.11101      0.11621     -0.01502
 10.86      0.07617      0.11619     -0.03654
 10.88      0.05721      0.11617     -0.05213
 10.90      0.03858      0.11615     -0.06597
 10.92      0.03724      0.11614     -0.07287
 10.94      0.04172      0.11614     -0.07548
 10.96      0.04165      0.11613     -0.07489
 10.98      0.04409      0.11613     -0.07285
 11.00      0.04149      0.11612     -0.07197
 11.02      0.04745      0.11612     -0.07174
 11.04      0.04611      0.11612     -0.07201
 11.06      0.04277      0.11612     -0.07079
 11.08      0.04269      0.11612     -0.07178
 11.10      0.04760      0.11614     -0.07213
 11.12      0.04254      0.11617     -0.07149
 11.14      0.04445      0.11622     -0.07117
 11.16      0.04611      0.11628     -0.06954
 11.18      0.04454      0.11637     -0.06442
 11.20      0.05607      0.11647     -0.05732
 11.22      0.06854      0.11659     -0.04597
 11.24      0.08048      0.11672     -0.02995
 11.26      0.10344      0.11686     -0.00909
 11.28      0.12533      0.11701      0.00936
 11.30      0.16109      0.11716      0.02605
 11.32      0.16154      0.11730      0.03937
 11.34      0.16468      0.11742      0.05187
 11.36      0.17072      0.11752      0.05755
 11.38      0.18840      0.11760      0.06407
 11.40      0.19002      0.11765      0.07046
 11.42      0.19453      0.11767      0.07294
 11.44      0.19685      0.11766      0.06732
 11.46      0.18324      0.11762      0.05621
 11.48      0.16026      0.11755      0.03898
 11.50      0.13424      0.11746      0.01811
 11.52      0.10807      0.11736     -0.00067
 11.54      0.09206      0.11725     -0.01590
 11.56      0.08879      0.11714     -0.02403
 11.58      0.08362      0.11703     -0.02568
 11.60      0.09302      0.11693     -0.02164
 11.62      0.09929      0.11682     -0.01974
 11.64      0.11172      0.11672     -0.01647
 11.66      0.09775      0.11662     -0.01530
 11.68      0.09949      0.11652     -0.01485
 11.70      0.09837      0.11643     -0.01419
 11.72      0.10104      0.11635     -0.01281
 11.74      0.11454      0.11626     -0.01149
 11.76      0.10423      0.11618     -0.01012
 11.78      0.10569      0.11610     -0.01232
 11.80      0.10481      0.11602     -0.01454
 11.82      0.08964      0.11596     -0.01241
 11.84      0.10305      0.11591     -0.00662
 11.86      0.11454      0.11588      0.00741
 11.88      0.13438      0.11587      0.02872
 11.90      0.17484      0.11588      0.05139
 11.92      0.19613      0.11590      0.07338
 11.94      0.21643      0.11593      0.09414
 11.96      0.22463      0.11597      0.10548
 11.98      0.23834      0.11601      0.11142
 12.00      0.23172      0.11605      0.11186
 12.02      0.22604      0.11608      0.11159
 12.04      0.21877      0.11611      0.11048
 12.06      0.22345      0.11613      0.10847
 12.08      0.23294      0.11615      0.10521
 12.10      0.22181      0.11615      0.10193
 12.12      0.20980      0.11613      0.08966
 12.14      0.20239      0.11610      0.07005
 12.16      0.16201      0.11604      0.04942
 12.18      0.13471      0.11597      0.03008
 12.20      0.11839      0.11589      0.01062
 12.22      0.11276      0.11581     -0.00405
 12.24      0.10467      0.11572     -0.01297
 12.26      0.08825      0.11564     -0.02046
 12.28      0.08968      0.11555     -0.02752
 12.30      0.08053      0.11548     -0.03268
 12.32      0.07703      0.11540     -0.03606
 12.34      0.07848      0.11533     -0.03905
 12.36      0.07097      0.11527     -0.04068
 12.38      0.07442      0.11522     -0.04262
 12.40      0.07208      0.11517     -0.04234
 12.42      0.06706      0.11512     -0.04059
 12.44      0.07963      0.11508     -0.03752
 12.46      0.07950      0.11505     -0.03326
 12.48      0.08957      0.11501     -0.02856
 12.50      0.09319      0.11498     -0.02278
 12.52      0.09039      0.11494     -0.01670
 12.54      0.10834      0.11491     -0.00990
 12.56      0.10971      0.11487     -0.00281
 12.58      0.12340      0.11482      0.00534
 12.60      0.12847      0.11478      0.01217
 12.62      0.13090      0.11474      0.01514
 12.64      0.14229      0.11470      0.01643
 12.66      0.12436      0.11466      0.01470
 12.68      0.12962      0.11462      0.01266
 12.70      0.11961      0.11460      0.00742
 12.72      0.12052      0.11458      0.00590
 12.74      0.11598      0.11456      0.00199
 12.76      0.11667      0.11455     -0.00164
 12.78      0.10999      0.11454     -0.00328
 12.80      0.10139      0.11453     -0.00371
 12.82      0.11224      0.11452     -0.00664
 12.84      0.11378      0.11451     -0.01110
 12.86      0.10199      0.11449     -0.01553
 12.88      0.08766      0.11447     -0.02386
 12.90      0.07916      0.11445     -0.03283
 12.92      0.07046      0.11442     -0.04056
 12.94      0.06886      0.11439     -0.04577
 12.96      0.06320      0.11435     -0.04960
 12.98      0.06140      0.11430     -0.05073
 13.00      0.05981      0.11425     -0.05019
 13.02      0.06461      0.11420     -0.04883
 13.04      0.07130      0.11413     -0.04412
 13.06      0.06971      0.11406     -0.03607
 13.08      0.08463      0.11398     -0.02888
 13.10      0.09970      0.11389     -0.01723
 13.12      0.10018      0.11378     -0.00575
 13.14      0.12909      0.11366      0.00268
 13.16      0.12658      0.11353      0.00716
 13.18      0.12618      0.11337      0.01444
 13.20      0.12138      0.11320      0.01429
 13.22      0.13585      0.11302      0.01433
 13.24      0.12749      0.11283      0.01550
 13.26      0.12584      0.11263      0.01639
 13.28      0.13107      0.11242      0.01320
 13.30      0.12484      0.11221      0.00645
 13.32      0.11884      0.11200     -0.00032
 13.34      0.09273      0.11180     -0.01252
 13.36      0.09093      0.11162     -0.02536
 13.38      0.06908      0.11144     -0.03993
 13.40      0.05968      0.11129     -0.05054
 13.42      0.04516      0.11116     -0.06169
 13.44      0.03892      0.11106     -0.06846
 13.46      0.03454      0.11098     -0.07445
 13.48      0.03469      0.11092     -0.07762
 13.50      0.02931      0.11089     -0.07949
 13.52      0.02907      0.11088     -0.08071
 13.54      0.02943      0.11089     -0.08073
 13.56      0.02837      0.11091     -0.07631
 13.58      0.03464      0.11093     -0.06964
 13.60      0.05148      0.11097     -0.05628
 13.62      0.06258      0.11100     -0.04072
 13.64      0.09637      0.11103     -0.02231
 13.66      0.10636      0.11106     -0.00339
 13.68      0.12684      0.11109      0.01679
 13.70      0.14624      0.11110      0.03267
 13.72      0.16358      0.11111      0.04831
 13.74      0.17583      0.11110      0.06043
 13.76      0.18463      0.11108      0.07058
 13.78      0.18737      0.11105      0.07603
 13.80      0.19693      0.11100      0.07962
 13.82      0.19063      0.11094      0.07926
 13.84      0.19356      0.11086      0.07835
 13.86      0.18250      0.11077      0.07497
 13.88      0.18243      0.11067      0.07031
 13.90      0.17958      0.11056      0.06426
 13.92      0.16680      0.11045      0.05658
 13.94      0.16279      0.11034      0.04376
 13.96      0.14353      0.11023      0.02641
 13.98      0.11779      0.11013      0.00886
 14.00      0.09231      0.11005     -0.00946
 14.02      0.07856      0.10998     -0.02613
 14.04      0.07076      0.10993     -0.03863
 14.06      0.05984      0.10990     -0.04591
 14.08      0.05504      0.10989     -0.04911
 14.10      0.05574      0.10990     -0.04883
 14.12      0.06252      0.10993     -0.04390
 14.14      0.07222      0.10998     -0.03372
 14.16      0.08463      0.11004     -0.01987
 14.18      0.10617      0.11012     -0.00119
 14.20      0.12532      0.11020      0.01868
 14.22      0.15628      0.11028      0.04263
 14.24      0.17200      0.11034      0.06303
 14.26      0.20475      0.11040      0.08254
 14.28      0.20854      0.11043      0.09304
 14.30      0.22315      0.11044      0.09947
 14.32      0.20892      0.11043      0.10136
 14.34      0.20419      0.11038      0.10288
 14.36      0.21412      0.11032      0.09960
 14.38      0.21594      0.11022      0.09921
 14.40      0.20642      0.11010      0.09541
 14.42      0.20652      0.10996      0.08990
 14.44      0.18457      0.10978      0.08198
 14.46      0.18585      0.10959      0.07448
 14.48      0.17546      0.10938      0.06320
 14.50      0.16797      0.10914      0.05351
 14.52      0.14905      0.10889      0.04134
 14.54      0.13496      0.10863      0.02960
 14.56      0.12374      0.10835      0.01759
 14.58      0.11541      0.10807      0.00702
 14.60      0.10653      0.10779     -0.00010
 14.62      0.09484      0.10751     -0.00489
 14.64      0.09793      0.10723     -0.00726
 14.66      0.09836      0.10695     -0.00698
 14.68      0.10218      0.10669     -0.00586
 14.70      0.10656      0.10643     -0.00772
 14.72      0.09909      0.10617     -0.01128
 14.74      0.08731      0.10592     -0.01791
 14.76      0.07932      0.10568     -0.02447
 14.78      0.06779      0.10546     -0.03092
 14.80      0.07256      0.10525     -0.03478
 14.82      0.06574      0.10506     -0.03760
 14.84      0.06695      0.10489     -0.03997
 14.86      0.06426      0.10473     -0.04348
 14.88      0.05506      0.10459     -0.04710
 14.90      0.05424      0.10446     -0.05169
 14.92      0.04693      0.10434     -0.05672
 14.94      0.04335      0.10423     -0.06090
 14.96      0.03848      0.10412     -0.06685
 14.98      0.03363      0.10403     -0.07297
 15.00      0.02399      0.10394     -0.07860
 15.02      0.01585      0.10385     -0.08423
 15.04      0.01472      0.10378     -0.08905
 15.06      0.00992      0.10371     -0.09143
 15.08      0.00918      0.10365     -0.09238
 15.10      0.01173      0.10360     -0.09217
 15.12      0.01080      0.10357     -0.08882
 15.14      0.01554      0.10355     -0.08261
 15.16      0.02647      0.10353     -0.07439
 15.18      0.04011      0.10354     -0.06135
 15.20      0.05280      0.10355     -0.04627
 15.22      0.07601      0.10358     -0.03135
 15.24      0.09099      0.10360     -0.01676
 15.26      0.10121      0.10363     -0.00072
 15.28      0.11321      0.10366      0.01361
 15.30      0.13314      0.10368      0.02693
 15.32      0.14778      0.10370      0.03968
 15.34      0.15770      0.10370      0.05043
 15.36      0.16506      0.10370      0.05631
 15.38      0.16701      0.10367      0.05952
 15.40      0.16248      0.10363      0.05889
 15.42      0.16370      0.10357      0.05441
 15.44      0.15435      0.10348      0.04745
 15.46      0.14233      0.10337      0.04063
 15.48      0.13178      0.10324      0.02753
 15.50      0.12786      0.10310      0.01569
 15.52      0.09756      0.10294      0.00119
 15.54      0.09440      0.10276     -0.01491
 15.56      0.06902      0.10258     -0.03266
 15.58      0.05046      0.10239     -0.04571
 15.60      0.03815      0.10220     -0.05746
 15.62      0.03136      0.10201     -0.06235
 15.64      0.03469      0.10182     -0.05986
 15.66      0.04365      0.10164     -0.05197
 15.68      0.06196      0.10147     -0.04004
 15.70      0.07669      0.10131     -0.02723
 15.72      0.09015      0.10114     -0.01454
 15.74      0.09795      0.10099     -0.00426
 15.76      0.10625      0.10083      0.00393
 15.78      0.11261      0.10069      0.01285
 15.80      0.11685      0.10054      0.02231
 15.82      0.13402      0.10040      0.03317
 15.84      0.14451      0.10026      0.04558
 15.86      0.15986      0.10011      0.05721
 15.88      0.17395      0.09996      0.06512
 15.90      0.17426      0.09981      0.07020
 15.92      0.17282      0.09965      0.07252
 15.94      0.16914      0.09948      0.06796
 15.96      0.17066      0.09931      0.06141
 15.98      0.15035      0.09913      0.05301
 16.00      0.14065      0.09895      0.04305
 16.02      0.12993      0.09876      0.02968
 16.04      0.11838      0.09857      0.01953
 16.06      0.10290      0.09837      0.01154
 16.08      0.09863      0.09818      0.00313
 16.10      0.09971      0.09798     -0.00059
 16.12      0.08688      0.09777     -0.00158
 16.14      0.09878      0.09757     -0.00291
 16.16      0.09695      0.09737     -0.00464
 16.18      0.09101      0.09717     -0.00338
 16.20      0.09004      0.09697     -0.00532
 16.22      0.09215      0.09678     -0.00576
 16.24      0.08812      0.09659     -0.00571
 16.26      0.09380      0.09641     -0.00639
 16.28      0.09029      0.09624     -0.00823
 16.30      0.08576      0.09607     -0.01034
 16.32      0.08209      0.09592     -0.01216
 16.34      0.07674      0.09577     -0.01415
 16.36      0.08392      0.09565     -0.01460
 16.38      0.07959      0.09553     -0.01509
 16.40      0.08287      0.09543     -0.01455
 16.42      0.07906      0.09534     -0.01479
 16.44      0.07897      0.09526     -0.01454
 16.46      0.08224      0.09520     -0.01542
 16.48      0.08046      0.09515     -0.01700
 16.50      0.07818      0.09511     -0.01934
 16.52      0.07088      0.09508     -0.02195
 16.54      0.06711      0.09507     -0.02328
 16.56      0.06904      0.09508     -0.02184
 16.58      0.07379      0.09509     -0.01708
 16.60      0.08538      0.09512     -0.00793
 16.62      0.09477      0.09515      0.00209
 16.64      0.11295      0.09518      0.01296
 16.66      0.11929      0.09520      0.02215
 16.68      0.12828      0.09522      0.03082
 16.70      0.13145      0.09523      0.03941
 16.72      0.13824      0.09522      0.04885
 16.74      0.15593      0.09521      0.05918
 16.76      0.16648      0.09517      0.07168
 16.78      0.17981      0.09511      0.08355
 16.80      0.19377      0.09503      0.09200
 16.82      0.19732      0.09492      0.09660
 16.84      0.19775      0.09479      0.09459
 16.86      0.18898      0.09463      0.08361
 16.88      0.16907      0.09444      0.06959
 16.90      0.13808      0.09424      0.05159
 16.92      0.12630      0.09402      0.03340
 16.94      0.10671      0.09380      0.01556
 16.96      0.09695      0.09356      0.00104
 16.98      0.07874      0.09332     -0.01299
 17.00      0.06432      0.09308     -0.02353
 17.02      0.05497      0.09284     -0.03365
 17.04      0.05280      0.09260     -0.03976
 17.06      0.04511      0.09236     -0.04276
 17.08      0.04700      0.09211     -0.04207
 17.10      0.04808      0.09186     -0.04091
 17.12      0.05724      0.09161     -0.03710
 17.14      0.05733      0.09136     -0.03413
 17.16      0.06291      0.09110     -0.03010
 17.18      0.06058      0.09084     -0.02771
 17.20      0.06695      0.09057     -0.02603
 17.22      0.06784      0.09030     -0.02446
 17.24      0.06439      0.09003     -0.02316
 17.26      0.06945      0.08976     -0.02400
 17.28      0.06568      0.08949     -0.02397
 17.30      0.06145      0.08923     -0.02423
 17.32      0.06665      0.08898     -0.02534
 17.34      0.06178      0.08874     -0.02708
 17.36      0.06267      0.08851     -0.02861
 17.38      0.05575      0.08830     -0.03296
 17.40      0.05266      0.08810     -0.03670
 17.42      0.04386      0.08792     -0.03960
 17.44      0.04207      0.08775     -0.04226
 17.46      0.04725      0.08760     -0.04337
 17.48      0.04165      0.08746     -0.04271
 17.50      0.04635      0.08733     -0.04019
 17.52      0.04646      0.08721     -0.03877
 17.54      0.05398      0.08709     -0.03694
 17.56      0.05376      0.08698     -0.03537
 17.58      0.05023      0.08687     -0.03327
 17.60      0.05363      0.08676     -0.03269
 17.62      0.05640      0.08665     -0.03019
 17.64      0.05634      0.08654     -0.02629
 17.66      0.06568      0.08642     -0.02238
 17.68      0.06921      0.08630     -0.01795
 17.70      0.07257      0.08618     -0.01284
 17.72      0.07796      0.08605     -0.00998
 17.74      0.08130      0.08592     -0.00855
 17.76      0.07934      0.08579     -0.00822
 17.78      0.07567      0.08566     -0.00970
 17.80      0.07356      0.08552     -0.01022
 17.82      0.06991      0.08540     -0.00996
 17.84      0.07805      0.08527     -0.00933
 17.86      0.07998      0.08515     -0.00351
 17.88      0.07819      0.08503      0.00494
 17.90      0.10207      0.08492      0.01070
 17.92      0.11154      0.08481      0.01753
 17.94      0.10632      0.08470      0.02494
 17.96      0.11360      0.08460      0.02712
 17.98      0.11471      0.08450      0.02875
 18.00      0.11243      0.08440      0.03088
 18.02      0.11921      0.08430      0.03178
 18.04      0.11647      0.08420      0.03114
 18.06      0.11757      0.08410      0.03326
 18.08      0.11101      0.08399      0.03510
 18.10      0.12251      0.08388      0.03704
 18.12      0.12788      0.08376      0.03928
 18.14      0.12560      0.08363      0.04328
 18.16      0.12820      0.08350      0.04498
 18.18      0.13035      0.08336      0.04310
 18.20      0.13036      0.08320      0.03829
 18.22      0.11776      0.08304      0.03031
 18.24      0.10078      0.08287      0.02101
 18.26      0.08748      0.08269      0.01112
 18.28      0.08299      0.08250      0.00220
 18.30      0.08003      0.08231     -0.00147
 18.32      0.07223      0.08213     -0.00243
 18.34      0.08151      0.08194     -0.00336
 18.36      0.08172      0.08175     -0.00307
 18.38      0.07742      0.08155     -0.00001
 18.40      0.08050      0.08136      0.00103
 18.42      0.08657      0.08117      0.00245
 18.44      0.08572      0.08097      0.00676
 18.46      0.08788      0.08078      0.01210
 18.48      0.09797      0.08058      0.01806
 18.50      0.10625      0.08039      0.02778
 18.52      0.11540      0.08019      0.03460
 18.54      0.13334      0.07998      0.03938
 18.56      0.12097      0.07977      0.04198
 18.58      0.12084      0.07955      0.04154
 18.60      0.11818      0.07932      0.03385
 18.62      0.11211      0.07908      0.02535
 18.64      0.09372      0.07883      0.01388
 18.66      0.07730      0.07858      0.00012
 18.68      0.06225      0.07833     -0.01445
 18.70      0.04812      0.07808     -0.02668
 18.72      0.03801      0.07784     -0.03624
 18.74      0.03132      0.07761     -0.04177
 18.76      0.02833      0.07740     -0.04431
 18.78      0.03346      0.07719     -0.04235
 18.80      0.03431      0.07700     -0.03784
 18.82      0.04678      0.07683     -0.03150
 18.84      0.05290      0.07667     -0.02355
 18.86      0.05916      0.07652     -0.01333
 18.88      0.07244      0.07639     -0.00488
 18.90      0.08467      0.07627      0.00363
 18.92      0.08838      0.07615      0.01122
 18.94      0.09486      0.07604      0.01511
 18.96      0.09652      0.07593      0.01755
 18.98      0.09131      0.07582      0.01704
 19.00      0.09631      0.07571      0.01502
 19.02      0.08530      0.07559      0.01045
 19.04      0.08419      0.07547      0.00577
 19.06      0.07306      0.07534     -0.00134
 19.08      0.06733      0.07521     -0.00677
 19.10      0.06015      0.07508     -0.01289
 19.12      0.05749      0.07495     -0.01606
 19.14      0.05294      0.07481     -0.01738
 19.16      0.05650      0.07467     -0.01705
 19.18      0.06005      0.07454     -0.01536
 19.20      0.06114      0.07440     -0.01229
 19.22      0.06525      0.07426     -0.00781
 19.24      0.06763      0.07412     -0.00153
 19.26      0.07820      0.07398      0.00455
 19.28      0.09075      0.07383      0.01210
 19.30      0.09080      0.07368      0.01937
 19.32      0.10232      0.07352      0.02534
 19.34      0.10321      0.07336      0.02919
 19.36      0.10725      0.07318      0.03107
 19.38      0.10914      0.07299      0.02930
 19.40      0.09933      0.07280      0.02640
 19.42      0.09253      0.07259      0.01955
 19.44      0.08773      0.07238      0.00979
 19.46      0.07199      0.07216     -0.00074
 19.48      0.05927      0.07194     -0.01046
 19.50      0.04557      0.07171     -0.01854
 19.52      0.04283      0.07149     -0.02516
 19.54      0.04619      0.07127     -0.02919
 19.56      0.03779      0.07106     -0.02973
 19.58      0.03804      0.07085     -0.02973
 19.60      0.04181      0.07064     -0.02909
 19.62      0.04177      0.07043     -0.02639
 19.64      0.04835      0.07023     -0.02422
 19.66      0.05027      0.07003     -0.02283
 19.68      0.04783      0.06983     -0.02112
 19.70      0.04778      0.06962     -0.01990
 19.72      0.04928      0.06942     -0.01844
 19.74      0.05344      0.06922     -0.01568
 19.76      0.05660      0.06902     -0.01315
 19.78      0.06061      0.06882     -0.01241
 19.80      0.05943      0.06862     -0.01218
 19.82      0.05196      0.06842     -0.01126
 19.84      0.05359      0.06822     -0.01117
 19.86      0.06022      0.06802     -0.01106
 19.88      0.06002      0.06782     -0.00630
 19.90      0.05899      0.06762     -0.00305
 19.92      0.07478      0.06743      0.00130
 19.94      0.06887      0.06724      0.00362
 19.96      0.08101      0.06705      0.00655
 19.98      0.07067      0.06686      0.00586
 20.00      0.07268      0.06668      0.00681
 20.02      0.07039      0.06649      0.00605
 20.04      0.07267      0.06631      0.00749
 20.06      0.07632      0.06613      0.00850
 20.08      0.07694      0.06595      0.01178
 20.10      0.07686      0.06578      0.01301
 20.12      0.08587      0.06560      0.01446
 20.14      0.07795      0.06542      0.01355
 20.16      0.08268      0.06524      0.01091
 20.18      0.07148      0.06506      0.00443
 20.20      0.06278      0.06488     -0.00200
 20.22      0.05258      0.06470     -0.00945
 20.24      0.04487      0.06453     -0.01410
 20.26      0.04455      0.06436     -0.01711
 20.28      0.04737      0.06420     -0.01653
 20.30      0.04692      0.06404     -0.01472
 20.32      0.05464      0.06388     -0.01126
 20.34      0.05309      0.06372     -0.00805
 20.36      0.06106      0.06356     -0.00539
 20.38      0.06263      0.06340     -0.00162
 20.40      0.05945      0.06324      0.00440
 20.42      0.07267      0.06307      0.01151
 20.44      0.08236      0.06291      0.02007
 20.46      0.09581      0.06275      0.02855
 20.48      0.10464      0.06257      0.03543
 20.50      0.10103      0.06239      0.03952
 20.52      0.10619      0.06221      0.03872
 20.54      0.10191      0.06202      0.03496
 20.56      0.09090      0.06183      0.03072
 20.58      0.08489      0.06165      0.02415
 20.60      0.07890      0.06146      0.01651
 20.62      0.07237      0.06128      0.01062
 20.64      0.06278      0.06111      0.00461
 20.66      0.06058      0.06094     -0.00214
 20.68      0.05396      0.06077     -0.00806
 20.70      0.04427      0.06060     -0.01249
 20.72      0.04196      0.06044     -0.01700
 20.74      0.03978      0.06028     -0.02022
 20.76      0.03721      0.06012     -0.01997
 20.78      0.03704      0.05996     -0.01828
 20.80      0.04473      0.05980     -0.01495
 20.82      0.04960      0.05964     -0.01015
 20.84      0.05567      0.05947     -0.00501
 20.86      0.06039      0.05931     -0.00113
 20.88      0.06193      0.05914      0.00100
 20.90      0.06333      0.05898      0.00405
 20.92      0.05942      0.05880      0.00607
 20.94      0.07008      0.05863      0.00774
 20.96      0.06962      0.05846      0.01062
 20.98      0.06942      0.05829      0.01387
 21.00      0.07687      0.05812      0.01442
 21.02      0.07482      0.05795      0.01329
 21.04      0.07198      0.05777      0.01049
 21.06      0.06311      0.05759      0.00539
 21.08      0.05451      0.05741      0.00204
 21.10      0.05052      0.05723     -0.00185
 21.12      0.05716      0.05706     -0.00422
 21.14      0.05160      0.05687     -0.00480
 21.16      0.05038      0.05669     -0.00461
 21.18      0.05072      0.05651     -0.00459
 21.20      0.05054      0.05632     -0.00500
 21.22      0.05637      0.05614     -0.00559
 21.24      0.04862      0.05595     -0.00651
 21.26      0.04649      0.05576     -0.00648
 21.28      0.04515      0.05557     -0.00736
 21.30      0.04979      0.05539     -0.00672
 21.32      0.05104      0.05520     -0.00632
 21.34      0.05086      0.05502     -0.00512
 21.36      0.04757      0.05484     -0.00475
 21.38      0.05025      0.05466     -0.00389
 21.40      0.05072      0.05448     -0.00232
 21.42      0.05442      0.05431      0.00109
 21.44      0.05786      0.05413      0.00426
 21.46      0.06374      0.05396      0.00902
 21.48      0.06523      0.05378      0.01213
 21.50      0.07366      0.05361      0.01482
 21.52      0.06909      0.05343      0.01574
 21.54      0.07044      0.05324      0.01582
 21.56      0.06742      0.05305      0.01356
 21.58      0.06467      0.05285      0.01141
 21.60      0.06140      0.05265      0.00765
 21.62      0.05738      0.05245      0.00343
 21.64      0.05067      0.05224     -0.00049
 21.66      0.04525      0.05203     -0.00452
 21.68      0.04406      0.05182     -0.00911
 21.70      0.04019      0.05161     -0.01287
 21.72      0.03340      0.05141     -0.01586
 21.74      0.03082      0.05120     -0.01778
 21.76      0.02927      0.05100     -0.01857
 21.78      0.03343      0.05079     -0.01698
 21.80      0.03518      0.05060     -0.01481
 21.82      0.04035      0.05040     -0.01041
 21.84      0.04070      0.05021     -0.00635
 21.86      0.05028      0.05002     -0.00242
 21.88      0.05277      0.04982      0.00220
 21.90      0.05386      0.04963      0.00715
 21.92      0.06253      0.04944      0.01028
 21.94      0.06449      0.04924      0.01270
 21.96      0.06493      0.04904      0.01451
 21.98      0.06387      0.04884      0.01259
 22.00      0.06192      0.04864      0.00949
 22.02      0.05193      0.04844      0.00614
 22.04      0.04799      0.04824      0.00209
 22.06      0.04720      0.04804     -0.00222
 22.08      0.04264      0.04784     -0.00477
 22.10      0.03934      0.04765     -0.00702
 22.12      0.03818      0.04745     -0.00965
 22.14      0.03577      0.04726     -0.01239
 22.16      0.03311      0.04708     -0.01541
 22.18      0.02796      0.04689     -0.01837
 22.20      0.02332      0.04672     -0.02157
 22.22      0.02243      0.04654     -0.02384
 22.24      0.01892      0.04638     -0.02479
 22.26      0.02090      0.04621     -0.02410
 22.28      0.02237      0.04605     -0.02222
 22.30      0.02595      0.04589     -0.01858
 22.32      0.03101      0.04573     -0.01527
 22.34      0.03632      0.04558     -0.01251
 22.36      0.03665      0.04542     -0.01038
 22.38      0.03538      0.04526     -0.00842
 22.40      0.03585      0.04511     -0.00714
 22.42      0.04002      0.04495     -0.00507
 22.44      0.04195      0.04480     -0.00206
 22.46      0.04623      0.04464      0.00099
 22.48      0.04964      0.04449      0.00470
 22.50      0.05033      0.04434      0.00906
 22.52      0.05779      0.04419      0.01391
 22.54      0.06302      0.04404      0.01897
 22.56      0.06972      0.04389      0.02417
 22.58      0.07419      0.04374      0.02721
 22.60      0.07560      0.04359      0.02946
 22.62      0.07222      0.04343      0.02821
 22.64      0.07351      0.04327      0.02606
 22.66      0.06269      0.04310      0.02152
 22.68      0.06263      0.04293      0.01746
 22.70      0.05209      0.04275      0.01431
 22.72      0.05107      0.04257      0.01261
 22.74      0.05687      0.04239      0.00987
 22.76      0.05329      0.04220      0.00936
 22.78      0.04801      0.04201      0.00900
 22.80      0.04858      0.04181      0.00668
 22.82      0.04829      0.04161      0.00557
 22.84      0.04425      0.04140      0.00404
 22.86      0.04675      0.04120      0.00232
 22.88      0.03933      0.04099      0.00110
 22.90      0.03894      0.04079      0.00052
 22.92      0.04120      0.04058      0.00047
 22.94      0.04032      0.04038      0.00049
 22.96      0.04547      0.04017      0.00093
 22.98      0.03844      0.03997     -0.00040
 23.00      0.04009      0.03977     -0.00170
 23.02      0.03356      0.03957     -0.00315
 23.04      0.03281      0.03938     -0.00397
 23.06      0.03722      0.03918     -0.00441
 23.08      0.03335      0.03899     -0.00406
 23.10      0.03692      0.03881     -0.00347
 23.12      0.03437      0.03862     -0.00430
 23.14      0.03482      0.03844     -0.00457
 23.16      0.03216      0.03826     -0.00492
 23.18      0.03106      0.03807     -0.00549
 23.20      0.03426      0.03789     -0.00610
 23.22      0.03065      0.03772     -0.00578
 23.24      0.03086      0.03754     -0.00653
 23.26      0.03286      0.03736     -0.00810
 23.28      0.02641      0.03719     -0.00926
 23.30      0.02555      0.03701     -0.01105
 23.32      0.02399      0.03684     -0.01368
 23.34      0.02100      0.03667     -0.01522
 23.36      0.01885      0.03651     -0.01708
 23.38      0.01788      0.03634     -0.01779
 23.40      0.01538      0.03618     -0.01730
 23.42      0.01963      0.03602     -0.01546
 23.44      0.02268      0.03587     -0.01287
 23.46      0.02727      0.03572     -0.00912
 23.48      0.03007      0.03557     -0.00562
 23.50      0.03335      0.03543     -0.00161
 23.52      0.03638      0.03528      0.00246
 23.54      0.04199      0.03514      0.00481
 23.56      0.04690      0.03499      0.00743
 23.58      0.04110      0.03485      0.00949
 23.60      0.04576      0.03470      0.01023
 23.62      0.04596      0.03456      0.00938
 23.64      0.04498      0.03442      0.00961
 23.66      0.04190      0.03427      0.00810
 23.68      0.04151      0.03413      0.00713
 23.70      0.03751      0.03398      0.00545
 23.72      0.04039      0.03383      0.00516
 23.74      0.03581      0.03368      0.00547
 23.76      0.03974      0.03352      0.00587
 23.78      0.04227      0.03337      0.00608
 23.80      0.03874      0.03320      0.00642
 23.82      0.04069      0.03304      0.00565
 23.84      0.03670      0.03287      0.00564
 23.86      0.03505      0.03270      0.00604
 23.88      0.04140      0.03253      0.00613
 23.90      0.03986      0.03236      0.00733
 23.92      0.04029      0.03218      0.00924
 23.94      0.04187      0.03201      0.00995
 23.96      0.04369      0.03183      0.01003
 23.98      0.04411      0.03166      0.01012
 24.00      0.03934      0.03148      0.00941
 24.02      0.03989      0.03130      0.00799
 24.04      0.03744      0.03112      0.00622
 24.06      0.03568      0.03094      0.00481
 24.08      0.03438      0.03076      0.00319
 24.10      0.03137      0.03058      0.00130
 24.12      0.03088      0.03040     -0.00091
 24.14      0.02707      0.03022     -0.00213
 24.16      0.02373      0.03003     -0.00221
 24.18      0.02737      0.02985     -0.00205
 24.20      0.03009      0.02967     -0.00187
 24.22      0.03076      0.02949     -0.00159
 24.24      0.02707      0.02930     -0.00238
 24.26      0.02420      0.02911     -0.00413
 24.28      0.02247      0.02892     -0.00622
 24.30      0.02040      0.02873     -0.00703
 24.32      0.01936      0.02854     -0.00741
 24.34      0.02207      0.02835     -0.00799
 24.36      0.02137      0.02816     -0.00754
 24.38      0.01863      0.02797     -0.00766
 24.40      0.02168      0.02779     -0.00761
 24.42      0.01780      0.02760     -0.00762
 24.44      0.02141      0.02741     -0.00706
 24.46      0.02038      0.02723     -0.00647
 24.48      0.02047      0.02705     -0.00569
 24.50      0.02374      0.02686     -0.00559
 24.52      0.02078      0.02668     -0.00552
 24.54      0.02099      0.02651     -0.00606
 24.56      0.01984      0.02633     -0.00608
 24.58      0.01690      0.02616     -0.00566
 24.60      0.02274      0.02600     -0.00567
 24.62      0.02205      0.02583     -0.00572
 24.64      0.02012      0.02568     -0.00558
 24.66      0.01875      0.02552     -0.00679
 24.68      0.01683      0.02537     -0.00807
 24.70      0.01592      0.02523     -0.00852
 24.72      0.01490      0.02509     -0.00777
 24.74      0.01713      0.02495     -0.00740
 24.76      0.02181      0.02482     -0.00625
 24.78      0.01799      0.02468     -0.00421
 24.80      0.02099      0.02455     -0.00249
 24.82      0.02443      0.02442     -0.00158
 24.84      0.02508      0.02429      0.00003
 24.86      0.02573      0.02417      0.00079
 24.88      0.02538      0.02404      0.00096
 24.90      0.02413      0.02391      0.00185
 24.92      0.02467      0.02378      0.00211
 24.94      0.02887      0.02365      0.00293
 24.96      0.02641      0.02352      0.00370
 24.98      0.02882      0.02339      0.00426
 25.00      0.02736      0.02326      0.00501
 25.02      0.02678      0.02312      0.00543
 25.04      0.03196      0.02299      0.00539
 25.06      0.02785      0.02285      0.00634
 25.08      0.02794      0.02272      0.00692
 25.10      0.03144      0.02258      0.00637
 25.12      0.02899      0.02244      0.00680
 25.14      0.02853      0.02229      0.00670
 25.16      0.02928      0.02215      0.00587
 25.18      0.02673      0.02200      0.00521
 25.20      0.02659      0.02186      0.00480
 25.22      0.02493      0.02171      0.00388
 25.24      0.02578      0.02156      0.00365
 25.26      0.02390      0.02141      0.00286
 25.28      0.02487      0.02127      0.00242
 25.30      0.02189      0.02112      0.00167
 25.32      0.02198      0.02097      0.00117
 25.34      0.02131      0.02082      0.00025
 25.36      0.02064      0.02067      0.00019
 25.38      0.01953      0.02051     -0.00004
 25.40      0.02082      0.02036     -0.00004
 25.42      0.02004      0.02021      0.00014
 25.44      0.02057      0.02005     -0.00050
 25.46      0.02077      0.01990     -0.00166
 25.48      0.01554      0.01974     -0.00250
 25.50      0.01423      0.01958     -0.00364
 25.52      0.01508      0.01942     -0.00423
 25.54      0.01410      0.01927     -0.00311
 25.56      0.01701      0.01911     -0.00158
 25.58      0.02035      0.01896      0.00033
 25.60      0.02109      0.01880      0.00298
 25.62      0.02389      0.01865      0.00456
 25.64      0.02657      0.01850      0.00524
 25.66      0.02417      0.01835      0.00527
 25.68      0.02297      0.01820      0.00391
 25.70      0.02047      0.01805      0.00213
 25.72      0.01637      0.01789      0.00069
 25.74      0.01689      0.01774     -0.00109
 25.76      0.01623      0.01760     -0.00246
 25.78      0.01332      0.01745     -0.00352
 25.80      0.01288      0.01730     -0.00421
 25.82      0.01030      0.01716     -0.00504
 25.84      0.01275      0.01702     -0.00452
 25.86      0.01135      0.01687     -0.00388
 25.88      0.01520      0.01674     -0.00244
 25.90      0.01540      0.01660     -0.00189
 25.92      0.01677      0.01646     -0.00118
 25.94      0.01484      0.01633     -0.00123
 25.96      0.01419      0.01619     -0.00158
 25.98      0.01428      0.01606     -0.00252
 26.00      0.01299      0.01593     -0.00302
 26.02      0.01139      0.01581     -0.00323
 26.04      0.01170      0.01568     -0.00311
 26.06      0.01254      0.01556     -0.00215
 26.08      0.01423      0.01544     -0.00123
 26.10      0.01719      0.01532     -0.00036
 26.12      0.01537      0.01520      0.00041
 26.14      0.01547      0.01508      0.00096
 26.16      0.01577      0.01496      0.00071
 26.18      0.01640      0.01484      0.00075
 26.20      0.01533      0.01472      0.00069
 26.22      0.01500      0.01460      0.00117
 26.24      0.01456      0.01449      0.00099
 26.26      0.01761      0.01437      0.00111
 26.28      0.01486      0.01425      0.00099
 26.30      0.01537      0.01413      0.00110
 26.32      0.01378      0.01401      0.00066
 26.34      0.01451      0.01389      0.00091
 26.36      0.01481      0.01377      0.00129
 26.38      0.01554      0.01365      0.00115
 26.40      0.01668      0.01353      0.00103
 26.42      0.01247      0.01340      0.00136
 26.44      0.01330      0.01328      0.00155
 26.46      0.01580      0.01316      0.00135
 26.48      0.01590      0.01303      0.00176
 26.50      0.01505      0.01291      0.00198
 26.52      0.01389      0.01278      0.00119
 26.54      0.01377      0.01265      0.00085
 26.56      0.01126      0.01253      0.00042
 26.58      0.01354      0.01240      0.00029
 26.60      0.01229      0.01227      0.00022
 26.62      0.01259      0.01214      0.00065
 26.64      0.01279      0.01202      0.00060
 26.66      0.01278      0.01189      0.00027
 26.68      0.01266      0.01176      0.00030
 26.70      0.00996      0.01163     -0.00018
 26.72      0.01213      0.01150     -0.00105
 26.74      0.00974      0.01137     -0.00192
 26.76      0.00776      0.01124     -0.00217
 26.78      0.00765      0.01111     -0.00341
 26.80      0.00806      0.01098     -0.00385
 26.82      0.00527      0.01085     -0.00426
 26.84      0.00691      0.01073     -0.00470
 26.86      0.00505      0.01060     -0.00489
 26.88      0.00484      0.01048     -0.00479
 26.90      0.00649      0.01035     -0.00498
 26.92      0.00514      0.01023     -0.00486
 26.94      0.00535      0.01011     -0.00481
 26.96      0.00503      0.00999     -0.00494
 26.98      0.00452      0.00988     -0.00483
 27.00      0.00523      0.00976     -0.00476
 27.02      0.00512      0.00965     -0.00452
 27.04      0.00512      0.00954     -0.00417
 27.06      0.00563      0.00943     -0.00409
 27.08      0.00573      0.00932     -0.00357
 27.10      0.00511      0.00921     -0.00276
 27.12      0.00715      0.00911     -0.00213
 27.14      0.00867      0.00901     -0.00113
 27.16      0.00826      0.00891     -0.00002
 27.18      0.01019      0.00881      0.00122
 27.20      0.01018      0.00871      0.00221
 27.22      0.01282      0.00861      0.00311
 27.24      0.01311      0.00851      0.00363
 27.26      0.01229      0.00841      0.00459
 27.28      0.01228      0.00831      0.00470
 27.30      0.01451      0.00822      0.00471
 27.32      0.01287      0.00812      0.00490
 27.34      0.01266      0.00802      0.00527
 27.36      0.01275      0.00792      0.00465
 27.38      0.01365      0.00782      0.00414
 27.40      0.01092      0.00772      0.00310
 27.42      0.00980      0.00762      0.00220
 27.44      0.00696      0.00752      0.00070
 27.46      0.00777      0.00742     -0.00040
 27.48      0.00564      0.00732     -0.00135
 27.50      0.00493      0.00722     -0.00168
 27.52      0.00453      0.00713     -0.00199
 27.54      0.00483      0.00703     -0.00178
 27.56      0.00573      0.00693     -0.00169
 27.58      0.00623      0.00684     -0.00147
 27.60      0.00492      0.00674     -0.00098
 27.62      0.00511      0.00665     -0.00087
 27.64      0.00681      0.00655     -0.00068
 27.66      0.00581      0.00646     -0.00009
 27.68      0.00670      0.00637      0.00039
 27.70      0.00740      0.00628     -0.00002
 27.72      0.00709      0.00619     -0.00023
 27.74      0.00429      0.00610     -0.00071
 27.76      0.00429      0.00601     -0.00152
 27.78      0.00389      0.00593     -0.00230
 27.80      0.00289      0.00584     -0.00241
 27.82      0.00279      0.00575     -0.00245
 27.84      0.00328      0.00567     -0.00239
 27.86      0.00368      0.00558     -0.00175
 27.88      0.00377      0.00550     -0.00097
 27.90      0.00566      0.00542     -0.00036
 27.92      0.00625      0.00533      0.00018
 27.94      0.00595      0.00525      0.00070
 27.96      0.00594      0.00517      0.00072
 27.98      0.00594      0.00509      0.00073
 28.00      0.00534      0.00500      0.00063
 28.02      0.00593      0.00492      0.00055
 28.04      0.00504      0.00484      0.00024
 28.06      0.00513      0.00476      0.00019
 28.08      0.00394      0.00468      0.00015
 28.10      0.00473      0.00460      0.00017
 28.12      0.00532      0.00452      0.00033
 28.14      0.00472      0.00444      0.00052
 28.16      0.00551      0.00436      0.00054
 28.18      0.00452      0.00428      0.00028
 28.20      0.00442      0.00420     -0.00004
 28.22      0.00363      0.00413     -0.00050
 28.24      0.00275      0.00405     -0.00081
 28.26      0.00284      0.00398     -0.00107
 28.28      0.00255      0.00390     -0.00128
 28.30      0.00274      0.00383     -0.00119
 28.32      0.00225      0.00376     -0.00137
 28.34      0.00283      0.00368     -0.00134
 28.36      0.00156      0.00361     -0.00139
 28.38      0.00234      0.00354     -0.00132
 28.40      0.00215      0.00348     -0.00127
 28.42      0.00224      0.00341     -0.00109
 28.44      0.00273      0.00334     -0.00112
 28.46      0.00214      0.00328     -0.00127
 28.48      0.00185      0.00321     -0.00123
 28.50      0.00107      0.00315     -0.00128
 28.52      0.00214      0.00309     -0.00113
 28.54      0.00213      0.00303     -0.00093
 28.56      0.00262      0.00297     -0.00060
 28.58      0.00252      0.00291     -0.00045
 28.60      0.00242      0.00285     -0.00054
 28.62      0.00261      0.00279     -0.00080
 28.64      0.00135      0.00273     -0.00093
 28.66      0.00106      0.00268     -0.00113
 28.68      0.00155      0.00262     -0.00127
 28.70      0.00116      0.00257     -0.00110
 28.72      0.00164      0.00252     -0.00078
 28.74      0.00193      0.00246     -0.00029
 28.76      0.00241      0.00241      0.00026
 28.78      0.00375      0.00236      0.00051
 28.80      0.00365      0.00231      0.00075
 28.82      0.00259      0.00226      0.00057
 28.84      0.00288      0.00221      0.00008
 28.86      0.00125      0.00216     -0.00045
 28.88      0.00105      0.00211     -0.00086
 28.90      0.00077      0.00206     -0.00131
 28.92      0.00029      0.00201     -0.00143
 28.94      0.00038      0.00196     -0.00156
 28.96      0.00038      0.00191     -0.00158
 28.98      0.00019      0.00186     -0.00159
 29.00      0.00038      0.00181     -0.00162
 29.02      0.00000      0.00177     -0.00165
 29.04      0.00000      0.00172     -0.00162
 29.06      0.00000      0.00167     -0.00162
 29.08      0.00010      0.00163     -0.00149
 29.10      0.00019      0.00158     -0.00135
 29.12      0.00038      0.00154     -0.00114
 29.14      0.00048      0.00149     -0.00077
 29.16      0.00085      0.00145     -0.00042
 29.18      0.00171      0.00140     -0.00030
 29.20      0.00171      0.00136      0.00008
 29.22      0.00076      0.00132      0.00012
 29.24      0.00218      0.00128     -0.00005
 29.26      0.00085      0.00124     -0.00025
 29.28      0.00066      0.00120     -0.00033
 29.30      0.00047      0.00116     -0.00067
 29.32      0.00019      0.00112     -0.00073
 29.34      0.00028      0.00109     -0.00080
 29.36      0.00038      0.00105     -0.00086
 29.38      0.00009      0.00102     -0.00087
 29.40      0.00000      0.00099     -0.00088
 29.42      0.00000      0.00096     -0.00092
 29.44      0.00009      0.00093     -0.00091
 29.46      0.00000      0.00090     -0.00088
 29.48      0.00000      0.00087     -0.00085
 29.50      0.00000      0.00084     -0.00084
 29.52      0.00000      0.00082     -0.00082
 29.54      0.00000      0.00079     -0.00079
 29.56      0.00000      0.00077     -0.00077
 29.58      0.00000      0.00074     -0.00074
 29.60      0.00000      0.00072     -0.00072
 29.62      0.00000      0.00069     -0.00069
 29.64      0.00000      0.00067     -0.00067
 29.66      0.00000      0.00064     -0.00064
 29.68      0.00000      0.00062     -0.00062
 29.70      0.00000      0.00060     -0.00060
 29.72      0.00000      0.00058     -0.00058
 29.74      0.00000      0.00056     -0.00056
 29.76      0.00000      0.00054     -0.00054
 29.78      0.00000      0.00052     -0.00052
 29.80      0.00000      0.00050     -0.00050
 29.82      0.00000      0.00048     -0.00043
 29.84      0.00000      0.00046     -0.00037
 29.86      0.00028      0.00045     -0.00032
 29.88      0.00019      0.00043     -0.00028
 29.90      0.00019      0.00041     -0.00022
 29.92      0.00009      0.00039     -0.00023
 29.94      0.00018      0.00038     -0.00025
 29.96      0.00018      0.00036     -0.00027
 29.98      0.00000      0.00034     -0.00027
 30.00      0.00000      0.00033     -0.00029
 30.02      0.00000      0.00032     -0.00032
 30.04      0.00000      0.00030     -0.00030
 30.06      0.00000      0.00029     -0.00029
 30.08      0.00000      0.00028     -0.00028
 30.10      0.00000      0.00026     -0.00026
 30.12      0.00000      0.00025     -0.00025
 30.14      0.00000      0.00024     -0.00024
 30.16      0.00000      0.00023     -0.00023
 30.18      0.00000      0.00022     -0.00022
 30.20      0.00000      0.00021     -0.00021
 30.22      0.00000      0.00020     -0.00020
 30.24      0.00000      0.00019     -0.00019
 30.26      0.00000      0.00018     -0.00018
 30.28      0.00000      0.00017     -0.00017
 30.30      0.00000      0.00017     -0.00017
 30.32      0.00000      0.00016     -0.00016
 30.34      0.00000      0.00015     -0.00015
 30.36      0.00000      0.00014     -0.00014
 30.38      0.00000      0.00014     -0.00014
 30.40      0.00000      0.00013     -0.00013
 30.42      0.00000      0.00012     -0.00012
 30.44      0.00000      0.00012     -0.00012
 30.46      0.00000      0.00011     -0.00011
 30.48      0.00000      0.00010     -0.00010
 30.50      0.00000      0.00010     -0.00010
 30.52      0.00000      0.00009     -0.00009
 30.54      0.00000      0.00009     -0.00009
 30.56      0.00000      0.00008     -0.00008
 30.58      0.00000      0.00008     -0.00008
 30.60      0.00000      0.00007     -0.00007
 30.62      0.00000      0.00007     -0.00007
 30.64      0.00000      0.00006     -0.00006
 30.66      0.00000      0.00006     -0.00006
 30.68      0.00000      0.00006     -0.00006
 30.70      0.00000      0.00005     -0.00005
 30.72      0.00000      0.00005     -0.00005
 30.74      0.00000      0.00004     -0.00004
 30.76      0.00000      0.00004     -0.00004
 30.78      0.00000      0.00004     -0.00004
 30.80      0.00000      0.00004     -0.00004
 30.82      0.00000      0.00003     -0.00003
 30.84      0.00000      0.00003     -0.00003
 30.86      0.00000      0.00003     -0.00003
 30.88      0.00000      0.00003     -0.00003
 30.90      0.00000      0.00003     -0.00003
 30.92      0.00000      0.00002     -0.00002
 30.94      0.00000      0.00002     -0.00002
 30.96      0.00000      0.00002     -0.00002
 30.98      0.00000      0.00002     -0.00002
 31.00      0.00000      0.00002     -0.00002
 31.02      0.00000      0.00002     -0.00002
 31.04      0.00000      0.00002     -0.00002
 31.06      0.00000      0.00001     -0.00001
 31.08      0.00000      0.00001     -0.00001
 31.10      0.00000      0.00001     -0.00001
 31.12      0.00000      0.00001     -0.00001
 31.14      0.00000      0.00001     -0.00001
 31.16      0.00000      0.00001     -0.00001
 31.18      0.00000      0.00001     -0.00001
 31.20      0.00000      0.00001     -0.00001
 31.22      0.00000      0.00001     -0.00001
 31.24      0.00000      0.00001     -0.00001
 31.26      0.00000      0.00000     -0.00000
 31.28      0.00000      0.00000     -0.00000
 31.30      0.00000      0.00000     -0.00000
 31.32      0.00000      0.00000     -0.00000
 31.34      0.00000      0.00000     -0.00000
 31.36      0.00000      0.00000     -0.00000
 31.38      0.00000      0.00000     -0.00000
 31.40      0.00000      0.00000     -0.00000
 31.42      0.00000      0.00000     -0.00000
 31.44      0.00000      0.00000     -0.00000
 31.46      0.00000      0.00000     -0.00000
 31.48      0.00000      0.00000     -0.00000
 31.50      0.00000      0.00000     -0.00000
 31.52      0.00000      0.00000     -0.00000
 31.54      0.00000      0.00000     -0.00000
 31.56      0.00000      0.00000     -0.00000
 31.58      0.00000      0.00000     -0.00000
 31.60      0.00000      0.00000     -0.00000
 31.62      0.00000      0.00000     -0.00000
 31.64      0.00000      0.00000     -0.00000
 31.66      0.00000      0.00000     -0.00000
 31.68      0.00000      0.00000     -0.00000
 31.70      0.00000      0.00000     -0.00000
 31.72      0.00000      0.00000     -0.00000
 31.74      0.00000      0.00000     -0.00000
 31.76      0.00000      0.00000     -0.00000
 31.78      0.00000      0.00000     -0.00000
 31.80      0.00000      0.00000     -0.00000
 31.82      0.00000      0.00000     -0.00000
 31.84      0.00000      0.00000     -0.00000
 31.86      0.00000      0.00000     -0.00000
 31.88      0.00000      0.00000     -0.00000
 31.90      0.00000      0.00000     -0.00000
 31.92      0.00000      0.00000     -0.00000
 31.94      0.00000      0.00000     -0.00000
 31.96      0.00000      0.00000     -0.00000
 31.98      0.00000      0.00000      0.00000
 32.00      0.00000      0.00000      0.00000
