 #r(A)        G(r)
  0.02      0.00000
  0.04      0.00000
  0.06      0.00000
  0.08      0.00000
  0.10      0.00000
  0.12      0.00000
  0.14     -0.00000
  0.16     -0.00000
  0.18     -0.00000
  0.20     -0.00000
  0.22     -0.00000
  0.24     -0.00000
  0.26     -0.00000
  0.28     -0.00001
  0.30     -0.00001
  0.32     -0.00001
  0.34     -0.00001
  0.36     -0.00002
  0.38     -0.00002
  0.40     -0.00003
  0.42     -0.00004
  0.44     -0.00005
  0.46     -0.00006
  0.48     -0.00008
  0.50     -0.00009
  0.52     -0.00011
  0.54     -0.00013
  0.56     -0.00016
  0.58     -0.00020
  0.60     -0.00024
  0.62     -0.00030
  0.64     -0.00038
  0.66     -0.00050
  0.68     -0.00066
  0.70     -0.00087
  0.72     -0.00114
  0.74     -0.00147
  0.76     -0.00184
  0.78     -0.00227
  0.80     -0.00273
  0.82     -0.00322
  0.84     -0.00373
  0.86     -0.00426
  0.88     -0.00479
  0.90     -0.00533
  0.92     -0.00587
  0.94     -0.00641
  0.96     -0.00696
  0.98     -0.00750
  1.00     -0.00805
  1.02     -0.00860
  1.04     -0.00915
  1.06     -0.00969
  1.08     -0.01024
  1.10     -0.01079
  1.12     -0.01134
  1.14     -0.01189
  1.16     -0.01244
  1.18     -0.01299
  1.20     -0.01353
  1.22     -0.01408
  1.24     -0.01463
  1.26     -0.01518
  1.28     -0.01573
  1.30     -0.01628
  1.32     -0.01683
  1.34     -0.01738
  1.36     -0.01793
  1.38     -0.01848
  1.40     -0.01903
  1.42     -0.01958
  1.44     -0.02014
  1.46     -0.02069
  1.48     -0.02124
  1.50     -0.02179
  1.52     -0.02234
  1.54     -0.02290
  1.56     -0.02345
  1.58     -0.02401
  1.60     -0.02456
  1.62     -0.02512
  1.64     -0.02568
  1.66     -0.02623
  1.68     -0.02679
  1.70     -0.02736
  1.72     -0.02793
  1.74     -0.02850
  1.76     -0.02907
  1.78     -0.02966
  1.80     -0.03025
  1.82     -0.03086
  1.84     -0.03148
  1.86     -0.03211
  1.88     -0.03276
  1.90     -0.03343
  1.92     -0.03411
  1.94     -0.03480
  1.96     -0.03550
  1.98     -0.03621
  2.00     -0.03693
  2.02     -0.03765
  2.04     -0.03837
  2.06     -0.03910
  2.08     -0.03983
  2.10     -0.04042
  2.12     -0.04102
  2.14     -0.04129
  2.16     -0.04158
  2.18     -0.04195
  2.20     -0.04241
  2.22     -0.04269
  2.24     -0.04309
  2.26     -0.04302
  2.28     -0.04264
  2.30     -0.04273
  2.32     -0.04282
  2.34     -0.04186
  2.36     -0.04053
  2.38     -0.03886
  2.40     -0.03715
  2.42     -0.03649
  2.44     -0.03495
  2.46     -0.03377
  2.48     -0.03367
  2.50     -0.02948
  2.52     -0.02359
  2.54     -0.01730
  2.56     -0.00239
  2.58      0.02292
  2.60      0.06150
  2.62      0.12156
  2.64      0.19514
  2.66      0.29053
  2.68      0.36901
  2.70      0.43173
  2.72      0.46832
  2.74      0.47859
  2.76      0.43997
  2.78      0.38761
  2.80      0.31579
  2.82      0.23613
  2.84      0.15673
  2.86      0.08818
  2.88      0.03819
  2.90      0.00381
  2.92     -0.02233
  2.94     -0.03850
  2.96     -0.04775
  2.98     -0.05531
  3.00     -0.05995
  3.02     -0.06137
  3.04     -0.06247
  3.06     -0.06377
  3.08     -0.06431
  3.10     -0.06522
  3.12     -0.06569
  3.14     -0.06637
  3.16     -0.06662
  3.18     -0.06695
  3.20     -0.06717
  3.22     -0.06739
  3.24     -0.06776
  3.26     -0.06798
  3.28     -0.06826
  3.30     -0.06852
  3.32     -0.06846
  3.34     -0.06834
  3.36     -0.06826
  3.38     -0.06794
  3.40     -0.06813
  3.42     -0.06851
  3.44     -0.06865
  3.46     -0.06863
  3.48     -0.06886
  3.50     -0.06840
  3.52     -0.06833
  3.54     -0.06703
  3.56     -0.06672
  3.58     -0.06624
  3.60     -0.06473
  3.62     -0.06379
  3.64     -0.06234
  3.66     -0.05847
  3.68     -0.05482
  3.70     -0.04997
  3.72     -0.03975
  3.74     -0.02900
  3.76     -0.01323
  3.78      0.00270
  3.80      0.02624
  3.82      0.03906
  3.84      0.05590
  3.86      0.06598
  3.88      0.07039
  3.90      0.06103
  3.92      0.05504
  3.94      0.04057
  3.96      0.01983
  3.98      0.00214
  4.00     -0.01361
  4.02     -0.02864
  4.04     -0.04373
  4.06     -0.05300
  4.08     -0.06058
  4.10     -0.06609
  4.12     -0.07048
  4.14     -0.07289
  4.16     -0.07388
  4.18     -0.07490
  4.20     -0.07585
  4.22     -0.07559
  4.24     -0.07520
  4.26     -0.07545
  4.28     -0.07497
  4.30     -0.07511
  4.32     -0.07501
  4.34     -0.07454
  4.36     -0.07338
  4.38     -0.07232
  4.40     -0.07058
  4.42     -0.06925
  4.44     -0.06673
  4.46     -0.06284
  4.48     -0.05878
  4.50     -0.05314
  4.52     -0.04703
  4.54     -0.03913
  4.56     -0.02509
  4.58     -0.00040
  4.60      0.03357
  4.62      0.07956
  4.64      0.13071
  4.66      0.18646
  4.68      0.23697
  4.70      0.29158
  4.72      0.33112
  4.74      0.36273
  4.76      0.37010
  4.78      0.36132
  4.80      0.31401
  4.82      0.26666
  4.84      0.20382
  4.86      0.14340
  4.88      0.08620
  4.90      0.04631
  4.92      0.00564
  4.94     -0.02472
  4.96     -0.04566
  4.98     -0.06123
  5.00     -0.07139
  5.02     -0.07859
  5.04     -0.08111
  5.06     -0.08417
  5.08     -0.08506
  5.10     -0.08580
  5.12     -0.08611
  5.14     -0.08581
  5.16     -0.08594
  5.18     -0.08540
  5.20     -0.08369
  5.22     -0.08299
  5.24     -0.08127
  5.26     -0.07801
  5.28     -0.07394
  5.30     -0.06775
  5.32     -0.05814
  5.34     -0.04509
  5.36     -0.03205
  5.38     -0.00878
  5.40      0.01660
  5.42      0.04113
  5.44      0.05961
  5.46      0.08211
  5.48      0.08881
  5.50      0.08798
  5.52      0.08268
  5.54      0.06779
  5.56      0.04488
  5.58      0.02118
  5.60     -0.00372
  5.62     -0.02893
  5.64     -0.04587
  5.66     -0.05945
  5.68     -0.07030
  5.70     -0.07768
  5.72     -0.08248
  5.74     -0.08494
  5.76     -0.08883
  5.78     -0.08911
  5.80     -0.08957
  5.82     -0.08847
  5.84     -0.08661
  5.86     -0.08390
  5.88     -0.07991
  5.90     -0.07296
  5.92     -0.06615
  5.94     -0.05708
  5.96     -0.04086
  5.98     -0.02104
  6.00     -0.00071
  6.02      0.03019
  6.04      0.06234
  6.06      0.09571
  6.08      0.12531
  6.10      0.15756
  6.12      0.17406
  6.14      0.18564
  6.16      0.18460
  6.18      0.17403
  6.20      0.14925
  6.22      0.12162
  6.24      0.08724
  6.26      0.04877
  6.28      0.01333
  6.30     -0.01599
  6.32     -0.03882
  6.34     -0.05700
  6.36     -0.06732
  6.38     -0.07494
  6.40     -0.08109
  6.42     -0.08777
  6.44     -0.09186
  6.46     -0.09503
  6.48     -0.09652
  6.50     -0.09486
  6.52     -0.09332
  6.54     -0.08826
  6.56     -0.08141
  6.58     -0.07417
  6.60     -0.06662
  6.62     -0.05593
  6.64     -0.04466
  6.66     -0.03786
  6.68     -0.02805
  6.70     -0.01987
  6.72     -0.01368
  6.74     -0.01373
  6.76     -0.01339
  6.78     -0.01889
  6.80     -0.02986
  6.82     -0.04109
  6.84     -0.05140
  6.86     -0.06231
  6.88     -0.07146
  6.90     -0.07574
  6.92     -0.08051
  6.94     -0.08228
  6.96     -0.08167
  6.98     -0.08023
  7.00     -0.07617
  7.02     -0.07097
  7.04     -0.06162
  7.06     -0.04419
  7.08     -0.02357
  7.10      0.00111
  7.12      0.03686
  7.14      0.07802
  7.16      0.12659
  7.18      0.17051
  7.20      0.22565
  7.22      0.27734
  7.24      0.32268
  7.26      0.33981
  7.28      0.35078
  7.30      0.33176
  7.32      0.29565
  7.34      0.24363
  7.36      0.19404
  7.38      0.13997
  7.40      0.08894
  7.42      0.04411
  7.44      0.00352
  7.46     -0.02826
  7.48     -0.05123
  7.50     -0.06734
  7.52     -0.08169
  7.54     -0.08859
  7.56     -0.09397
  7.58     -0.09603
  7.60     -0.09537
  7.62     -0.09272
  7.64     -0.08986
  7.66     -0.08562
  7.68     -0.08147
  7.70     -0.07680
  7.72     -0.07380
  7.74     -0.06955
  7.76     -0.06584
  7.78     -0.06410
  7.80     -0.06461
  7.82     -0.06403
  7.84     -0.06551
  7.86     -0.07017
  7.88     -0.07450
  7.90     -0.07876
  7.92     -0.08329
  7.94     -0.08724
  7.96     -0.08858
  7.98     -0.08616
  8.00     -0.08286
  8.02     -0.07701
  8.04     -0.06842
  8.06     -0.05544
  8.08     -0.03825
  8.10     -0.01666
  8.12      0.01074
  8.14      0.03771
  8.16      0.07012
  8.18      0.09514
  8.20      0.11979
  8.22      0.13616
  8.24      0.14668
  8.26      0.14962
  8.28      0.14335
  8.30      0.12385
  8.32      0.09971
  8.34      0.07300
  8.36      0.03842
  8.38      0.00792
  8.40     -0.01353
  8.42     -0.03304
  8.44     -0.04950
  8.46     -0.06109
  8.48     -0.06460
  8.50     -0.06750
  8.52     -0.06278
  8.54     -0.05312
  8.56     -0.04045
  8.58     -0.02845
  8.60     -0.00731
  8.62      0.00584
  8.64      0.02122
  8.66      0.03196
  8.68      0.04154
  8.70      0.04000
  8.72      0.03682
  8.74      0.03072
  8.76      0.02107
  8.78      0.00802
  8.80     -0.01086
  8.82     -0.02710
  8.84     -0.04649
  8.86     -0.05944
  8.88     -0.07028
  8.90     -0.07316
  8.92     -0.07066
  8.94     -0.06647
  8.96     -0.05918
  8.98     -0.04741
  9.00     -0.03516
  9.02     -0.02094
  9.04     -0.00483
  9.06      0.00663
  9.08      0.02100
  9.10      0.03050
  9.12      0.03442
  9.14      0.03193
  9.16      0.02798
  9.18      0.01448
  9.20      0.00139
  9.22     -0.01544
  9.24     -0.02927
  9.26     -0.04433
  9.28     -0.05503
  9.30     -0.06274
  9.32     -0.06561
  9.34     -0.06791
  9.36     -0.06330
  9.38     -0.05640
  9.40     -0.04627
  9.42     -0.03349
  9.44     -0.01686
  9.46     -0.00336
  9.48      0.00931
  9.50      0.01941
  9.52      0.02468
  9.54      0.02704
  9.56      0.02542
  9.58      0.01782
  9.60      0.00777
  9.62     -0.00278
  9.64     -0.01463
  9.66     -0.02294
  9.68     -0.02632
  9.70     -0.02686
  9.72     -0.01952
  9.74     -0.00359
  9.76      0.02307
  9.78      0.05059
  9.80      0.08560
  9.82      0.12348
  9.84      0.16032
  9.86      0.19334
  9.88      0.22348
  9.90      0.23827
  9.92      0.24448
  9.94      0.23945
  9.96      0.21833
  9.98      0.18649
 10.00      0.15488
 10.02      0.11829
 10.04      0.07397
 10.06      0.03574
 10.08      0.00296
 10.10     -0.02599
 10.12     -0.05234
 10.14     -0.06784
 10.16     -0.08076
 10.18     -0.09033
 10.20     -0.09701
 10.22     -0.10204
 10.24     -0.10555
 10.26     -0.10862
 10.28     -0.10931
 10.30     -0.10997
 10.32     -0.10917
 10.34     -0.10771
 10.36     -0.10501
 10.38     -0.10167
 10.40     -0.09674
 10.42     -0.09099
 10.44     -0.08351
 10.46     -0.07280
 10.48     -0.05937
 10.50     -0.04230
 10.52     -0.02413
 10.54     -0.00147
 10.56      0.01837
 10.58      0.04140
 10.60      0.06003
 10.62      0.07519
 10.64      0.08282
 10.66      0.08946
 10.68      0.08092
 10.70      0.07117
 10.72      0.05774
 10.74      0.04069
 10.76      0.01649
 10.78     -0.00116
 10.80     -0.02065
 10.82     -0.03759
 10.84     -0.05111
 10.86     -0.05698
 10.88     -0.06251
 10.90     -0.06541
 10.92     -0.06346
 10.94     -0.06170
 10.96     -0.06242
 10.98     -0.05977
 11.00     -0.05674
 11.02     -0.05884
 11.04     -0.06050
 11.06     -0.05969
 11.08     -0.06143
 11.10     -0.06346
 11.12     -0.06164
 11.14     -0.05657
 11.16     -0.05000
 11.18     -0.04121
 11.20     -0.02875
 11.22     -0.01290
 11.24      0.00144
 11.26      0.01688
 11.28      0.03295
 11.30      0.04809
 11.32      0.05895
 11.34      0.06794
 11.36      0.06916
 11.38      0.06710
 11.40      0.05724
 11.42      0.04132
 11.44      0.02445
 11.46      0.01031
 11.48     -0.00440
 11.50     -0.01468
 11.52     -0.02003
 11.54     -0.02289
 11.56     -0.02141
 11.58     -0.01712
 11.60     -0.01288
 11.62     -0.00674
 11.64      0.00033
 11.66      0.00505
 11.68      0.00672
 11.70      0.00822
 11.72      0.00657
 11.74      0.00371
 11.76     -0.00006
 11.78     -0.00288
 11.80     -0.00307
 11.82      0.00201
 11.84      0.01037
 11.86      0.02372
 11.88      0.04447
 11.90      0.06643
 11.92      0.08397
 11.94      0.10369
 11.96      0.11770
 11.98      0.12414
 12.00      0.12369
 12.02      0.11994
 12.04      0.10859
 12.06      0.09328
 12.08      0.07423
 12.10      0.05369
 12.12      0.03478
 12.14      0.01459
 12.16     -0.00153
 12.18     -0.01392
 12.20     -0.01973
 12.22     -0.02251
 12.24     -0.02513
 12.26     -0.02687
 12.28     -0.02696
 12.30     -0.03031
 12.32     -0.03244
 12.34     -0.03417
 12.36     -0.03452
 12.38     -0.03532
 12.40     -0.03340
 12.42     -0.03379
 12.44     -0.03146
 12.46     -0.02663
 12.48     -0.02025
 12.50     -0.01258
 12.52     -0.00475
 12.54      0.00801
 12.56      0.01724
 12.58      0.02518
 12.60      0.03099
 12.62      0.03391
 12.64      0.02968
 12.66      0.02391
 12.68      0.01371
 12.70      0.00283
 12.72     -0.00891
 12.74     -0.01782
 12.76     -0.02600
 12.78     -0.03007
 12.80     -0.03336
 12.82     -0.03396
 12.84     -0.03559
 12.86     -0.03579
 12.88     -0.03523
 12.90     -0.03754
 12.92     -0.03661
 12.94     -0.03524
 12.96     -0.03591
 12.98     -0.03791
 13.00     -0.03459
 13.02     -0.03378
 13.04     -0.03292
 13.06     -0.02828
 13.08     -0.02314
 13.10     -0.01714
 13.12     -0.00669
 13.14     -0.00016
 13.16      0.00708
 13.18      0.01350
 13.20      0.01517
 13.22      0.01123
 13.24      0.00889
 13.26      0.00127
 13.28     -0.00655
 13.30     -0.01740
 13.32     -0.02912
 13.34     -0.03843
 13.36     -0.04719
 13.38     -0.05528
 13.40     -0.05977
 13.42     -0.06189
 13.44     -0.06518
 13.46     -0.06609
 13.48     -0.06652
 13.50     -0.06331
 13.52     -0.05743
 13.54     -0.04822
 13.56     -0.03940
 13.58     -0.02781
 13.60     -0.01658
 13.62     -0.00379
 13.64      0.00861
 13.66      0.02322
 13.68      0.03907
 13.70      0.05462
 13.72      0.06770
 13.74      0.07959
 13.76      0.08746
 13.78      0.08880
 13.80      0.08272
 13.82      0.07310
 13.84      0.05941
 13.86      0.04429
 13.88      0.02847
 13.90      0.01559
 13.92      0.00449
 13.94     -0.00493
 13.96     -0.01124
 13.98     -0.01284
 14.00     -0.01309
 14.02     -0.01435
 14.04     -0.01291
 14.06     -0.01071
 14.08     -0.00786
 14.10     -0.00523
 14.12      0.00327
 14.14      0.01232
 14.16      0.02178
 14.18      0.03319
 14.20      0.04659
 14.22      0.05728
 14.24      0.07094
 14.26      0.08499
 14.28      0.09482
 14.30      0.10041
 14.32      0.09994
 14.34      0.09353
 14.36      0.08333
 14.38      0.06975
 14.40      0.06020
 14.42      0.05111
 14.44      0.04124
 14.46      0.03364
 14.48      0.02543
 14.50      0.01759
 14.52      0.01645
 14.54      0.01469
 14.56      0.01201
 14.58      0.01112
 14.60      0.00760
 14.62     -0.00346
 14.64     -0.01064
 14.66     -0.02025
 14.68     -0.02814
 14.70     -0.03373
 14.72     -0.03611
 14.74     -0.03864
 14.76     -0.04102
 14.78     -0.04383
 14.80     -0.04596
 14.82     -0.04893
 14.84     -0.05309
 14.86     -0.05602
 14.88     -0.05874
 14.90     -0.06303
 14.92     -0.06664
 14.94     -0.07055
 14.96     -0.07282
 14.98     -0.07500
 15.00     -0.07696
 15.02     -0.07759
 15.04     -0.07614
 15.06     -0.07425
 15.08     -0.06973
 15.10     -0.06409
 15.12     -0.05705
 15.14     -0.05108
 15.16     -0.04109
 15.18     -0.03099
 15.20     -0.01751
 15.22     -0.00324
 15.24      0.01339
 15.26      0.03071
 15.28      0.04396
 15.30      0.05414
 15.32      0.06020
 15.34      0.06182
 15.36      0.05431
 15.38      0.04717
 15.40      0.03524
 15.42      0.02373
 15.44      0.01014
 15.46     -0.00088
 15.48     -0.01251
 15.50     -0.02201
 15.52     -0.03053
 15.54     -0.03631
 15.56     -0.04056
 15.58     -0.04081
 15.60     -0.03838
 15.62     -0.03376
 15.64     -0.02790
 15.66     -0.01961
 15.68     -0.00920
 15.70      0.00128
 15.72      0.01394
 15.74      0.02623
 15.76      0.03640
 15.78      0.04437
 15.80      0.05120
 15.82      0.05335
 15.84      0.05384
 15.86      0.05435
 15.88      0.05105
 15.90      0.04293
 15.92      0.03738
 15.94      0.03009
 15.96      0.02169
 15.98      0.01688
 16.00      0.01511
 16.02      0.01055
 16.04      0.00772
 16.06      0.00654
 16.08      0.00219
 16.10     -0.00231
 16.12     -0.00611
 16.14     -0.00760
 16.16     -0.00970
 16.18     -0.01026
 16.20     -0.01066
 16.22     -0.00733
 16.24     -0.00606
 16.26     -0.00361
 16.28     -0.00310
 16.30     -0.00127
 16.32     -0.00318
 16.34     -0.00423
 16.36     -0.00774
 16.38     -0.00833
 16.40     -0.00930
 16.42     -0.01014
 16.44     -0.00914
 16.46     -0.00680
 16.48     -0.00492
 16.50     -0.00452
 16.52     -0.00202
 16.54      0.00108
 16.56      0.00488
 16.58      0.00871
 16.60      0.01761
 16.62      0.02458
 16.64      0.03371
 16.66      0.04198
 16.68      0.04884
 16.70      0.05380
 16.72      0.05885
 16.74      0.05856
 16.76      0.05826
 16.78      0.05576
 16.80      0.04960
 16.82      0.04145
 16.84      0.03343
 16.86      0.02069
 16.88      0.00933
 16.90     -0.00042
 16.92     -0.00639
 16.94     -0.01394
 16.96     -0.01840
 16.98     -0.02245
 17.00     -0.02509
 17.02     -0.02919
 17.04     -0.03093
 17.06     -0.03164
 17.08     -0.02960
 17.10     -0.02792
 17.12     -0.02685
 17.14     -0.02591
 17.16     -0.02226
 17.18     -0.02020
 17.20     -0.01963
 17.22     -0.01922
 17.24     -0.01945
 17.26     -0.02328
 17.28     -0.02630
 17.30     -0.02849
 17.32     -0.02992
 17.34     -0.03077
 17.36     -0.03017
 17.38     -0.03083
 17.40     -0.03125
 17.42     -0.03249
 17.44     -0.03210
 17.46     -0.03084
 17.48     -0.02963
 17.50     -0.02677
 17.52     -0.02274
 17.54     -0.02201
 17.56     -0.02103
 17.58     -0.01842
 17.60     -0.01798
 17.62     -0.01727
 17.64     -0.01561
 17.66     -0.01503
 17.68     -0.01276
 17.70     -0.01048
 17.72     -0.00961
 17.74     -0.00609
 17.76     -0.00412
 17.78     -0.00253
 17.80     -0.00035
 17.82      0.00233
 17.84      0.00237
 17.86      0.00706
 17.88      0.01001
 17.90      0.01314
 17.92      0.01772
 17.94      0.02545
 17.96      0.02854
 17.98      0.03230
 18.00      0.03672
 18.02      0.04014
 18.04      0.03849
 18.06      0.03951
 18.08      0.03732
 18.10      0.03451
 18.12      0.02875
 18.14      0.02558
 18.16      0.01912
 18.18      0.01379
 18.20      0.00645
 18.22      0.00375
 18.24      0.00016
 18.26     -0.00115
 18.28     -0.00149
 18.30      0.00104
 18.32      0.00208
 18.34      0.00522
 18.36      0.00839
 18.38      0.01253
 18.40      0.01665
 18.42      0.02073
 18.44      0.02403
 18.46      0.02466
 18.48      0.02564
 18.50      0.02332
 18.52      0.01993
 18.54      0.01290
 18.56      0.00755
 18.58     -0.00059
 18.60     -0.00696
 18.62     -0.01250
 18.64     -0.01536
 18.66     -0.01655
 18.68     -0.01900
 18.70     -0.01911
 18.72     -0.01950
 18.74     -0.01857
 18.76     -0.01886
 18.78     -0.01249
 18.80     -0.00951
 18.82     -0.00555
 18.84     -0.00231
 18.86      0.00190
 18.88      0.00206
 18.90      0.00318
 18.92      0.00341
 18.94      0.00276
 18.96      0.00201
 18.98     -0.00001
 19.00     -0.00232
 19.02     -0.00336
 19.04     -0.00511
 19.06     -0.00593
 19.08     -0.00586
 19.10     -0.00429
 19.12     -0.00387
 19.14     -0.00096
 19.16     -0.00004
 19.18      0.00212
 19.20      0.00367
 19.22      0.00662
 19.24      0.00826
 19.26      0.01072
 19.28      0.01296
 19.30      0.01288
 19.32      0.01094
 19.34      0.00953
 19.36      0.00624
 19.38      0.00124
 19.40     -0.00093
 19.42     -0.00517
 19.44     -0.00857
 19.46     -0.01066
 19.48     -0.01208
 19.50     -0.01484
 19.52     -0.01498
 19.54     -0.01638
 19.56     -0.01631
 19.58     -0.01615
 19.60     -0.01511
 19.62     -0.01417
 19.64     -0.01249
 19.66     -0.01188
 19.68     -0.01217
 19.70     -0.01180
 19.72     -0.00999
 19.74     -0.00751
 19.76     -0.00517
 19.78     -0.00196
 19.80     -0.00047
 19.82      0.00060
 19.84      0.00075
 19.86      0.00087
 19.88      0.00198
 19.90      0.00433
 19.92      0.00280
 19.94      0.00219
 19.96      0.00324
 19.98      0.00295
 20.00      0.00113
 20.02      0.00190
 20.04      0.00208
 20.06     -0.00091
 20.08     -0.00296
 20.10     -0.00231
 20.12     -0.00228
 20.14     -0.00321
 20.16     -0.00279
 20.18     -0.00224
 20.20     -0.00317
 20.22     -0.00288
 20.24     -0.00095
 20.26      0.00150
 20.28      0.00429
 20.30      0.00696
 20.32      0.00906
 20.34      0.00929
 20.36      0.00989
 20.38      0.01045
 20.40      0.01024
 20.42      0.01069
 20.44      0.01183
 20.46      0.01109
 20.48      0.00920
 20.50      0.00678
 20.52      0.00386
 20.54     -0.00052
 20.56     -0.00380
 20.58     -0.00692
 20.60     -0.00893
 20.62     -0.01134
 20.64     -0.01027
 20.66     -0.01043
 20.68     -0.00858
 20.70     -0.00710
 20.72     -0.00329
 20.74     -0.00156
 20.76      0.00206
 20.78      0.00334
 20.80      0.00491
 20.82      0.00617
 20.84      0.00603
 20.86      0.00596
 20.88      0.00766
 20.90      0.00777
 20.92      0.00606
 20.94      0.00725
 20.96      0.00773
 20.98      0.00526
 21.00      0.00415
 21.02      0.00562
 21.04      0.00449
 21.06      0.00288
 21.08      0.00459
 21.10      0.00591
 21.12      0.00424
 21.14      0.00367
 21.16      0.00302
 21.18      0.00099
 21.20      0.00006
 21.22     -0.00079
 21.24     -0.00159
 21.26     -0.00087
 21.28     -0.00149
 21.30     -0.00182
 21.32     -0.00183
 21.34     -0.00187
 21.36     -0.00219
 21.38     -0.00011
 21.40      0.00071
 21.42      0.00160
 21.44      0.00256
 21.46      0.00350
 21.48      0.00285
 21.50      0.00264
 21.52      0.00152
 21.54      0.00149
 21.56      0.00030
 21.58      0.00019
 21.60     -0.00039
 21.62     -0.00034
 21.64     -0.00172
 21.66     -0.00267
 21.68     -0.00346
 21.70     -0.00408
 21.72     -0.00338
 21.74     -0.00221
 21.76     -0.00129
 21.78     -0.00080
 21.80      0.00061
 21.82      0.00041
 21.84      0.00118
 21.86      0.00120
 21.88      0.00101
 21.90     -0.00070
 21.92     -0.00201
 21.94     -0.00457
 21.96     -0.00611
 21.98     -0.00829
 22.00     -0.00885
 22.02     -0.01034
 22.04     -0.01122
 22.06     -0.01128
 22.08     -0.01136
 22.10     -0.01210
 22.12     -0.01166
 22.14     -0.01109
 22.16     -0.01105
 22.18     -0.01097
 22.20     -0.00993
 22.22     -0.00916
 22.24     -0.00788
 22.26     -0.00736
 22.28     -0.00505
 22.30     -0.00373
 22.32     -0.00202
 22.34     -0.00170
 22.36      0.00062
 22.38      0.00210
 22.40      0.00385
 22.42      0.00584
 22.44      0.00840
 22.46      0.00934
 22.48      0.01016
 22.50      0.01084
 22.52      0.01066
 22.54      0.00988
 22.56      0.00973
 22.58      0.00912
 22.60      0.00799
 22.62      0.00770
 22.64      0.00830
 22.66      0.00655
 22.68      0.00580
 22.70      0.00562
 22.72      0.00482
 22.74      0.00303
 22.76      0.00226
 22.78      0.00109
 22.80      0.00079
 22.82      0.00020
 22.84     -0.00048
 22.86     -0.00019
 22.88     -0.00048
 22.90     -0.00150
 22.92     -0.00220
 22.94     -0.00267
 22.96     -0.00367
 22.98     -0.00418
 23.00     -0.00498
 23.02     -0.00526
 23.04     -0.00580
 23.06     -0.00610
 23.08     -0.00661
 23.10     -0.00636
 23.12     -0.00656
 23.14     -0.00622
 23.16     -0.00546
 23.18     -0.00475
 23.20     -0.00416
 23.22     -0.00336
 23.24     -0.00247
 23.26     -0.00215
 23.28     -0.00191
 23.30     -0.00165
 23.32     -0.00101
 23.34     -0.00051
 23.36      0.00076
 23.38      0.00231
 23.40      0.00392
 23.42      0.00518
 23.44      0.00614
 23.46      0.00741
 23.48      0.00732
 23.50      0.00690
 23.52      0.00636
 23.54      0.00671
 23.56      0.00563
 23.58      0.00627
 23.60      0.00597
 23.62      0.00512
 23.64      0.00390
 23.66      0.00359
 23.68      0.00174
 23.70      0.00091
 23.72      0.00119
 23.74      0.00140
 23.76      0.00089
 23.78      0.00168
 23.80      0.00175
 23.82      0.00152
 23.84      0.00092
 23.86      0.00065
 23.88      0.00046
 23.90      0.00060
 23.92      0.00039
 23.94     -0.00039
 23.96      0.00039
 23.98     -0.00033
 24.00     -0.00060
 24.02     -0.00082
 24.04      0.00006
 24.06     -0.00118
 24.08     -0.00146
 24.10     -0.00170
 24.12     -0.00269
 24.14     -0.00372
 24.16     -0.00396
 24.18     -0.00456
 24.20     -0.00558
 24.22     -0.00563
 24.24     -0.00593
 24.26     -0.00613
 24.28     -0.00631
 24.30     -0.00639
 24.32     -0.00683
 24.34     -0.00630
 24.36     -0.00643
 24.38     -0.00648
 24.40     -0.00600
 24.42     -0.00528
 24.44     -0.00512
 24.46     -0.00447
 24.48     -0.00378
 24.50     -0.00321
 24.52     -0.00273
 24.54     -0.00237
 24.56     -0.00238
 24.58     -0.00225
 24.60     -0.00211
 24.62     -0.00209
 24.64     -0.00178
 24.66     -0.00128
 24.68     -0.00070
 24.70     -0.00021
 24.72      0.00022
 24.74      0.00057
 24.76      0.00049
 24.78      0.00031
 24.80      0.00111
 24.82      0.00126
 24.84      0.00136
 24.86      0.00150
 24.88      0.00236
 24.90      0.00186
 24.92      0.00159
 24.94      0.00192
 24.96      0.00194
 24.98      0.00182
 25.00      0.00216
 25.02      0.00223
 25.04      0.00174
 25.06      0.00205
 25.08      0.00183
 25.10      0.00109
 25.12      0.00134
 25.14      0.00121
 25.16      0.00115
 25.18      0.00117
 25.20      0.00114
 25.22      0.00068
 25.24      0.00043
 25.26      0.00041
 25.28     -0.00013
 25.30      0.00007
 25.32      0.00045
 25.34      0.00001
 25.36      0.00047
 25.38      0.00081
 25.40      0.00088
 25.42      0.00075
 25.44      0.00110
 25.46      0.00040
 25.48      0.00033
 25.50      0.00014
 25.52      0.00042
 25.54      0.00051
 25.56      0.00061
 25.58      0.00005
 25.60     -0.00049
 25.62     -0.00068
 25.64     -0.00092
 25.66     -0.00116
 25.68     -0.00086
 25.70     -0.00058
 25.72     -0.00092
 25.74     -0.00070
 25.76     -0.00078
 25.78     -0.00064
 25.80     -0.00031
 25.82     -0.00051
 25.84     -0.00080
 25.86     -0.00094
 25.88     -0.00109
 25.90     -0.00143
 25.92     -0.00115
 25.94     -0.00101
 25.96     -0.00055
 25.98     -0.00057
 26.00     -0.00037
 26.02     -0.00035
 26.04     -0.00053
 26.06     -0.00067
 26.08     -0.00079
 26.10     -0.00080
 26.12     -0.00045
 26.14      0.00002
 26.16     -0.00002
 26.18      0.00013
 26.20      0.00012
 26.22     -0.00010
 26.24     -0.00021
 26.26     -0.00029
 26.28     -0.00029
 26.30     -0.00041
 26.32     -0.00087
 26.34     -0.00094
 26.36     -0.00097
 26.38     -0.00107
 26.40     -0.00119
 26.42     -0.00119
 26.44     -0.00145
 26.46     -0.00184
 26.48     -0.00206
 26.50     -0.00241
 26.52     -0.00246
 26.54     -0.00258
 26.56     -0.00252
 26.58     -0.00240
 26.60     -0.00231
 26.62     -0.00211
 26.64     -0.00208
 26.66     -0.00182
 26.68     -0.00187
 26.70     -0.00171
 26.72     -0.00181
 26.74     -0.00155
 26.76     -0.00169
 26.78     -0.00146
 26.80     -0.00107
 26.82     -0.00118
 26.84     -0.00115
 26.86     -0.00087
 26.88     -0.00086
 26.90     -0.00081
 26.92     -0.00033
 26.94     -0.00002
 26.96      0.00023
 26.98      0.00049
 27.00      0.00037
 27.02      0.00027
 27.04      0.00009
 27.06      0.00006
 27.08      0.00011
 27.10     -0.00002
 27.12      0.00012
 27.14      0.00029
 27.16      0.00020
 27.18     -0.00005
 27.20      0.00005
 27.22      0.00002
 27.24     -0.00022
 27.26     -0.00031
 27.28     -0.00011
 27.30      0.00007
 27.32     -0.00003
 27.34     -0.00002
 27.36      0.00008
 27.38     -0.00000
 27.40     -0.00011
 27.42      0.00000
 27.44      0.00002
 27.46     -0.00009
 27.48     -0.00021
 27.50     -0.00032
 27.52     -0.00048
 27.54     -0.00034
 27.56     -0.00043
 27.58     -0.00042
 27.60     -0.00023
 27.62     -0.00018
 27.64     -0.00043
 27.66     -0.00043
 27.68     -0.00047
 27.70     -0.00062
 27.72     -0.00062
 27.74     -0.00041
 27.76     -0.00045
 27.78     -0.00048
 27.80     -0.00041
 27.82     -0.00038
 27.84     -0.00048
 27.86     -0.00036
 27.88     -0.00035
 27.90     -0.00048
 27.92     -0.00051
 27.94     -0.00067
 27.96     -0.00075
 27.98     -0.00065
 28.00     -0.00070
 28.02     -0.00070
 28.04     -0.00062
 28.06     -0.00059
 28.08     -0.00063
 28.10     -0.00063
 28.12     -0.00068
 28.14     -0.00064
 28.16     -0.00074
 28.18     -0.00074
 28.20     -0.00068
 28.22     -0.00063
 28.24     -0.00069
 28.26     -0.00055
 28.28     -0.00054
 28.30     -0.00058
 28.32     -0.00063
 28.34     -0.00061
 28.36     -0.00069
 28.38     -0.00068
 28.40     -0.00064
 28.42     -0.00066
 28.44     -0.00065
 28.46     -0.00067
 28.48     -0.00062
 28.50     -0.00062
 28.52     -0.00060
 28.54     -0.00054
 28.56     -0.00050
 28.58     -0.00053
 28.60     -0.00050
 28.62     -0.00051
 28.64     -0.00056
 28.66     -0.00058
 28.68     -0.00057
 28.70     -0.00059
 28.72     -0.00056
 28.74     -0.00055
 28.76     -0.00046
 28.78     -0.00046
 28.80     -0.00046
 28.82     -0.00045
 28.84     -0.00042
 28.86     -0.00046
 28.88     -0.00044
 28.90     -0.00042
 28.92     -0.00042
 28.94     -0.00041
 28.96     -0.00041
 28.98     -0.00040
 29.00     -0.00039
 29.02     -0.00037
 29.04     -0.00036
 29.06     -0.00034
 29.08     -0.00033
 29.10     -0.00032
 29.12     -0.00030
 29.14     -0.00029
 29.16     -0.00028
 29.18     -0.00027
 29.20     -0.00026
 29.22     -0.00024
 29.24     -0.00023
 29.26     -0.00022
 29.28     -0.00021
 29.30     -0.00020
 29.32     -0.00020
 29.34     -0.00019
 29.36     -0.00018
 29.38     -0.00017
 29.40     -0.00016
 29.42     -0.00015
 29.44     -0.00015
 29.46     -0.00014
 29.48     -0.00013
 29.50     -0.00013
 29.52     -0.00012
 29.54     -0.00011
 29.56     -0.00011
 29.58     -0.00010
 29.60     -0.00010
 29.62     -0.00009
 29.64     -0.00009
 29.66     -0.00008
 29.68     -0.00008
 29.70     -0.00007
 29.72     -0.00007
 29.74     -0.00007
 29.76     -0.00006
 29.78     -0.00006
 29.80     -0.00005
 29.82     -0.00005
 29.84     -0.00005
 29.86     -0.00004
 29.88     -0.00004
 29.90     -0.00004
 29.92     -0.00004
 29.94     -0.00003
 29.96     -0.00003
 29.98     -0.00003
 30.00     -0.00003
 30.02     -0.00003
 30.04     -0.00002
 30.06     -0.00002
 30.08     -0.00002
 30.10     -0.00002
 30.12     -0.00002
 30.14     -0.00002
 30.16     -0.00002
 30.18     -0.00001
 30.20     -0.00001
 30.22     -0.00001
 30.24     -0.00001
 30.26     -0.00001
 30.28     -0.00001
 30.30     -0.00001
 30.32     -0.00001
 30.34     -0.00001
 30.36     -0.00001
 30.38     -0.00001
 30.40     -0.00001
 30.42     -0.00000
 30.44     -0.00000
 30.46     -0.00000
 30.48     -0.00000
 30.50     -0.00000
 30.52     -0.00000
 30.54     -0.00000
 30.56     -0.00000
 30.58     -0.00000
 30.60     -0.00000
 30.62     -0.00000
 30.64     -0.00000
 30.66     -0.00000
 30.68     -0.00000
 30.70     -0.00000
 30.72     -0.00000
 30.74     -0.00000
 30.76     -0.00000
 30.78     -0.00000
 30.80     -0.00000
 30.82     -0.00000
 30.84     -0.00000
 30.86     -0.00000
 30.88     -0.00000
 30.90     -0.00000
 30.92     -0.00000
 30.94     -0.00000
 30.96     -0.00000
 30.98     -0.00000
 31.00     -0.00000
 31.02     -0.00000
 31.04     -0.00000
 31.06     -0.00000
 31.08     -0.00000
 31.10     -0.00000
 31.12     -0.00000
 31.14     -0.00000
 31.16     -0.00000
 31.18     -0.00000
 31.20     -0.00000
 31.22     -0.00000
 31.24     -0.00000
 31.26     -0.00000
 31.28      0.00000
 31.30      0.00000
 31.32      0.00000
 31.34      0.00000
 31.36      0.00000
 31.38      0.00000
 31.40      0.00000
 31.42      0.00000
 31.44      0.00000
 31.46      0.00000
 31.48      0.00000
 31.50      0.00000
 31.52      0.00000
 31.54      0.00000
 31.56      0.00000
 31.58      0.00000
 31.60      0.00000
 31.62      0.00000
 31.64      0.00000
 31.66      0.00000
 31.68      0.00000
 31.70      0.00000
 31.72      0.00000
 31.74      0.00000
 31.76      0.00000
 31.78      0.00000
 31.80      0.00000
 31.82      0.00000
 31.84      0.00000
 31.86      0.00000
 31.88      0.00000
 31.90      0.00000
 31.92      0.00000
 31.94      0.00000
 31.96      0.00000
 31.98      0.00000
 32.00      0.00000
