 #r(A)        h(r)         Base         G(r)
  0.02      0.00000      0.00000      0.00000
  0.04      0.00000      0.00000      0.00000
  0.06      0.00000      0.00000      0.00000
  0.08      0.00000      0.00000      0.00000
  0.10      0.00000      0.00000      0.00000
  0.12      0.00000      0.00000      0.00000
  0.14      0.00000      0.00000      0.00000
  0.16      0.00000      0.00000      0.00000
  0.18      0.00000      0.00000      0.00000
  0.20      0.00000      0.00000      0.00000
  0.22      0.00000      0.00000      0.00000
  0.24      0.00000      0.00000      0.00000
  0.26      0.00000      0.00000      0.00000
  0.28      0.00000      0.00000      0.00000
  0.30      0.00000      0.00000      0.00000
  0.32      0.00000      0.00000      0.00000
  0.34      0.00000      0.00000      0.00000
  0.36      0.00000      0.00000      0.00000
  0.38      0.00000      0.00000      0.00000
  0.40      0.00000      0.00000      0.00000
  0.42      0.00000      0.00000      0.00000
  0.44      0.00000      0.00000      0.00000
  0.46      0.00000      0.00000      0.00000
  0.48      0.00000      0.00000      0.00000
  0.50      0.00000      0.00000      0.00000
  0.52      0.00000      0.00000      0.00000
  0.54      0.00000      0.00000      0.00000
  0.56      0.00000      0.00000      0.00000
  0.58      0.00000      0.00000      0.00000
  0.60      0.00000      0.00000      0.00000
  0.62      0.00000      0.00000      0.00000
  0.64      0.00000      0.00000      0.00000
  0.66      0.00000      0.00000      0.00000
  0.68      0.00000      0.00000      0.00000
  0.70      0.00000      0.00000      0.00000
  0.72      0.00000      0.00000      0.00000
  0.74      0.00000      0.00000      0.00000
  0.76      0.00000      0.00111     -0.00111
  0.78      0.00000      0.00221     -0.00221
  0.80      0.00000      0.00332     -0.00332
  0.82      0.00000      0.00443     -0.00443
  0.84      0.00000      0.00554     -0.00554
  0.86      0.00000      0.00664     -0.00664
  0.88      0.00000      0.00775     -0.00775
  0.90      0.00000      0.00886     -0.00886
  0.92      0.00000      0.00996     -0.00996
  0.94      0.00000      0.01107     -0.01107
  0.96      0.00000      0.01218     -0.01218
  0.98      0.00000      0.01329     -0.01329
  1.00      0.00000      0.01439     -0.01439
  1.02      0.00000      0.01550     -0.01550
  1.04      0.00000      0.01661     -0.01661
  1.06      0.00000      0.01772     -0.01772
  1.08      0.00000      0.01882     -0.01882
  1.10      0.00000      0.01993     -0.01993
  1.12      0.00000      0.02104     -0.02104
  1.14      0.00000      0.02214     -0.02214
  1.16      0.00000      0.02325     -0.02325
  1.18      0.00000      0.02436     -0.02436
  1.20      0.00000      0.02547     -0.02547
  1.22      0.00000      0.02657     -0.02657
  1.24      0.00000      0.02768     -0.02768
  1.26      0.00000      0.02879     -0.02879
  1.28      0.00000      0.02989     -0.02989
  1.30      0.00000      0.03100     -0.03100
  1.32      0.00000      0.03211     -0.03211
  1.34      0.00000      0.03322     -0.03322
  1.36      0.00000      0.03432     -0.03432
  1.38      0.00000      0.03543     -0.03543
  1.40      0.00000      0.03654     -0.03654
  1.42      0.00000      0.03764     -0.03764
  1.44      0.00000      0.03875     -0.03875
  1.46      0.00000      0.03986     -0.03986
  1.48      0.00000      0.04097     -0.04097
  1.50      0.00000      0.04207     -0.04207
  1.52      0.00000      0.04318     -0.04318
  1.54      0.00000      0.04429     -0.04429
  1.56      0.00000      0.04539     -0.04539
  1.58      0.00000      0.04650     -0.04650
  1.60      0.00000      0.04761     -0.04761
  1.62      0.00000      0.04872     -0.04872
  1.64      0.00000      0.04982     -0.04982
  1.66      0.00000      0.05093     -0.05093
  1.68      0.00000      0.05204     -0.05204
  1.70      0.00000      0.05315     -0.05315
  1.72      0.00000      0.05425     -0.05425
  1.74      0.00000      0.05536     -0.05536
  1.76      0.00000      0.05647     -0.05647
  1.78      0.00000      0.05757     -0.05757
  1.80      0.00000      0.05868     -0.05868
  1.82      0.00000      0.05979     -0.05979
  1.84      0.00000      0.06090     -0.06090
  1.86      0.00000      0.06200     -0.06200
  1.88      0.00000      0.06311     -0.06311
  1.90      0.00000      0.06422     -0.06422
  1.92      0.00000      0.06569     -0.06569
  1.94      0.00000      0.06716     -0.06716
  1.96      0.00000      0.06863     -0.06863
  1.98      0.00000      0.07010     -0.07010
  2.00      0.00000      0.07157     -0.07157
  2.02      0.00000      0.07304     -0.07304
  2.04      0.00000      0.07451     -0.07451
  2.06      0.00000      0.07598     -0.07598
  2.08      0.00000      0.07745     -0.07745
  2.10      0.00000      0.07892     -0.07892
  2.12      0.00000      0.08039     -0.08039
  2.14      0.00000      0.08186     -0.08186
  2.16      0.00000      0.08333     -0.08333
  2.18      0.00000      0.08480     -0.08480
  2.20      0.00000      0.08627     -0.08627
  2.22      0.00000      0.08774     -0.08774
  2.24      0.00000      0.08921     -0.08921
  2.26      0.00000      0.09068     -0.09068
  2.28      0.00000      0.09215     -0.09215
  2.30      0.00000      0.09362     -0.09362
  2.32      0.00000      0.09510     -0.09510
  2.34      0.00000      0.09657     -0.09657
  2.36      0.00000      0.09804     -0.09804
  2.38      0.00000      0.09951     -0.09951
  2.40      0.00000      0.10098     -0.10098
  2.42      0.00000      0.10245     -0.10245
  2.44      0.00000      0.10392     -0.10392
  2.46      0.00000      0.10539     -0.10539
  2.48      0.00000      0.10686     -0.10686
  2.50      0.00000      0.10833     -0.10833
  2.52      0.00000      0.10980     -0.10980
  2.54      0.00000      0.11127     -0.11127
  2.56      0.00000      0.11274     -0.11274
  2.58      0.00000      0.11421     -0.11421
  2.60      0.00000      0.11568     -0.11568
  2.62      0.00000      0.11715     -0.11715
  2.64      0.00000      0.11862     -0.11862
  2.66      0.00000      0.12009     -0.12009
  2.68      0.00000      0.12156     -0.12156
  2.70      0.00000      0.12303     -0.12303
  2.72      0.00000      0.12450      2.13439
  2.74      0.00000      0.12597      2.13292
  2.76     11.29445      0.12744      2.13145
  2.78      0.00000      0.12670      2.13219
  2.80      0.00000      0.12698      2.13191
  2.82      0.00000      0.12727     -0.12727
  2.84      0.00000      0.12755     -0.12755
  2.86      0.00000      0.12784     -0.12784
  2.88      0.00000      0.12812     -0.12812
  2.90      0.00000      0.12840     -0.12840
  2.92      0.00000      0.12869     -0.12869
  2.94      0.00000      0.12897     -0.12897
  2.96      0.00000      0.12926     -0.12926
  2.98      0.00000      0.12954     -0.12954
  3.00      0.00000      0.12982     -0.12982
  3.02      0.00000      0.13011     -0.13011
  3.04      0.00000      0.13039     -0.13039
  3.06      0.00000      0.13068     -0.13068
  3.08      0.00000      0.13096     -0.13096
  3.10      0.00000      0.13124     -0.13124
  3.12      0.00000      0.13153     -0.13153
  3.14      0.00000      0.13181     -0.13181
  3.16      0.00000      0.13210     -0.13210
  3.18      0.00000      0.13238     -0.13238
  3.20      0.00000      0.13267     -0.13267
  3.22      0.00000      0.13295     -0.13295
  3.24      0.00000      0.13323     -0.13323
  3.26      0.00000      0.13352     -0.13352
  3.28      0.00000      0.13380     -0.13380
  3.30      0.00000      0.13409     -0.13409
  3.32      0.00000      0.13437     -0.13437
  3.34      0.00000      0.13465     -0.13465
  3.36      0.00000      0.13494     -0.13494
  3.38      0.00000      0.13522     -0.13522
  3.40      0.00000      0.13551     -0.13551
  3.42      0.00000      0.13579     -0.13579
  3.44      0.00000      0.13607     -0.13607
  3.46      0.00000      0.13636     -0.13636
  3.48      0.00000      0.13664     -0.13664
  3.50      0.00000      0.13693     -0.13693
  3.52      0.00000      0.13721     -0.13721
  3.54      0.00000      0.13790     -0.13790
  3.56      0.00000      0.13859     -0.13859
  3.58      0.00000      0.13929     -0.13929
  3.60      0.00000      0.13998     -0.13998
  3.62      0.00000      0.14067     -0.14067
  3.64      0.00000      0.14136     -0.14136
  3.66      0.00000      0.14205     -0.14205
  3.68      0.00000      0.14275     -0.14275
  3.70      0.00000      0.14344     -0.14344
  3.72      0.00000      0.14413     -0.14413
  3.74      0.00000      0.14482     -0.14482
  3.76      0.00000      0.14552     -0.14552
  3.78      0.00000      0.14621     -0.14621
  3.80      0.00000      0.14690     -0.14690
  3.82      0.00000      0.14759     -0.14759
  3.84      0.00000      0.14828     -0.14828
  3.86      0.00000      0.14898     -0.14898
  3.88      0.00000      0.14967      0.59134
  3.90      0.00000      0.15036      0.59064
  3.92      3.70502      0.15105      0.58995
  3.94      0.00000      0.15102      0.58999
  3.96      0.00000      0.15098      0.59002
  3.98      0.00000      0.15095     -0.15095
  4.00      0.00000      0.15092     -0.15092
  4.02      0.00000      0.15088     -0.15088
  4.04      0.00000      0.15085     -0.15085
  4.06      0.00000      0.15081     -0.15081
  4.08      0.00000      0.15078     -0.15078
  4.10      0.00000      0.15074     -0.15074
  4.12      0.00000      0.15071     -0.15071
  4.14      0.00000      0.15068     -0.15068
  4.16      0.00000      0.15064     -0.15064
  4.18      0.00000      0.15061     -0.15061
  4.20      0.00000      0.15126     -0.15126
  4.22      0.00000      0.15191     -0.15191
  4.24      0.00000      0.15256     -0.15256
  4.26      0.00000      0.15321     -0.15321
  4.28      0.00000      0.15386     -0.15386
  4.30      0.00000      0.15451     -0.15451
  4.32      0.00000      0.15515     -0.15515
  4.34      0.00000      0.15580     -0.15580
  4.36      0.00000      0.15645     -0.15645
  4.38      0.00000      0.15710     -0.15710
  4.40      0.00000      0.15775     -0.15775
  4.42      0.00000      0.15840     -0.15840
  4.44      0.00000      0.15905     -0.15905
  4.46      0.00000      0.15970     -0.15970
  4.48      0.00000      0.16035     -0.16035
  4.50      0.00000      0.16100     -0.16100
  4.52      0.00000      0.16165     -0.16165
  4.54      0.00000      0.16230     -0.16230
  4.56      0.00000      0.16295     -0.16295
  4.58      0.00000      0.16360     -0.16360
  4.60      0.00000      0.16425     -0.16425
  4.62      0.00000      0.16490     -0.16490
  4.64      0.00000      0.16555     -0.16555
  4.66      0.00000      0.16620     -0.16620
  4.68      0.00000      0.16685     -0.16685
  4.70      0.00000      0.16750     -0.16750
  4.72      0.00000      0.16815     -0.16815
  4.74      0.00000      0.16880     -0.16880
  4.76      0.00000      0.16945      1.92797
  4.78      0.00000      0.17029      1.92713
  4.80     10.48711      0.17223      1.92519
  4.82      0.00000      0.17212      1.92530
  4.84      0.00000      0.17202      1.92541
  4.86      0.00000      0.17191     -0.17191
  4.88      0.00000      0.17180     -0.17180
  4.90      0.00000      0.17169     -0.17169
  4.92      0.00000      0.17158     -0.17158
  4.94      0.00000      0.17147     -0.17147
  4.96      0.00000      0.17136     -0.17136
  4.98      0.00000      0.17125     -0.17125
  5.00      0.00000      0.17114     -0.17114
  5.02      0.00000      0.17103     -0.17103
  5.04      0.00000      0.17092     -0.17092
  5.06      0.00000      0.17081     -0.17081
  5.08      0.00000      0.17070     -0.17070
  5.10      0.00000      0.17059     -0.17059
  5.12      0.00000      0.17048     -0.17048
  5.14      0.00000      0.17037     -0.17037
  5.16      0.00000      0.17026     -0.17026
  5.18      0.00000      0.17015     -0.17015
  5.20      0.00000      0.17004     -0.17004
  5.22      0.00000      0.16993     -0.16993
  5.24      0.00000      0.16982     -0.16982
  5.26      0.00000      0.16971     -0.16971
  5.28      0.00000      0.16960     -0.16960
  5.30      0.00000      0.16949     -0.16949
  5.32      0.00000      0.16938     -0.16938
  5.34      0.00000      0.17024     -0.17024
  5.36      0.00000      0.17110     -0.17110
  5.38      0.00000      0.17195     -0.17195
  5.40      0.00000      0.17281     -0.17281
  5.42      0.00000      0.17367     -0.17367
  5.44      0.00000      0.17452     -0.17452
  5.46      0.00000      0.17538     -0.17538
  5.48      0.00000      0.17624     -0.17624
  5.50      0.00000      0.17709      0.65543
  5.52      0.00000      0.17795      0.65457
  5.54      4.16262      0.17881      0.65372
  5.56      0.00000      0.17885      0.65368
  5.58      0.00000      0.17889      0.65364
  5.60      0.00000      0.17893     -0.17893
  5.62      0.00000      0.17897     -0.17897
  5.64      0.00000      0.17901     -0.17901
  5.66      0.00000      0.17905     -0.17905
  5.68      0.00000      0.17909     -0.17909
  5.70      0.00000      0.17913     -0.17913
  5.72      0.00000      0.17917     -0.17917
  5.74      0.00000      0.17921     -0.17921
  5.76      0.00000      0.17925     -0.17925
  5.78      0.00000      0.17929     -0.17929
  5.80      0.00000      0.17933     -0.17933
  5.82      0.00000      0.17937     -0.17937
  5.84      0.00000      0.17953     -0.17953
  5.86      0.00000      0.17968     -0.17968
  5.88      0.00000      0.17983     -0.17983
  5.90      0.00000      0.17998     -0.17998
  5.92      0.00000      0.18014     -0.18014
  5.94      0.00000      0.18029     -0.18029
  5.96      0.00000      0.18081     -0.18081
  5.98      0.00000      0.18132     -0.18132
  6.00      0.00000      0.18184     -0.18184
  6.02      0.00000      0.18235     -0.18235
  6.04      0.00000      0.18287     -0.18287
  6.06      0.00000      0.18338     -0.18338
  6.08      0.00000      0.18390     -0.18390
  6.10      0.00000      0.18442     -0.18442
  6.12      0.00000      0.18493     -0.18493
  6.14      0.00000      0.18545     -0.18545
  6.16      0.00000      0.18596      1.20955
  6.18      0.00000      0.18648      1.20904
  6.20      6.97758      0.18700      1.20852
  6.22      0.00000      0.18614      1.20937
  6.24      0.00000      0.18529      1.21022
  6.26      0.00000      0.18444     -0.18444
  6.28      0.00000      0.18359     -0.18359
  6.30      0.00000      0.18273     -0.18273
  6.32      0.00000      0.18244     -0.18244
  6.34      0.00000      0.18216     -0.18216
  6.36      0.00000      0.18187     -0.18187
  6.38      0.00000      0.18158     -0.18158
  6.40      0.00000      0.18129     -0.18129
  6.42      0.00000      0.18100     -0.18100
  6.44      0.00000      0.18071     -0.18071
  6.46      0.00000      0.18042     -0.18042
  6.48      0.00000      0.18013     -0.18013
  6.50      0.00000      0.17984     -0.17984
  6.52      0.00000      0.17955     -0.17955
  6.54      0.00000      0.17926     -0.17926
  6.56      0.00000      0.17898     -0.17898
  6.58      0.00000      0.17869     -0.17869
  6.60      0.00000      0.17840     -0.17840
  6.62      0.00000      0.17811     -0.17811
  6.64      0.00000      0.17782     -0.17782
  6.66      0.00000      0.17753     -0.17753
  6.68      0.00000      0.17724     -0.17724
  6.70      0.00000      0.17695     -0.17695
  6.72      0.00000      0.17666     -0.17666
  6.74      0.00000      0.17637      0.21025
  6.76      0.00000      0.17608      0.21054
  6.78      1.93310      0.17613      0.21049
  6.80      0.00000      0.17579      0.21083
  6.82      0.00000      0.17545      0.21116
  6.84      0.00000      0.17615     -0.17615
  6.86      0.00000      0.17684     -0.17684
  6.88      0.00000      0.17753     -0.17753
  6.90      0.00000      0.17822     -0.17822
  6.92      0.00000      0.17891     -0.17891
  6.94      0.00000      0.17961     -0.17961
  6.96      0.00000      0.18030     -0.18030
  6.98      0.00000      0.18099     -0.18099
  7.00      0.00000      0.18168     -0.18168
  7.02      0.00000      0.18237     -0.18237
  7.04      0.00000      0.18307     -0.18307
  7.06      0.00000      0.18376     -0.18376
  7.08      0.00000      0.18445     -0.18445
  7.10      0.00000      0.18514     -0.18514
  7.12      0.00000      0.18583     -0.18583
  7.14      0.00000      0.18653     -0.18653
  7.16      0.00000      0.18722     -0.18722
  7.18      0.00000      0.18791     -0.18791
  7.20      0.00000      0.18888     -0.18888
  7.22      0.00000      0.18984     -0.18984
  7.24      0.00000      0.19081     -0.19081
  7.26      0.00000      0.19178     -0.19178
  7.28      0.00000      0.19275     -0.19275
  7.30      0.00000      0.19371      1.77791
  7.32      0.00000      0.19468      1.77694
  7.34      9.85811      0.19565      1.77597
  7.36      0.00000      0.19468      1.77694
  7.38      0.00000      0.19372      1.77791
  7.40      0.00000      0.19275     -0.19275
  7.42      0.00000      0.19179     -0.19179
  7.44      0.00000      0.19082     -0.19082
  7.46      0.00000      0.18986     -0.18986
  7.48      0.00000      0.18889     -0.18889
  7.50      0.00000      0.18792     -0.18792
  7.52      0.00000      0.18696     -0.18696
  7.54      0.00000      0.18599     -0.18599
  7.56      0.00000      0.18503     -0.18503
  7.58      0.00000      0.18447     -0.18447
  7.60      0.00000      0.18391     -0.18391
  7.62      0.00000      0.18362     -0.18362
  7.64      0.00000      0.18332     -0.18332
  7.66      0.00000      0.18302     -0.18302
  7.68      0.00000      0.18272     -0.18272
  7.70      0.00000      0.18243     -0.18243
  7.72      0.00000      0.18213     -0.18213
  7.74      0.00000      0.18183     -0.18183
  7.76      0.00000      0.18154     -0.18154
  7.78      0.00000      0.18124     -0.18124
  7.80      0.00000      0.18094      0.04753
  7.82      0.00000      0.18065      0.04783
  7.84      1.14238      0.18035      0.04813
  7.86      0.00000      0.17983      0.04865
  7.88      0.00000      0.17931      0.04917
  7.90      0.00000      0.17878     -0.17878
  7.92      0.00000      0.17826     -0.17826
  7.94      0.00000      0.17774     -0.17774
  7.96      0.00000      0.17722     -0.17722
  7.98      0.00000      0.17670     -0.17670
  8.00      0.00000      0.17687     -0.17687
  8.02      0.00000      0.17704     -0.17704
  8.04      0.00000      0.17721     -0.17721
  8.06      0.00000      0.17738     -0.17738
  8.08      0.00000      0.17755     -0.17755
  8.10      0.00000      0.17772     -0.17772
  8.12      0.00000      0.17788     -0.17788
  8.14      0.00000      0.17805     -0.17805
  8.16      0.00000      0.17822     -0.17822
  8.18      0.00000      0.17839     -0.17839
  8.20      0.00000      0.17856     -0.17856
  8.22      0.00000      0.17873     -0.17873
  8.24      0.00000      0.17958     -0.17958
  8.26      0.00000      0.18044     -0.18044
  8.28      0.00000      0.18129      0.96755
  8.30      0.00000      0.18214      0.96669
  8.32      5.74418      0.18299      0.96584
  8.34      0.00000      0.18272      0.96611
  8.36      0.00000      0.18245      0.96639
  8.38      0.00000      0.18218     -0.18218
  8.40      0.00000      0.18190     -0.18190
  8.42      0.00000      0.18163     -0.18163
  8.44      0.00000      0.18136     -0.18136
  8.46      0.00000      0.18108     -0.18108
  8.48      0.00000      0.18081     -0.18081
  8.50      0.00000      0.18054     -0.18054
  8.52      0.00000      0.18026     -0.18026
  8.54      0.00000      0.17999     -0.17999
  8.56      0.00000      0.17972     -0.17972
  8.58      0.00000      0.17944     -0.17944
  8.60      0.00000      0.17917     -0.17917
  8.62      0.00000      0.17890     -0.17890
  8.64      0.00000      0.17862     -0.17862
  8.66      0.00000      0.17835     -0.17835
  8.68      0.00000      0.17808     -0.17808
  8.70      0.00000      0.17780     -0.17780
  8.72      0.00000      0.17753     -0.17753
  8.74      0.00000      0.17764      0.49986
  8.76      0.00000      0.17774      0.49976
  8.78      3.38748      0.17784      0.49965
  8.80      0.00000      0.17728      0.50021
  8.82      0.00000      0.17691      0.50058
  8.84      0.00000      0.17654     -0.17654
  8.86      0.00000      0.17617     -0.17617
  8.88      0.00000      0.17580     -0.17580
  8.90      0.00000      0.17543     -0.17543
  8.92      0.00000      0.17506     -0.17506
  8.94      0.00000      0.17469     -0.17469
  8.96      0.00000      0.17432     -0.17432
  8.98      0.00000      0.17395     -0.17395
  9.00      0.00000      0.17358     -0.17358
  9.02      0.00000      0.17321     -0.17321
  9.04      0.00000      0.17284     -0.17284
  9.06      0.00000      0.17247     -0.17247
  9.08      0.00000      0.17210     -0.17210
  9.10      0.00000      0.17181     -0.17181
  9.12      0.00000      0.17152     -0.17152
  9.14      0.00000      0.17124     -0.17124
  9.16      0.00000      0.17095      0.39076
  9.18      0.00000      0.17066      0.39105
  9.20      2.80857      0.17038      0.39134
  9.22      0.00000      0.16954      0.39217
  9.24      0.00000      0.16870      0.39301
  9.26      0.00000      0.16787     -0.16787
  9.28      0.00000      0.16703     -0.16703
  9.30      0.00000      0.16619     -0.16619
  9.32      0.00000      0.16536     -0.16536
  9.34      0.00000      0.16452     -0.16452
  9.36      0.00000      0.16368     -0.16368
  9.38      0.00000      0.16381     -0.16381
  9.40      0.00000      0.16394     -0.16394
  9.42      0.00000      0.16407     -0.16407
  9.44      0.00000      0.16449     -0.16449
  9.46      0.00000      0.16490     -0.16490
  9.48      0.00000      0.16532     -0.16532
  9.50      0.00000      0.16574     -0.16574
  9.52      0.00000      0.16616     -0.16616
  9.54      0.00000      0.16657     -0.16657
  9.56      0.00000      0.16699     -0.16699
  9.58      0.00000      0.16741      0.36366
  9.60      0.00000      0.16783      0.36325
  9.62      2.65536      0.16824      0.36283
  9.64      0.00000      0.16814      0.36293
  9.66      0.00000      0.16804      0.36304
  9.68      0.00000      0.16793     -0.16793
  9.70      0.00000      0.16783     -0.16783
  9.72      0.00000      0.16773     -0.16773
  9.74      0.00000      0.16762     -0.16762
  9.76      0.00000      0.16752     -0.16752
  9.78      0.00000      0.16758     -0.16758
  9.80      0.00000      0.16765     -0.16765
  9.82      0.00000      0.16771     -0.16771
  9.84      0.00000      0.16778     -0.16778
  9.86      0.00000      0.16784     -0.16784
  9.88      0.00000      0.16802     -0.16802
  9.90      0.00000      0.16820     -0.16820
  9.92      0.00000      0.16837     -0.16837
  9.94      0.00000      0.16855     -0.16855
  9.96      0.00000      0.16873      1.23928
  9.98      0.00000      0.16890      1.23910
 10.00      7.04003      0.16908      1.23892
 10.02      0.00000      0.16788      1.24013
 10.04      0.00000      0.16667      1.24133
 10.06      0.00000      0.16547     -0.16547
 10.08      0.00000      0.16427     -0.16427
 10.10      0.00000      0.16341     -0.16341
 10.12      0.00000      0.16255     -0.16255
 10.14      0.00000      0.16169     -0.16169
 10.16      0.00000      0.16084     -0.16084
 10.18      0.00000      0.15998     -0.15998
 10.20      0.00000      0.15912     -0.15912
 10.22      0.00000      0.15826     -0.15826
 10.24      0.00000      0.15741     -0.15741
 10.26      0.00000      0.15655     -0.15655
 10.28      0.00000      0.15569     -0.15569
 10.30      0.00000      0.15483     -0.15483
 10.32      0.00000      0.15397     -0.15397
 10.34      0.00000      0.15312     -0.15312
 10.36      0.00000      0.15282     -0.15282
 10.38      0.00000      0.15253     -0.15253
 10.40      0.00000      0.15223     -0.15223
 10.42      0.00000      0.15205     -0.15205
 10.44      0.00000      0.15186     -0.15186
 10.46      0.00000      0.15168     -0.15168
 10.48      0.00000      0.15149     -0.15149
 10.50      0.00000      0.15131     -0.15131
 10.52      0.00000      0.15112     -0.15112
 10.54      0.00000      0.15094     -0.15094
 10.56      0.00000      0.15075     -0.15075
 10.58      0.00000      0.15057     -0.15057
 10.60      0.00000      0.15038     -0.15038
 10.62      0.00000      0.15020     -0.15020
 10.64      0.00000      0.15001     -0.15001
 10.66      0.00000      0.14983     -0.14983
 10.68      0.00000      0.14964     -0.14964
 10.70      0.00000      0.14946      0.62019
 10.72      0.00000      0.14947      0.62018
 10.74      3.84824      0.14949      0.62016
 10.76      0.00000      0.14875      0.62090
 10.78      0.00000      0.14801      0.62164
 10.80      0.00000      0.14727     -0.14727
 10.82      0.00000      0.14686     -0.14686
 10.84      0.00000      0.14645     -0.14645
 10.86      0.00000      0.14604     -0.14604
 10.88      0.00000      0.14563     -0.14563
 10.90      0.00000      0.14523     -0.14523
 10.92      0.00000      0.14482     -0.14482
 10.94      0.00000      0.14441     -0.14441
 10.96      0.00000      0.14400     -0.14400
 10.98      0.00000      0.14359     -0.14359
 11.00      0.00000      0.14319     -0.14319
 11.02      0.00000      0.14286     -0.14286
 11.04      0.00000      0.14254     -0.14254
 11.06      0.00000      0.14222      0.02952
 11.08      0.00000      0.14190      0.02984
 11.10      0.85873      0.14158      0.03016
 11.12      0.00000      0.14109      0.03065
 11.14      0.00000      0.14061      0.03114
 11.16      0.00000      0.14012     -0.14012
 11.18      0.00000      0.13963     -0.13963
 11.20      0.00000      0.13914     -0.13914
 11.22      0.00000      0.13865     -0.13865
 11.24      0.00000      0.13844     -0.13844
 11.26      0.00000      0.13822     -0.13822
 11.28      0.00000      0.13801     -0.13801
 11.30      0.00000      0.13780     -0.13780
 11.32      0.00000      0.13773     -0.13773
 11.34      0.00000      0.13767     -0.13767
 11.36      0.00000      0.13761     -0.13761
 11.38      0.00000      0.13755     -0.13755
 11.40      0.00000      0.13749      0.44991
 11.42      0.00000      0.13743      0.44997
 11.44      2.93699      0.13737      0.45003
 11.46      0.00000      0.13673      0.45067
 11.48      0.00000      0.13609      0.45130
 11.50      0.00000      0.13546     -0.13546
 11.52      0.00000      0.13482     -0.13482
 11.54      0.00000      0.13418     -0.13418
 11.56      0.00000      0.13355     -0.13355
 11.58      0.00000      0.13291     -0.13291
 11.60      0.00000      0.13230     -0.13230
 11.62      0.00000      0.13168     -0.13168
 11.64      0.00000      0.13107     -0.13107
 11.66      0.00000      0.13072     -0.13072
 11.68      0.00000      0.13036     -0.13036
 11.70      0.00000      0.13001     -0.13001
 11.72      0.00000      0.12966     -0.12966
 11.74      0.00000      0.12931      0.21375
 11.76      0.00000      0.12895      0.21410
 11.78      1.71529      0.12860      0.21446
 11.80      0.00000      0.12791      0.21515
 11.82      0.00000      0.12722      0.21583
 11.84      0.00000      0.12653     -0.12653
 11.86      0.00000      0.12585     -0.12585
 11.88      0.00000      0.12537     -0.12537
 11.90      0.00000      0.12489     -0.12489
 11.92      0.00000      0.12442     -0.12442
 11.94      0.00000      0.12394     -0.12394
 11.96      0.00000      0.12346     -0.12346
 11.98      0.00000      0.12299     -0.12299
 12.00      0.00000      0.12251     -0.12251
 12.02      0.00000      0.12203     -0.12203
 12.04      0.00000      0.12225     -0.12225
 12.06      0.00000      0.12246      0.58274
 12.08      0.00000      0.12267      0.58253
 12.10      3.52601      0.12289      0.58231
 12.12      0.00000      0.12241      0.58279
 12.14      0.00000      0.12193      0.58327
 12.16      0.00000      0.12151     -0.12151
 12.18      0.00000      0.12109     -0.12109
 12.20      0.00000      0.12067     -0.12067
 12.22      0.00000      0.12025     -0.12025
 12.24      0.00000      0.11983     -0.11983
 12.26      0.00000      0.11941     -0.11941
 12.28      0.00000      0.11899     -0.11899
 12.30      0.00000      0.11857     -0.11857
 12.32      0.00000      0.11815     -0.11815
 12.34      0.00000      0.11773     -0.11773
 12.36      0.00000      0.11731     -0.11731
 12.38      0.00000      0.11690      0.10702
 12.40      0.00000      0.11648      0.10744
 12.42      1.11956      0.11624      0.10767
 12.44      0.00000      0.11579      0.10813
 12.46      0.00000      0.11533      0.10858
 12.48      0.00000      0.11488     -0.11488
 12.50      0.00000      0.11442     -0.11442
 12.52      0.00000      0.11397     -0.11397
 12.54      0.00000      0.11351     -0.11351
 12.56      0.00000      0.11306     -0.11306
 12.58      0.00000      0.11260     -0.11260
 12.60      0.00000      0.11215     -0.11215
 12.62      0.00000      0.11169     -0.11169
 12.64      0.00000      0.11124     -0.11124
 12.66      0.00000      0.11079     -0.11079
 12.68      0.00000      0.11033      0.29621
 12.70      0.00000      0.10997      0.29657
 12.72      2.03271      0.10960      0.29694
 12.74      0.00000      0.10884      0.29770
 12.76      0.00000      0.10808      0.29846
 12.78      0.00000      0.10769     -0.10769
 12.80      0.00000      0.10731     -0.10731
 12.82      0.00000      0.10692     -0.10692
 12.84      0.00000      0.10654     -0.10654
 12.86      0.00000      0.10615     -0.10615
 12.88      0.00000      0.10577     -0.10577
 12.90      0.00000      0.10538     -0.10538
 12.92      0.00000      0.10500     -0.10500
 12.94      0.00000      0.10461     -0.10461
 12.96      0.00000      0.10426     -0.10426
 12.98      0.00000      0.10391      0.07483
 13.00      0.00000      0.10356      0.07518
 13.02      0.89369      0.10321      0.07553
 13.04      0.00000      0.10268      0.07606
 13.06      0.00000      0.10215      0.07659
 13.08      0.00000      0.10163     -0.10163
 13.10      0.00000      0.10110     -0.10110
 13.12      0.00000      0.10057     -0.10057
 13.14      0.00000      0.10013     -0.10013
 13.16      0.00000      0.09969     -0.09969
 13.18      0.00000      0.09925     -0.09925
 13.20      0.00000      0.09880     -0.09880
 13.22      0.00000      0.09836     -0.09836
 13.24      0.00000      0.09792     -0.09792
 13.26      0.00000      0.09748     -0.09748
 13.28      0.00000      0.09703      0.21374
 13.30      0.00000      0.09659      0.21418
 13.32      1.55384      0.09615      0.21462
 13.34      0.00000      0.09540      0.21537
 13.36      0.00000      0.09465      0.21611
 13.38      0.00000      0.09391     -0.09391
 13.40      0.00000      0.09316     -0.09316
 13.42      0.00000      0.09241     -0.09241
 13.44      0.00000      0.09167     -0.09167
 13.46      0.00000      0.09103     -0.09103
 13.48      0.00000      0.09069     -0.09069
 13.50      0.00000      0.09035     -0.09035
 13.52      0.00000      0.09000     -0.09000
 13.54      0.00000      0.08966     -0.08966
 13.56      0.00000      0.08931     -0.04019
 13.58      0.00000      0.08897     -0.03985
 13.60      0.24560      0.08862     -0.03950
 13.62      0.00000      0.08823     -0.03911
 13.64      0.00000      0.08784     -0.03872
 13.66      0.00000      0.08745     -0.08745
 13.68      0.00000      0.08705     -0.08705
 13.70      0.00000      0.08667     -0.08667
 13.72      0.00000      0.08628     -0.08628
 13.74      0.00000      0.08590     -0.08590
 13.76      0.00000      0.08551     -0.08551
 13.78      0.00000      0.08512     -0.08512
 13.80      0.00000      0.08474     -0.08474
 13.82      0.00000      0.08452     -0.08452
 13.84      0.00000      0.08430      0.34885
 13.86      0.00000      0.08408      0.34907
 13.88      2.16575      0.08387      0.34928
 13.90      0.00000      0.08322      0.34993
 13.92      0.00000      0.08258      0.35057
 13.94      0.00000      0.08202     -0.08202
 13.96      0.00000      0.08146     -0.08146
 13.98      0.00000      0.08089     -0.08089
 14.00      0.00000      0.08033     -0.08033
 14.02      0.00000      0.07977     -0.07977
 14.04      0.00000      0.07920     -0.07920
 14.06      0.00000      0.07864     -0.07864
 14.08      0.00000      0.07808     -0.07808
 14.10      0.00000      0.07752     -0.07752
 14.12      0.00000      0.07695      0.04179
 14.14      0.00000      0.07674      0.04201
 14.16      0.59372      0.07652      0.04222
 14.18      0.00000      0.07619      0.04256
 14.20      0.00000      0.07589      0.04285
 14.22      0.00000      0.07560     -0.07560
 14.24      0.00000      0.07530     -0.07530
 14.26      0.00000      0.07501     -0.07501
 14.28      0.00000      0.07471     -0.07471
 14.30      0.00000      0.07442     -0.07442
 14.32      0.00000      0.07412     -0.07412
 14.34      0.00000      0.07383     -0.07383
 14.36      0.00000      0.07353     -0.07353
 14.38      0.00000      0.07324      0.30322
 14.40      0.00000      0.07295      0.30352
 14.42      1.88232      0.07269      0.30377
 14.44      0.00000      0.07206      0.30440
 14.46      0.00000      0.07155      0.30491
 14.48      0.00000      0.07103     -0.07103
 14.50      0.00000      0.07052     -0.07052
 14.52      0.00000      0.07000     -0.07000
 14.54      0.00000      0.06949     -0.06949
 14.56      0.00000      0.06897     -0.06897
 14.58      0.00000      0.06846     -0.06846
 14.60      0.00000      0.06794     -0.06794
 14.62      0.00000      0.06743     -0.06743
 14.64      0.00000      0.06691     -0.06691
 14.66      0.00000      0.06642      0.11842
 14.68      0.00000      0.06592      0.11892
 14.70      0.92419      0.06542      0.11942
 14.72      0.00000      0.06474      0.12010
 14.74      0.00000      0.06406      0.12077
 14.76      0.00000      0.06359     -0.06359
 14.78      0.00000      0.06311     -0.06311
 14.80      0.00000      0.06263     -0.06263
 14.82      0.00000      0.06215     -0.06215
 14.84      0.00000      0.06167     -0.06167
 14.86      0.00000      0.06119     -0.06119
 14.88      0.00000      0.06071     -0.06071
 14.90      0.00000      0.06028     -0.06028
 14.92      0.00000      0.05985      0.00934
 14.94      0.00000      0.05942      0.00977
 14.96      0.34595      0.05899      0.01020
 14.98      0.00000      0.05849      0.01070
 15.00      0.00000      0.05799      0.01120
 15.02      0.00000      0.05750     -0.05750
 15.04      0.00000      0.05700     -0.05700
 15.06      0.00000      0.05659     -0.05659
 15.08      0.00000      0.05618     -0.05618
 15.10      0.00000      0.05577     -0.05577
 15.12      0.00000      0.05537     -0.05537
 15.14      0.00000      0.05497     -0.05497
 15.16      0.00000      0.05457     -0.05457
 15.18      0.00000      0.05417     -0.05417
 15.20      0.00000      0.05377     -0.05377
 15.22      0.00000      0.05337     -0.05337
 15.24      0.00000      0.05297     -0.05297
 15.26      0.00000      0.05257     -0.05257
 15.28      0.00000      0.05217     -0.05217
 15.30      0.00000      0.05177     -0.05177
 15.32      0.00000      0.05137     -0.05137
 15.34      0.00000      0.05099     -0.05099
 15.36      0.00000      0.05076     -0.05076
 15.38      0.00000      0.05052     -0.05052
 15.40      0.00000      0.05029     -0.05029
 15.42      0.00000      0.05006      0.18417
 15.44      0.00000      0.04983      0.18440
 15.46      1.17112      0.04959      0.18463
 15.48      0.00000      0.04913      0.18509
 15.50      0.00000      0.04867      0.18555
 15.52      0.00000      0.04821     -0.04821
 15.54      0.00000      0.04774     -0.04774
 15.56      0.00000      0.04729     -0.04729
 15.58      0.00000      0.04683     -0.04683
 15.60      0.00000      0.04637     -0.04637
 15.62      0.00000      0.04592     -0.04592
 15.64      0.00000      0.04549     -0.04549
 15.66      0.00000      0.04505     -0.03167
 15.68      0.00000      0.04462     -0.03124
 15.70      0.06690      0.04419     -0.03081
 15.72      0.00000      0.04374     -0.03036
 15.74      0.00000      0.04330     -0.02992
 15.76      0.00000      0.04285     -0.04285
 15.78      0.00000      0.04241     -0.04241
 15.80      0.00000      0.04197     -0.04197
 15.82      0.00000      0.04152     -0.04152
 15.84      0.00000      0.04108     -0.04108
 15.86      0.00000      0.04064     -0.04064
 15.88      0.00000      0.04020     -0.04020
 15.90      0.00000      0.03976      0.12240
 15.92      0.00000      0.03953      0.12263
 15.94      0.81076      0.03930      0.12286
 15.96      0.00000      0.03891      0.12325
 15.98      0.00000      0.03852      0.12363
 16.00      0.00000      0.03814     -0.03814
 16.02      0.00000      0.03776     -0.03776
 16.04      0.00000      0.03737     -0.03737
 16.06      0.00000      0.03699     -0.03699
 16.08      0.00000      0.03661     -0.03661
 16.10      0.00000      0.03623     -0.03623
 16.12      0.00000      0.03585     -0.03585
 16.14      0.00000      0.03547     -0.03547
 16.16      0.00000      0.03508      0.04479
 16.18      0.00000      0.03470      0.04517
 16.20      0.39938      0.03439      0.04549
 16.22      0.00000      0.03399      0.04589
 16.24      0.00000      0.03360      0.04628
 16.26      0.00000      0.03320     -0.03320
 16.28      0.00000      0.03281     -0.03281
 16.30      0.00000      0.03241     -0.03241
 16.32      0.00000      0.03202     -0.03202
 16.34      0.00000      0.03162     -0.03162
 16.36      0.00000      0.03123     -0.03123
 16.38      0.00000      0.03083      0.04789
 16.40      0.00000      0.03044      0.04829
 16.42      0.39363      0.03005      0.04868
 16.44      0.00000      0.02958      0.04915
 16.46      0.00000      0.02930      0.04943
 16.48      0.00000      0.02902     -0.02902
 16.50      0.00000      0.02873     -0.02873
 16.52      0.00000      0.02845     -0.02845
 16.54      0.00000      0.02817     -0.02817
 16.56      0.00000      0.02789     -0.02789
 16.58      0.00000      0.02760     -0.02760
 16.60      0.00000      0.02732     -0.02732
 16.62      0.00000      0.02705      0.00983
 16.64      0.00000      0.02677      0.01010
 16.66      0.18436      0.02649      0.01038
 16.68      0.00000      0.02618      0.01069
 16.70      0.00000      0.02587      0.01100
 16.72      0.00000      0.02556     -0.02556
 16.74      0.00000      0.02534     -0.02534
 16.76      0.00000      0.02512     -0.02512
 16.78      0.00000      0.02490     -0.02490
 16.80      0.00000      0.02468     -0.02468
 16.82      0.00000      0.02445     -0.02445
 16.84      0.00000      0.02423     -0.02423
 16.86      0.00000      0.02401      0.07553
 16.88      0.00000      0.02379      0.07575
 16.90      0.49769      0.02357      0.07597
 16.92      0.00000      0.02325      0.07629
 16.94      0.00000      0.02293      0.07661
 16.96      0.00000      0.02261     -0.02261
 16.98      0.00000      0.02230     -0.02230
 17.00      0.00000      0.02201     -0.02201
 17.02      0.00000      0.02173     -0.02173
 17.04      0.00000      0.02144     -0.02144
 17.06      0.00000      0.02116     -0.02116
 17.08      0.00000      0.02087      0.00179
 17.10      0.00000      0.02059      0.00208
 17.12      0.11333      0.02030      0.00236
 17.14      0.00000      0.01999      0.00267
 17.16      0.00000      0.01969      0.00298
 17.18      0.00000      0.01938     -0.01938
 17.20      0.00000      0.01907     -0.01907
 17.22      0.00000      0.01877     -0.01877
 17.24      0.00000      0.01846     -0.01846
 17.26      0.00000      0.01816     -0.01816
 17.28      0.00000      0.01785     -0.01785
 17.30      0.00000      0.01755      0.01229
 17.32      0.00000      0.01724      0.01259
 17.34      0.14916      0.01694      0.01290
 17.36      0.00000      0.01660      0.01323
 17.38      0.00000      0.01627      0.01357
 17.40      0.00000      0.01593     -0.01593
 17.42      0.00000      0.01560     -0.01560
 17.44      0.00000      0.01526     -0.01526
 17.46      0.00000      0.01493     -0.01493
 17.48      0.00000      0.01459     -0.01459
 17.50      0.00000      0.01437     -0.01437
 17.52      0.00000      0.01415     -0.00311
 17.54      0.00000      0.01393     -0.00289
 17.56      0.05523      0.01371     -0.00267
 17.58      0.00000      0.01348     -0.00244
 17.60      0.00000      0.01325     -0.00221
 17.62      0.00000      0.01302     -0.01302
 17.64      0.00000      0.01279     -0.01279
 17.66      0.00000      0.01256     -0.01256
 17.68      0.00000      0.01233     -0.01233
 17.70      0.00000      0.01210     -0.01210
 17.72      0.00000      0.01187     -0.01187
 17.74      0.00000      0.01165     -0.00437
 17.76      0.00000      0.01142     -0.00415
 17.78      0.03637      0.01120     -0.00392
 17.80      0.00000      0.01097     -0.00369
 17.82      0.00000      0.01073     -0.00346
 17.84      0.00000      0.01050     -0.01050
 17.86      0.00000      0.01027     -0.01027
 17.88      0.00000      0.01004     -0.01004
 17.90      0.00000      0.00981     -0.00981
 17.92      0.00000      0.00958     -0.00958
 17.94      0.00000      0.00935     -0.00935
 17.96      0.00000      0.00912      0.00526
 17.98      0.00000      0.00897      0.00541
 18.00      0.07187      0.00881      0.00556
 18.02      0.00000      0.00865      0.00573
 18.04      0.00000      0.00848      0.00589
 18.06      0.00000      0.00832     -0.00832
 18.08      0.00000      0.00815     -0.00815
 18.10      0.00000      0.00798     -0.00798
 18.12      0.00000      0.00782     -0.00782
 18.14      0.00000      0.00765     -0.00765
 18.16      0.00000      0.00749      0.00672
 18.18      0.00000      0.00732      0.00688
 18.20      0.07103      0.00716      0.00705
 18.22      0.00000      0.00698      0.00723
 18.24      0.00000      0.00684      0.00737
 18.26      0.00000      0.00669     -0.00669
 18.28      0.00000      0.00655     -0.00655
 18.30      0.00000      0.00641     -0.00641
 18.32      0.00000      0.00627     -0.00627
 18.34      0.00000      0.00613     -0.00613
 18.36      0.00000      0.00599     -0.00599
 18.38      0.00000      0.00585      0.00468
 18.40      0.00000      0.00571      0.00482
 18.42      0.05266      0.00557      0.00496
 18.44      0.00000      0.00542      0.00511
 18.46      0.00000      0.00531      0.00522
 18.48      0.00000      0.00519     -0.00519
 18.50      0.00000      0.00508     -0.00508
 18.52      0.00000      0.00497     -0.00497
 18.54      0.00000      0.00486     -0.00486
 18.56      0.00000      0.00475     -0.00475
 18.58      0.00000      0.00463      0.00925
 18.60      0.00000      0.00452      0.00936
 18.62      0.06943      0.00441      0.00948
 18.64      0.00000      0.00428      0.00960
 18.66      0.00000      0.00416      0.00973
 18.68      0.00000      0.00403     -0.00403
 18.70      0.00000      0.00392     -0.00392
 18.72      0.00000      0.00382     -0.00382
 18.74      0.00000      0.00371     -0.00371
 18.76      0.00000      0.00360     -0.00360
 18.78      0.00000      0.00349     -0.00349
 18.80      0.00000      0.00338     -0.00338
 18.82      0.00000      0.00328     -0.00328
 18.84      0.00000      0.00317     -0.00317
 18.86      0.00000      0.00306     -0.00306
 18.88      0.00000      0.00295     -0.00295
 18.90      0.00000      0.00285     -0.00285
 18.92      0.00000      0.00274     -0.00274
 18.94      0.00000      0.00268     -0.00268
 18.96      0.00000      0.00262     -0.00262
 18.98      0.00000      0.00256     -0.00256
 19.00      0.00000      0.00250     -0.00250
 19.02      0.00000      0.00244     -0.00244
 19.04      0.00000      0.00238     -0.00238
 19.06      0.00000      0.00232     -0.00232
 19.08      0.00000      0.00226     -0.00226
 19.10      0.00000      0.00221     -0.00221
 19.12      0.00000      0.00215     -0.00215
 19.14      0.00000      0.00209     -0.00209
 19.16      0.00000      0.00204     -0.00204
 19.18      0.00000      0.00199     -0.00199
 19.20      0.00000      0.00194      0.00142
 19.22      0.00000      0.00190      0.00147
 19.24      0.01681      0.00185      0.00151
 19.26      0.00000      0.00180      0.00156
 19.28      0.00000      0.00175      0.00162
 19.30      0.00000      0.00169     -0.00169
 19.32      0.00000      0.00164     -0.00164
 19.34      0.00000      0.00159     -0.00159
 19.36      0.00000      0.00154     -0.00154
 19.38      0.00000      0.00150     -0.00150
 19.40      0.00000      0.00147     -0.00147
 19.42      0.00000      0.00143     -0.00143
 19.44      0.00000      0.00139     -0.00139
 19.46      0.00000      0.00136     -0.00136
 19.48      0.00000      0.00132     -0.00132
 19.50      0.00000      0.00128     -0.00128
 19.52      0.00000      0.00125     -0.00125
 19.54      0.00000      0.00121     -0.00121
 19.56      0.00000      0.00117     -0.00117
 19.58      0.00000      0.00114     -0.00114
 19.60      0.00000      0.00111     -0.00111
 19.62      0.00000      0.00108     -0.00108
 19.64      0.00000      0.00104     -0.00104
 19.66      0.00000      0.00101     -0.00101
 19.68      0.00000      0.00098     -0.00098
 19.70      0.00000      0.00095     -0.00095
 19.72      0.00000      0.00092     -0.00092
 19.74      0.00000      0.00089     -0.00089
 19.76      0.00000      0.00086     -0.00086
 19.78      0.00000      0.00083     -0.00083
 19.80      0.00000      0.00080     -0.00080
 19.82      0.00000      0.00077     -0.00077
 19.84      0.00000      0.00074     -0.00074
 19.86      0.00000      0.00071     -0.00071
 19.88      0.00000      0.00068     -0.00068
 19.90      0.00000      0.00066     -0.00066
 19.92      0.00000      0.00063     -0.00063
 19.94      0.00000      0.00060     -0.00060
 19.96      0.00000      0.00057     -0.00057
 19.98      0.00000      0.00055     -0.00055
 20.00      0.00000      0.00052     -0.00052
 20.02      0.00000      0.00049     -0.00049
 20.04      0.00000      0.00047     -0.00047
 20.06      0.00000      0.00045     -0.00045
 20.08      0.00000      0.00043     -0.00043
 20.10      0.00000      0.00041     -0.00041
 20.12      0.00000      0.00039     -0.00039
 20.14      0.00000      0.00037     -0.00037
 20.16      0.00000      0.00035     -0.00035
 20.18      0.00000      0.00033     -0.00033
 20.20      0.00000      0.00031     -0.00031
 20.22      0.00000      0.00029     -0.00029
 20.24      0.00000      0.00027     -0.00027
 20.26      0.00000      0.00026     -0.00026
 20.28      0.00000      0.00024     -0.00024
 20.30      0.00000      0.00023     -0.00023
 20.32      0.00000      0.00022     -0.00022
 20.34      0.00000      0.00020     -0.00020
 20.36      0.00000      0.00019     -0.00019
 20.38      0.00000      0.00018     -0.00018
 20.40      0.00000      0.00016     -0.00016
 20.42      0.00000      0.00015     -0.00015
 20.44      0.00000      0.00014     -0.00014
 20.46      0.00000      0.00013     -0.00013
 20.48      0.00000      0.00012     -0.00012
 20.50      0.00000      0.00011     -0.00011
 20.52      0.00000      0.00010     -0.00010
 20.54      0.00000      0.00009     -0.00009
 20.56      0.00000      0.00008     -0.00008
 20.58      0.00000      0.00008     -0.00008
 20.60      0.00000      0.00007     -0.00007
 20.62      0.00000      0.00006     -0.00006
 20.64      0.00000      0.00005     -0.00005
 20.66      0.00000      0.00005     -0.00005
 20.68      0.00000      0.00005     -0.00005
 20.70      0.00000      0.00005     -0.00005
 20.72      0.00000      0.00004     -0.00004
 20.74      0.00000      0.00004     -0.00004
 20.76      0.00000      0.00004     -0.00004
 20.78      0.00000      0.00004     -0.00004
 20.80      0.00000      0.00004     -0.00004
 20.82      0.00000      0.00004     -0.00004
 20.84      0.00000      0.00003     -0.00003
 20.86      0.00000      0.00003     -0.00003
 20.88      0.00000      0.00003     -0.00003
 20.90      0.00000      0.00003     -0.00003
 20.92      0.00000      0.00003     -0.00003
 20.94      0.00000      0.00003     -0.00003
 20.96      0.00000      0.00002     -0.00002
 20.98      0.00000      0.00002     -0.00002
 21.00      0.00000      0.00002     -0.00002
 21.02      0.00000      0.00002     -0.00002
 21.04      0.00000      0.00002     -0.00002
 21.06      0.00000      0.00002     -0.00002
 21.08      0.00000      0.00001     -0.00001
 21.10      0.00000      0.00001     -0.00001
 21.12      0.00000      0.00001     -0.00001
 21.14      0.00000      0.00001     -0.00001
 21.16      0.00000      0.00001     -0.00001
 21.18      0.00000      0.00001     -0.00001
 21.20      0.00000      0.00000     -0.00000
 21.22      0.00000      0.00000     -0.00000
 21.24      0.00000      0.00000     -0.00000
 21.26      0.00000      0.00000      0.00000
 21.28      0.00000      0.00000      0.00000
 21.30      0.00000      0.00000      0.00000
 21.32      0.00000      0.00000      0.00000
 21.34      0.00000      0.00000      0.00000
 21.36      0.00000      0.00000      0.00000
 21.38      0.00000      0.00000      0.00000
 21.40      0.00000      0.00000      0.00000
 21.42      0.00000      0.00000      0.00000
 21.44      0.00000      0.00000      0.00000
 21.46      0.00000      0.00000      0.00000
 21.48      0.00000      0.00000      0.00000
 21.50      0.00000      0.00000      0.00000
 21.52      0.00000      0.00000      0.00000
 21.54      0.00000      0.00000      0.00000
 21.56      0.00000      0.00000      0.00000
 21.58      0.00000      0.00000      0.00000
 21.60      0.00000      0.00000      0.00000
 21.62      0.00000      0.00000      0.00000
 21.64      0.00000      0.00000      0.00000
 21.66      0.00000      0.00000      0.00000
 21.68      0.00000      0.00000      0.00000
 21.70      0.00000      0.00000      0.00000
 21.72      0.00000      0.00000      0.00000
 21.74      0.00000      0.00000      0.00000
 21.76      0.00000      0.00000      0.00000
 21.78      0.00000      0.00000      0.00000
 21.80      0.00000      0.00000      0.00000
 21.82      0.00000      0.00000      0.00000
 21.84      0.00000      0.00000      0.00000
 21.86      0.00000      0.00000      0.00000
 21.88      0.00000      0.00000      0.00000
 21.90      0.00000      0.00000      0.00000
 21.92      0.00000      0.00000      0.00000
 21.94      0.00000      0.00000      0.00000
 21.96      0.00000      0.00000      0.00000
 21.98      0.00000      0.00000      0.00000
 22.00      0.00000      0.00000      0.00000
 22.02      0.00000      0.00000      0.00000
 22.04      0.00000      0.00000      0.00000
 22.06      0.00000      0.00000      0.00000
 22.08      0.00000      0.00000      0.00000
 22.10      0.00000      0.00000      0.00000
 22.12      0.00000      0.00000      0.00000
 22.14      0.00000      0.00000      0.00000
 22.16      0.00000      0.00000      0.00000
 22.18      0.00000      0.00000      0.00000
 22.20      0.00000      0.00000      0.00000
 22.22      0.00000      0.00000      0.00000
 22.24      0.00000      0.00000      0.00000
 22.26      0.00000      0.00000      0.00000
 22.28      0.00000      0.00000      0.00000
 22.30      0.00000      0.00000      0.00000
 22.32      0.00000      0.00000      0.00000
 22.34      0.00000      0.00000      0.00000
 22.36      0.00000      0.00000      0.00000
 22.38      0.00000      0.00000      0.00000
 22.40      0.00000      0.00000      0.00000
 22.42      0.00000      0.00000      0.00000
 22.44      0.00000      0.00000      0.00000
 22.46      0.00000      0.00000      0.00000
 22.48      0.00000      0.00000      0.00000
 22.50      0.00000      0.00000      0.00000
 22.52      0.00000      0.00000      0.00000
 22.54      0.00000      0.00000      0.00000
 22.56      0.00000      0.00000      0.00000
 22.58      0.00000      0.00000      0.00000
 22.60      0.00000      0.00000      0.00000
 22.62      0.00000      0.00000      0.00000
 22.64      0.00000      0.00000      0.00000
 22.66      0.00000      0.00000      0.00000
 22.68      0.00000      0.00000      0.00000
 22.70      0.00000      0.00000      0.00000
 22.72      0.00000      0.00000      0.00000
 22.74      0.00000      0.00000      0.00000
 22.76      0.00000      0.00000      0.00000
 22.78      0.00000      0.00000      0.00000
 22.80      0.00000      0.00000      0.00000
 22.82      0.00000      0.00000      0.00000
 22.84      0.00000      0.00000      0.00000
 22.86      0.00000      0.00000      0.00000
 22.88      0.00000      0.00000      0.00000
 22.90      0.00000      0.00000      0.00000
 22.92      0.00000      0.00000      0.00000
 22.94      0.00000      0.00000      0.00000
 22.96      0.00000      0.00000      0.00000
 22.98      0.00000      0.00000      0.00000
 23.00      0.00000      0.00000      0.00000
 23.02      0.00000      0.00000      0.00000
 23.04      0.00000      0.00000      0.00000
 23.06      0.00000      0.00000      0.00000
 23.08      0.00000      0.00000      0.00000
 23.10      0.00000      0.00000      0.00000
 23.12      0.00000      0.00000      0.00000
 23.14      0.00000      0.00000      0.00000
 23.16      0.00000      0.00000      0.00000
 23.18      0.00000      0.00000      0.00000
 23.20      0.00000      0.00000      0.00000
 23.22      0.00000      0.00000      0.00000
 23.24      0.00000      0.00000      0.00000
 23.26      0.00000      0.00000      0.00000
 23.28      0.00000      0.00000      0.00000
 23.30      0.00000      0.00000      0.00000
 23.32      0.00000      0.00000      0.00000
 23.34      0.00000      0.00000      0.00000
 23.36      0.00000      0.00000      0.00000
 23.38      0.00000      0.00000      0.00000
 23.40      0.00000      0.00000      0.00000
 23.42      0.00000      0.00000      0.00000
 23.44      0.00000      0.00000      0.00000
 23.46      0.00000      0.00000      0.00000
 23.48      0.00000      0.00000      0.00000
 23.50      0.00000      0.00000      0.00000
 23.52      0.00000      0.00000      0.00000
 23.54      0.00000      0.00000      0.00000
 23.56      0.00000      0.00000      0.00000
 23.58      0.00000      0.00000      0.00000
 23.60      0.00000      0.00000      0.00000
 23.62      0.00000      0.00000      0.00000
 23.64      0.00000      0.00000      0.00000
 23.66      0.00000      0.00000      0.00000
 23.68      0.00000      0.00000      0.00000
 23.70      0.00000      0.00000      0.00000
 23.72      0.00000      0.00000      0.00000
 23.74      0.00000      0.00000      0.00000
 23.76      0.00000      0.00000      0.00000
 23.78      0.00000      0.00000      0.00000
 23.80      0.00000      0.00000      0.00000
 23.82      0.00000      0.00000      0.00000
 23.84      0.00000      0.00000      0.00000
 23.86      0.00000      0.00000      0.00000
 23.88      0.00000      0.00000      0.00000
 23.90      0.00000      0.00000      0.00000
 23.92      0.00000      0.00000      0.00000
 23.94      0.00000      0.00000      0.00000
 23.96      0.00000      0.00000      0.00000
 23.98      0.00000      0.00000      0.00000
 24.00      0.00000      0.00000      0.00000
 24.02      0.00000      0.00000      0.00000
 24.04      0.00000      0.00000      0.00000
 24.06      0.00000      0.00000      0.00000
 24.08      0.00000      0.00000      0.00000
 24.10      0.00000      0.00000      0.00000
 24.12      0.00000      0.00000      0.00000
 24.14      0.00000      0.00000      0.00000
 24.16      0.00000      0.00000      0.00000
 24.18      0.00000      0.00000      0.00000
 24.20      0.00000      0.00000      0.00000
 24.22      0.00000      0.00000      0.00000
 24.24      0.00000      0.00000      0.00000
 24.26      0.00000      0.00000      0.00000
 24.28      0.00000      0.00000      0.00000
 24.30      0.00000      0.00000      0.00000
 24.32      0.00000      0.00000      0.00000
 24.34      0.00000      0.00000      0.00000
 24.36      0.00000      0.00000      0.00000
 24.38      0.00000      0.00000      0.00000
 24.40      0.00000      0.00000      0.00000
 24.42      0.00000      0.00000      0.00000
 24.44      0.00000      0.00000      0.00000
 24.46      0.00000      0.00000      0.00000
 24.48      0.00000      0.00000      0.00000
 24.50      0.00000      0.00000      0.00000
 24.52      0.00000      0.00000      0.00000
 24.54      0.00000      0.00000      0.00000
 24.56      0.00000      0.00000      0.00000
 24.58      0.00000      0.00000      0.00000
 24.60      0.00000      0.00000      0.00000
 24.62      0.00000      0.00000      0.00000
 24.64      0.00000      0.00000      0.00000
 24.66      0.00000      0.00000      0.00000
 24.68      0.00000      0.00000      0.00000
 24.70      0.00000      0.00000      0.00000
 24.72      0.00000      0.00000      0.00000
 24.74      0.00000      0.00000      0.00000
 24.76      0.00000      0.00000      0.00000
 24.78      0.00000      0.00000      0.00000
 24.80      0.00000      0.00000      0.00000
 24.82      0.00000      0.00000      0.00000
 24.84      0.00000      0.00000      0.00000
 24.86      0.00000      0.00000      0.00000
 24.88      0.00000      0.00000      0.00000
 24.90      0.00000      0.00000      0.00000
 24.92      0.00000      0.00000      0.00000
 24.94      0.00000      0.00000      0.00000
 24.96      0.00000      0.00000      0.00000
 24.98      0.00000      0.00000      0.00000
 25.00      0.00000      0.00000      0.00000
 25.02      0.00000      0.00000      0.00000
 25.04      0.00000      0.00000      0.00000
 25.06      0.00000      0.00000      0.00000
 25.08      0.00000      0.00000      0.00000
 25.10      0.00000      0.00000      0.00000
 25.12      0.00000      0.00000      0.00000
 25.14      0.00000      0.00000      0.00000
 25.16      0.00000      0.00000      0.00000
 25.18      0.00000      0.00000      0.00000
 25.20      0.00000      0.00000      0.00000
 25.22      0.00000      0.00000      0.00000
 25.24      0.00000      0.00000      0.00000
 25.26      0.00000      0.00000      0.00000
 25.28      0.00000      0.00000      0.00000
 25.30      0.00000      0.00000      0.00000
 25.32      0.00000      0.00000      0.00000
 25.34      0.00000      0.00000      0.00000
 25.36      0.00000      0.00000      0.00000
 25.38      0.00000      0.00000      0.00000
 25.40      0.00000      0.00000      0.00000
 25.42      0.00000      0.00000      0.00000
 25.44      0.00000      0.00000      0.00000
 25.46      0.00000      0.00000      0.00000
 25.48      0.00000      0.00000      0.00000
 25.50      0.00000      0.00000      0.00000
 25.52      0.00000      0.00000      0.00000
 25.54      0.00000      0.00000      0.00000
 25.56      0.00000      0.00000      0.00000
 25.58      0.00000      0.00000      0.00000
 25.60      0.00000      0.00000      0.00000
 25.62      0.00000      0.00000      0.00000
 25.64      0.00000      0.00000      0.00000
 25.66      0.00000      0.00000      0.00000
 25.68      0.00000      0.00000      0.00000
 25.70      0.00000      0.00000      0.00000
 25.72      0.00000      0.00000      0.00000
 25.74      0.00000      0.00000      0.00000
 25.76      0.00000      0.00000      0.00000
 25.78      0.00000      0.00000      0.00000
 25.80      0.00000      0.00000      0.00000
 25.82      0.00000      0.00000      0.00000
 25.84      0.00000      0.00000      0.00000
 25.86      0.00000      0.00000      0.00000
 25.88      0.00000      0.00000      0.00000
 25.90      0.00000      0.00000      0.00000
 25.92      0.00000      0.00000      0.00000
 25.94      0.00000      0.00000      0.00000
 25.96      0.00000      0.00000      0.00000
 25.98      0.00000      0.00000      0.00000
 26.00      0.00000      0.00000      0.00000
 26.02      0.00000      0.00000      0.00000
 26.04      0.00000      0.00000      0.00000
 26.06      0.00000      0.00000      0.00000
 26.08      0.00000      0.00000      0.00000
 26.10      0.00000      0.00000      0.00000
 26.12      0.00000      0.00000      0.00000
 26.14      0.00000      0.00000      0.00000
 26.16      0.00000      0.00000      0.00000
 26.18      0.00000      0.00000      0.00000
 26.20      0.00000      0.00000      0.00000
 26.22      0.00000      0.00000      0.00000
 26.24      0.00000      0.00000      0.00000
 26.26      0.00000      0.00000      0.00000
 26.28      0.00000      0.00000      0.00000
 26.30      0.00000      0.00000      0.00000
 26.32      0.00000      0.00000      0.00000
 26.34      0.00000      0.00000      0.00000
 26.36      0.00000      0.00000      0.00000
 26.38      0.00000      0.00000      0.00000
 26.40      0.00000      0.00000      0.00000
 26.42      0.00000      0.00000      0.00000
 26.44      0.00000      0.00000      0.00000
 26.46      0.00000      0.00000      0.00000
 26.48      0.00000      0.00000      0.00000
 26.50      0.00000      0.00000      0.00000
 26.52      0.00000      0.00000      0.00000
 26.54      0.00000      0.00000      0.00000
 26.56      0.00000      0.00000      0.00000
 26.58      0.00000      0.00000      0.00000
 26.60      0.00000      0.00000      0.00000
 26.62      0.00000      0.00000      0.00000
 26.64      0.00000      0.00000      0.00000
 26.66      0.00000      0.00000      0.00000
 26.68      0.00000      0.00000      0.00000
 26.70      0.00000      0.00000      0.00000
 26.72      0.00000      0.00000      0.00000
 26.74      0.00000      0.00000      0.00000
 26.76      0.00000      0.00000      0.00000
 26.78      0.00000      0.00000      0.00000
 26.80      0.00000      0.00000      0.00000
 26.82      0.00000      0.00000      0.00000
 26.84      0.00000      0.00000      0.00000
 26.86      0.00000      0.00000      0.00000
 26.88      0.00000      0.00000      0.00000
 26.90      0.00000      0.00000      0.00000
 26.92      0.00000      0.00000      0.00000
 26.94      0.00000      0.00000      0.00000
 26.96      0.00000      0.00000      0.00000
 26.98      0.00000      0.00000      0.00000
 27.00      0.00000      0.00000      0.00000
 27.02      0.00000      0.00000      0.00000
 27.04      0.00000      0.00000      0.00000
 27.06      0.00000      0.00000      0.00000
 27.08      0.00000      0.00000      0.00000
 27.10      0.00000      0.00000      0.00000
 27.12      0.00000      0.00000      0.00000
 27.14      0.00000      0.00000      0.00000
 27.16      0.00000      0.00000      0.00000
 27.18      0.00000      0.00000      0.00000
 27.20      0.00000      0.00000      0.00000
 27.22      0.00000      0.00000      0.00000
 27.24      0.00000      0.00000      0.00000
 27.26      0.00000      0.00000      0.00000
 27.28      0.00000      0.00000      0.00000
 27.30      0.00000      0.00000      0.00000
 27.32      0.00000      0.00000      0.00000
 27.34      0.00000      0.00000      0.00000
 27.36      0.00000      0.00000      0.00000
 27.38      0.00000      0.00000      0.00000
 27.40      0.00000      0.00000      0.00000
 27.42      0.00000      0.00000      0.00000
 27.44      0.00000      0.00000      0.00000
 27.46      0.00000      0.00000      0.00000
 27.48      0.00000      0.00000      0.00000
 27.50      0.00000      0.00000      0.00000
 27.52      0.00000      0.00000      0.00000
 27.54      0.00000      0.00000      0.00000
 27.56      0.00000      0.00000      0.00000
 27.58      0.00000      0.00000      0.00000
 27.60      0.00000      0.00000      0.00000
 27.62      0.00000      0.00000      0.00000
 27.64      0.00000      0.00000      0.00000
 27.66      0.00000      0.00000      0.00000
 27.68      0.00000      0.00000      0.00000
 27.70      0.00000      0.00000      0.00000
 27.72      0.00000      0.00000      0.00000
 27.74      0.00000      0.00000      0.00000
 27.76      0.00000      0.00000      0.00000
 27.78      0.00000      0.00000      0.00000
 27.80      0.00000      0.00000      0.00000
 27.82      0.00000      0.00000      0.00000
 27.84      0.00000      0.00000      0.00000
 27.86      0.00000      0.00000      0.00000
 27.88      0.00000      0.00000      0.00000
 27.90      0.00000      0.00000      0.00000
 27.92      0.00000      0.00000      0.00000
 27.94      0.00000      0.00000      0.00000
 27.96      0.00000      0.00000      0.00000
 27.98      0.00000      0.00000      0.00000
 28.00      0.00000      0.00000      0.00000
 28.02      0.00000      0.00000      0.00000
 28.04      0.00000      0.00000      0.00000
 28.06      0.00000      0.00000      0.00000
 28.08      0.00000      0.00000      0.00000
 28.10      0.00000      0.00000      0.00000
 28.12      0.00000      0.00000      0.00000
 28.14      0.00000      0.00000      0.00000
 28.16      0.00000      0.00000      0.00000
 28.18      0.00000      0.00000      0.00000
 28.20      0.00000      0.00000      0.00000
 28.22      0.00000      0.00000      0.00000
 28.24      0.00000      0.00000      0.00000
 28.26      0.00000      0.00000      0.00000
 28.28      0.00000      0.00000      0.00000
 28.30      0.00000      0.00000      0.00000
 28.32      0.00000      0.00000      0.00000
 28.34      0.00000      0.00000      0.00000
 28.36      0.00000      0.00000      0.00000
 28.38      0.00000      0.00000      0.00000
 28.40      0.00000      0.00000      0.00000
 28.42      0.00000      0.00000      0.00000
 28.44      0.00000      0.00000      0.00000
 28.46      0.00000      0.00000      0.00000
 28.48      0.00000      0.00000      0.00000
 28.50      0.00000      0.00000      0.00000
 28.52      0.00000      0.00000      0.00000
 28.54      0.00000      0.00000      0.00000
 28.56      0.00000      0.00000      0.00000
 28.58      0.00000      0.00000      0.00000
 28.60      0.00000      0.00000      0.00000
 28.62      0.00000      0.00000      0.00000
 28.64      0.00000      0.00000      0.00000
 28.66      0.00000      0.00000      0.00000
 28.68      0.00000      0.00000      0.00000
 28.70      0.00000      0.00000      0.00000
 28.72      0.00000      0.00000      0.00000
 28.74      0.00000      0.00000      0.00000
 28.76      0.00000      0.00000      0.00000
 28.78      0.00000      0.00000      0.00000
 28.80      0.00000      0.00000      0.00000
 28.82      0.00000      0.00000      0.00000
 28.84      0.00000      0.00000      0.00000
 28.86      0.00000      0.00000      0.00000
 28.88      0.00000      0.00000      0.00000
 28.90      0.00000      0.00000      0.00000
 28.92      0.00000      0.00000      0.00000
 28.94      0.00000      0.00000      0.00000
 28.96      0.00000      0.00000      0.00000
 28.98      0.00000      0.00000      0.00000
 29.00      0.00000      0.00000      0.00000
 29.02      0.00000      0.00000      0.00000
 29.04      0.00000      0.00000      0.00000
 29.06      0.00000      0.00000      0.00000
 29.08      0.00000      0.00000      0.00000
 29.10      0.00000      0.00000      0.00000
 29.12      0.00000      0.00000      0.00000
 29.14      0.00000      0.00000      0.00000
 29.16      0.00000      0.00000      0.00000
 29.18      0.00000      0.00000      0.00000
 29.20      0.00000      0.00000      0.00000
 29.22      0.00000      0.00000      0.00000
 29.24      0.00000      0.00000      0.00000
 29.26      0.00000      0.00000      0.00000
 29.28      0.00000      0.00000      0.00000
 29.30      0.00000      0.00000      0.00000
 29.32      0.00000      0.00000      0.00000
 29.34      0.00000      0.00000      0.00000
 29.36      0.00000      0.00000      0.00000
 29.38      0.00000      0.00000      0.00000
 29.40      0.00000      0.00000      0.00000
 29.42      0.00000      0.00000      0.00000
 29.44      0.00000      0.00000      0.00000
 29.46      0.00000      0.00000      0.00000
 29.48      0.00000      0.00000      0.00000
 29.50      0.00000      0.00000      0.00000
 29.52      0.00000      0.00000      0.00000
 29.54      0.00000      0.00000      0.00000
 29.56      0.00000      0.00000      0.00000
 29.58      0.00000      0.00000      0.00000
 29.60      0.00000      0.00000      0.00000
 29.62      0.00000      0.00000      0.00000
 29.64      0.00000      0.00000      0.00000
 29.66      0.00000      0.00000      0.00000
 29.68      0.00000      0.00000      0.00000
 29.70      0.00000      0.00000      0.00000
 29.72      0.00000      0.00000      0.00000
 29.74      0.00000      0.00000      0.00000
 29.76      0.00000      0.00000      0.00000
 29.78      0.00000      0.00000      0.00000
 29.80      0.00000      0.00000      0.00000
 29.82      0.00000      0.00000      0.00000
 29.84      0.00000      0.00000      0.00000
 29.86      0.00000      0.00000      0.00000
 29.88      0.00000      0.00000      0.00000
 29.90      0.00000      0.00000      0.00000
 29.92      0.00000      0.00000      0.00000
 29.94      0.00000      0.00000      0.00000
 29.96      0.00000      0.00000      0.00000
 29.98      0.00000      0.00000      0.00000
 30.00      0.00000      0.00000      0.00000
 30.02      0.00000      0.00000      0.00000
 30.04      0.00000      0.00000      0.00000
 30.06      0.00000      0.00000      0.00000
 30.08      0.00000      0.00000      0.00000
 30.10      0.00000      0.00000      0.00000
 30.12      0.00000      0.00000      0.00000
 30.14      0.00000      0.00000      0.00000
 30.16      0.00000      0.00000      0.00000
 30.18      0.00000      0.00000      0.00000
 30.20      0.00000      0.00000      0.00000
 30.22      0.00000      0.00000      0.00000
 30.24      0.00000      0.00000      0.00000
 30.26      0.00000      0.00000      0.00000
 30.28      0.00000      0.00000      0.00000
 30.30      0.00000      0.00000      0.00000
 30.32      0.00000      0.00000      0.00000
 30.34      0.00000      0.00000      0.00000
 30.36      0.00000      0.00000      0.00000
 30.38      0.00000      0.00000      0.00000
 30.40      0.00000      0.00000      0.00000
 30.42      0.00000      0.00000      0.00000
 30.44      0.00000      0.00000      0.00000
 30.46      0.00000      0.00000      0.00000
 30.48      0.00000      0.00000      0.00000
 30.50      0.00000      0.00000      0.00000
 30.52      0.00000      0.00000      0.00000
 30.54      0.00000      0.00000      0.00000
 30.56      0.00000      0.00000      0.00000
 30.58      0.00000      0.00000      0.00000
 30.60      0.00000      0.00000      0.00000
 30.62      0.00000      0.00000      0.00000
 30.64      0.00000      0.00000      0.00000
 30.66      0.00000      0.00000      0.00000
 30.68      0.00000      0.00000      0.00000
 30.70      0.00000      0.00000      0.00000
 30.72      0.00000      0.00000      0.00000
 30.74      0.00000      0.00000      0.00000
 30.76      0.00000      0.00000      0.00000
 30.78      0.00000      0.00000      0.00000
 30.80      0.00000      0.00000      0.00000
 30.82      0.00000      0.00000      0.00000
 30.84      0.00000      0.00000      0.00000
 30.86      0.00000      0.00000      0.00000
 30.88      0.00000      0.00000      0.00000
 30.90      0.00000      0.00000      0.00000
 30.92      0.00000      0.00000      0.00000
 30.94      0.00000      0.00000      0.00000
 30.96      0.00000      0.00000      0.00000
 30.98      0.00000      0.00000      0.00000
 31.00      0.00000      0.00000      0.00000
 31.02      0.00000      0.00000      0.00000
 31.04      0.00000      0.00000      0.00000
 31.06      0.00000      0.00000      0.00000
 31.08      0.00000      0.00000      0.00000
 31.10      0.00000      0.00000      0.00000
 31.12      0.00000      0.00000      0.00000
 31.14      0.00000      0.00000      0.00000
 31.16      0.00000      0.00000      0.00000
 31.18      0.00000      0.00000      0.00000
 31.20      0.00000      0.00000      0.00000
 31.22      0.00000      0.00000      0.00000
 31.24      0.00000      0.00000      0.00000
 31.26      0.00000      0.00000      0.00000
 31.28      0.00000      0.00000      0.00000
 31.30      0.00000      0.00000      0.00000
 31.32      0.00000      0.00000      0.00000
 31.34      0.00000      0.00000      0.00000
 31.36      0.00000      0.00000      0.00000
 31.38      0.00000      0.00000      0.00000
 31.40      0.00000      0.00000      0.00000
 31.42      0.00000      0.00000      0.00000
 31.44      0.00000      0.00000      0.00000
 31.46      0.00000      0.00000      0.00000
 31.48      0.00000      0.00000      0.00000
 31.50      0.00000      0.00000      0.00000
 31.52      0.00000      0.00000      0.00000
 31.54      0.00000      0.00000      0.00000
 31.56      0.00000      0.00000      0.00000
 31.58      0.00000      0.00000      0.00000
 31.60      0.00000      0.00000      0.00000
 31.62      0.00000      0.00000      0.00000
 31.64      0.00000      0.00000      0.00000
 31.66      0.00000      0.00000      0.00000
 31.68      0.00000      0.00000      0.00000
 31.70      0.00000      0.00000      0.00000
 31.72      0.00000      0.00000      0.00000
 31.74      0.00000      0.00000      0.00000
 31.76      0.00000      0.00000      0.00000
 31.78      0.00000      0.00000      0.00000
 31.80      0.00000      0.00000      0.00000
 31.82      0.00000      0.00000      0.00000
 31.84      0.00000      0.00000      0.00000
 31.86      0.00000      0.00000      0.00000
 31.88      0.00000      0.00000      0.00000
 31.90      0.00000      0.00000      0.00000
 31.92      0.00000      0.00000      0.00000
 31.94      0.00000      0.00000      0.00000
 31.96      0.00000      0.00000      0.00000
 31.98      0.00000      0.00000      0.00000
 32.00      0.00000      0.00000      0.00000
