 #r(A)        h(r)         Base         G(r)
  0.02      0.00000      0.00000      0.00000
  0.04      0.00000      0.00000      0.00000
  0.06      0.00000      0.00000      0.00000
  0.08      0.00000      0.00000      0.00000
  0.10      0.00000      0.00000      0.00000
  0.12      0.00000      0.00000      0.00000
  0.14      0.00000      0.00000      0.00000
  0.16      0.00000      0.00000      0.00000
  0.18      0.00000      0.00000      0.00000
  0.20      0.00000      0.00000      0.00000
  0.22      0.00000      0.00000      0.00000
  0.24      0.00000      0.00000      0.00000
  0.26      0.00000      0.00000      0.00000
  0.28      0.00000      0.00000      0.00000
  0.30      0.00000      0.00000      0.00000
  0.32      0.00000      0.00000      0.00000
  0.34      0.00000      0.00000      0.00000
  0.36      0.00000      0.00000      0.00000
  0.38      0.00000      0.00000      0.00000
  0.40      0.00000      0.00000      0.00000
  0.42      0.00000      0.00000      0.00000
  0.44      0.00000      0.00000      0.00000
  0.46      0.00000      0.00000      0.00000
  0.48      0.00000      0.00000      0.00000
  0.50      0.00000      0.00000      0.00000
  0.52      0.00000      0.00000      0.00000
  0.54      0.00000      0.00000      0.00000
  0.56      0.00000      0.00000      0.00000
  0.58      0.00000      0.00000      0.00000
  0.60      0.00000      0.00000      0.00000
  0.62      0.00000      0.00000      0.00000
  0.64      0.00000      0.00000      0.00000
  0.66      0.00000      0.00000      0.00000
  0.68      0.00000      0.00000      0.00000
  0.70      0.00000      0.00000      0.00000
  0.72      0.00000      0.00000      0.00000
  0.74      0.00000      0.00000      0.00000
  0.76      0.00000      0.00300     -0.00300
  0.78      0.00000      0.00600     -0.00600
  0.80      0.00000      0.00900     -0.00900
  0.82      0.00000      0.01199     -0.01199
  0.84      0.00000      0.01499     -0.01499
  0.86      0.00000      0.01799     -0.01799
  0.88      0.00000      0.02099     -0.02099
  0.90      0.00000      0.02399     -0.02399
  0.92      0.00000      0.02699     -0.02699
  0.94      0.00000      0.02999     -0.02999
  0.96      0.00000      0.03298     -0.03298
  0.98      0.00000      0.03598     -0.03598
  1.00      0.00000      0.03898     -0.03898
  1.02      0.00000      0.04198     -0.04198
  1.04      0.00000      0.04498     -0.04498
  1.06      0.00000      0.04798     -0.04798
  1.08      0.00000      0.05098     -0.05098
  1.10      0.00000      0.05397     -0.05397
  1.12      0.00000      0.05697     -0.05697
  1.14      0.00000      0.05997     -0.05997
  1.16      0.00000      0.06297     -0.06297
  1.18      0.00000      0.06597     -0.06597
  1.20      0.00000      0.06897     -0.06897
  1.22      0.00000      0.07196     -0.07196
  1.24      0.00000      0.07496     -0.07496
  1.26      0.00000      0.07796     -0.07796
  1.28      0.00000      0.08096     -0.08096
  1.30      0.00000      0.08396     -0.08396
  1.32      0.00000      0.08696     -0.08696
  1.34      0.00000      0.08996     -0.08996
  1.36      0.00000      0.09295     -0.09295
  1.38      0.00000      0.09595     -0.09595
  1.40      0.00000      0.09895     -0.09895
  1.42      0.00000      0.10195     -0.10195
  1.44      0.00000      0.10495     -0.10495
  1.46      0.00000      0.10795     -0.10795
  1.48      0.00000      0.11095     -0.11095
  1.50      0.00000      0.11394     -0.11394
  1.52      0.00000      0.11694     -0.11694
  1.54      0.00000      0.11994     -0.11994
  1.56      0.00000      0.12294     -0.12294
  1.58      0.00000      0.12594     -0.12594
  1.60      0.00000      0.12894     -0.12894
  1.62      0.00000      0.13194     -0.13194
  1.64      0.00000      0.13493     -0.13493
  1.66      0.00000      0.13793     -0.13793
  1.68      0.00000      0.14093     -0.14093
  1.70      0.00000      0.14393     -0.14393
  1.72      0.00000      0.14693     -0.14693
  1.74      0.00000      0.14993     -0.14993
  1.76      0.00000      0.15293     -0.15293
  1.78      0.00000      0.15592     -0.15592
  1.80      0.00000      0.15892     -0.15892
  1.82      0.00000      0.16192     -0.16192
  1.84      0.00000      0.16492     -0.16492
  1.86      0.00000      0.16792     -0.16792
  1.88      0.00000      0.17092     -0.17092
  1.90      0.00000      0.17392     -0.17392
  1.92      0.00000      0.17781     -0.17781
  1.94      0.00000      0.18171     -0.18171
  1.96      0.00000      0.18560     -0.18560
  1.98      0.00000      0.18950     -0.18950
  2.00      0.00000      0.19339     -0.19339
  2.02      0.00000      0.19729     -0.19729
  2.04      0.00000      0.20118     -0.20118
  2.06      0.00000      0.20508     -0.20508
  2.08      0.00000      0.20898     -0.20898
  2.10      0.00000      0.21287     -0.21287
  2.12      0.00000      0.21677     -0.21677
  2.14      0.00000      0.22066     -0.22066
  2.16      0.00000      0.22456     -0.22456
  2.18      0.00000      0.22845     -0.22845
  2.20      0.00000      0.23235     -0.23235
  2.22      0.00000      0.23624     -0.23624
  2.24      0.00000      0.24014     -0.24014
  2.26      0.00000      0.24404     -0.24404
  2.28      0.00000      0.24793     -0.24793
  2.30      0.00000      0.25183     -0.25183
  2.32      0.00000      0.25572     -0.25572
  2.34      0.00000      0.25962     -0.25962
  2.36      0.00000      0.26351     -0.26351
  2.38      0.00000      0.26741     -0.26741
  2.40      0.00000      0.27130     -0.27130
  2.42      0.00000      0.27520     -0.27520
  2.44      0.00000      0.27910     -0.27910
  2.46      0.00000      0.28299     -0.28299
  2.48      0.00000      0.28689     -0.28689
  2.50      0.00000      0.29078     -0.29078
  2.52      0.00000      0.29468     -0.29468
  2.54      0.00000      0.29857     -0.29857
  2.56      0.00000      0.30247     -0.30247
  2.58      0.00000      0.30636     -0.30636
  2.60      0.00000      0.31026     -0.31026
  2.62      0.00000      0.31416     -0.31416
  2.64      0.00000      0.31805     -0.31805
  2.66      0.00000      0.32195     -0.32195
  2.68      0.00000      0.32584     -0.32584
  2.70      0.00000      0.32974     -0.32974
  2.72      0.00000      0.33363      5.78398
  2.74      0.00000      0.33753      5.78008
  2.76     30.58807      0.34143      5.77619
  2.78      0.00000      0.33932      5.77829
  2.80      0.00000      0.33935      5.77826
  2.82      0.00000      0.33938     -0.33938
  2.84      0.00000      0.33941     -0.33941
  2.86      0.00000      0.33944     -0.33944
  2.88      0.00000      0.33947     -0.33947
  2.90      0.00000      0.33950     -0.33950
  2.92      0.00000      0.33953     -0.33953
  2.94      0.00000      0.33956     -0.33956
  2.96      0.00000      0.33959     -0.33959
  2.98      0.00000      0.33962     -0.33962
  3.00      0.00000      0.33965     -0.33965
  3.02      0.00000      0.33967     -0.33967
  3.04      0.00000      0.33970     -0.33970
  3.06      0.00000      0.33973     -0.33973
  3.08      0.00000      0.33976     -0.33976
  3.10      0.00000      0.33979     -0.33979
  3.12      0.00000      0.33982     -0.33982
  3.14      0.00000      0.33985     -0.33985
  3.16      0.00000      0.33988     -0.33988
  3.18      0.00000      0.33991     -0.33991
  3.20      0.00000      0.33994     -0.33994
  3.22      0.00000      0.33997     -0.33997
  3.24      0.00000      0.34000     -0.34000
  3.26      0.00000      0.34002     -0.34002
  3.28      0.00000      0.34005     -0.34005
  3.30      0.00000      0.34008     -0.34008
  3.32      0.00000      0.34011     -0.34011
  3.34      0.00000      0.34014     -0.34014
  3.36      0.00000      0.34017     -0.34017
  3.38      0.00000      0.34020     -0.34020
  3.40      0.00000      0.34023     -0.34023
  3.42      0.00000      0.34026     -0.34026
  3.44      0.00000      0.34029     -0.34029
  3.46      0.00000      0.34032     -0.34032
  3.48      0.00000      0.34035     -0.34035
  3.50      0.00000      0.34038     -0.34038
  3.52      0.00000      0.34040     -0.34040
  3.54      0.00000      0.34118     -0.34118
  3.56      0.00000      0.34196     -0.34196
  3.58      0.00000      0.34274     -0.34274
  3.60      0.00000      0.34352     -0.34352
  3.62      0.00000      0.34430     -0.34430
  3.64      0.00000      0.34508     -0.34508
  3.66      0.00000      0.34586     -0.34586
  3.68      0.00000      0.34664     -0.34664
  3.70      0.00000      0.34741     -0.34741
  3.72      0.00000      0.34819     -0.34819
  3.74      0.00000      0.34897     -0.34897
  3.76      0.00000      0.34975     -0.34975
  3.78      0.00000      0.35053     -0.35053
  3.80      0.00000      0.35131     -0.35131
  3.82      0.00000      0.35209     -0.35209
  3.84      0.00000      0.35287     -0.35287
  3.86      0.00000      0.35365     -0.35365
  3.88      0.00000      0.35442      1.47572
  3.90      0.00000      0.35520      1.47495
  3.92      9.15074      0.35598      1.47417
  3.94      0.00000      0.35497      1.47518
  3.96      0.00000      0.35395      1.47620
  3.98      0.00000      0.35294     -0.35294
  4.00      0.00000      0.35192     -0.35192
  4.02      0.00000      0.35091     -0.35091
  4.04      0.00000      0.34989     -0.34989
  4.06      0.00000      0.34888     -0.34888
  4.08      0.00000      0.34786     -0.34786
  4.10      0.00000      0.34685     -0.34685
  4.12      0.00000      0.34583     -0.34583
  4.14      0.00000      0.34481     -0.34481
  4.16      0.00000      0.34380     -0.34380
  4.18      0.00000      0.34278     -0.34278
  4.20      0.00000      0.34280     -0.34280
  4.22      0.00000      0.34282     -0.34282
  4.24      0.00000      0.34283     -0.34283
  4.26      0.00000      0.34285     -0.34285
  4.28      0.00000      0.34287     -0.34287
  4.30      0.00000      0.34288     -0.34288
  4.32      0.00000      0.34290     -0.34290
  4.34      0.00000      0.34291     -0.34291
  4.36      0.00000      0.34293     -0.34293
  4.38      0.00000      0.34295     -0.34295
  4.40      0.00000      0.34296     -0.34296
  4.42      0.00000      0.34298     -0.34298
  4.44      0.00000      0.34300     -0.34300
  4.46      0.00000      0.34301     -0.34301
  4.48      0.00000      0.34303     -0.34303
  4.50      0.00000      0.34305     -0.34305
  4.52      0.00000      0.34306     -0.34306
  4.54      0.00000      0.34308     -0.34308
  4.56      0.00000      0.34309     -0.34309
  4.58      0.00000      0.34311     -0.34311
  4.60      0.00000      0.34313     -0.34313
  4.62      0.00000      0.34314     -0.34314
  4.64      0.00000      0.34316     -0.34316
  4.66      0.00000      0.34318     -0.34318
  4.68      0.00000      0.34319     -0.34319
  4.70      0.00000      0.34321     -0.34321
  4.72      0.00000      0.34322     -0.34322
  4.74      0.00000      0.34324     -0.34324
  4.76      0.00000      0.34326      4.00384
  4.78      0.00000      0.34346      4.00363
  4.80     21.73547      0.34666      4.00043
  4.82      0.00000      0.34561      4.00149
  4.84      0.00000      0.34455      4.00254
  4.86      0.00000      0.34349     -0.34349
  4.88      0.00000      0.34243     -0.34243
  4.90      0.00000      0.34137     -0.34137
  4.92      0.00000      0.34032     -0.34032
  4.94      0.00000      0.33926     -0.33926
  4.96      0.00000      0.33820     -0.33820
  4.98      0.00000      0.33714     -0.33714
  5.00      0.00000      0.33608     -0.33608
  5.02      0.00000      0.33502     -0.33502
  5.04      0.00000      0.33397     -0.33397
  5.06      0.00000      0.33291     -0.33291
  5.08      0.00000      0.33185     -0.33185
  5.10      0.00000      0.33079     -0.33079
  5.12      0.00000      0.32973     -0.32973
  5.14      0.00000      0.32867     -0.32867
  5.16      0.00000      0.32762     -0.32762
  5.18      0.00000      0.32656     -0.32656
  5.20      0.00000      0.32550     -0.32550
  5.22      0.00000      0.32444     -0.32444
  5.24      0.00000      0.32338     -0.32338
  5.26      0.00000      0.32232     -0.32232
  5.28      0.00000      0.32127     -0.32127
  5.30      0.00000      0.32021     -0.32021
  5.32      0.00000      0.31915     -0.31915
  5.34      0.00000      0.31914     -0.31914
  5.36      0.00000      0.31913     -0.31913
  5.38      0.00000      0.31911     -0.31911
  5.40      0.00000      0.31910     -0.31910
  5.42      0.00000      0.31909     -0.31909
  5.44      0.00000      0.31908     -0.31908
  5.46      0.00000      0.31906     -0.31906
  5.48      0.00000      0.31905     -0.31905
  5.50      0.00000      0.31904      1.21036
  5.52      0.00000      0.31903      1.21037
  5.54      7.64701      0.31902      1.21039
  5.56      0.00000      0.31751      1.21190
  5.58      0.00000      0.31599      1.21341
  5.60      0.00000      0.31448     -0.31448
  5.62      0.00000      0.31297     -0.31297
  5.64      0.00000      0.31146     -0.31146
  5.66      0.00000      0.30995     -0.30995
  5.68      0.00000      0.30844     -0.30844
  5.70      0.00000      0.30693     -0.30693
  5.72      0.00000      0.30541     -0.30541
  5.74      0.00000      0.30390     -0.30390
  5.76      0.00000      0.30239     -0.30239
  5.78      0.00000      0.30088     -0.30088
  5.80      0.00000      0.29937     -0.29937
  5.82      0.00000      0.29786     -0.29786
  5.84      0.00000      0.29645     -0.29645
  5.86      0.00000      0.29504     -0.29504
  5.88      0.00000      0.29363     -0.29363
  5.90      0.00000      0.29222     -0.29222
  5.92      0.00000      0.29081     -0.29081
  5.94      0.00000      0.28940     -0.28940
  5.96      0.00000      0.28889     -0.28889
  5.98      0.00000      0.28838     -0.28838
  6.00      0.00000      0.28786     -0.28786
  6.02      0.00000      0.28735     -0.28735
  6.04      0.00000      0.28684     -0.28684
  6.06      0.00000      0.28633     -0.28633
  6.08      0.00000      0.28581     -0.28581
  6.10      0.00000      0.28530     -0.28530
  6.12      0.00000      0.28479     -0.28479
  6.14      0.00000      0.28428     -0.28428
  6.16      0.00000      0.28376      1.82076
  6.18      0.00000      0.28325      1.82127
  6.20     10.52261      0.28274      1.82178
  6.22      0.00000      0.28016      1.82436
  6.24      0.00000      0.27759      1.82693
  6.26      0.00000      0.27501     -0.27501
  6.28      0.00000      0.27244     -0.27244
  6.30      0.00000      0.26986     -0.26986
  6.32      0.00000      0.26759     -0.26759
  6.34      0.00000      0.26533     -0.26533
  6.36      0.00000      0.26306     -0.26306
  6.38      0.00000      0.26079     -0.26079
  6.40      0.00000      0.25852     -0.25852
  6.42      0.00000      0.25625     -0.25625
  6.44      0.00000      0.25399     -0.25399
  6.46      0.00000      0.25172     -0.25172
  6.48      0.00000      0.24945     -0.24945
  6.50      0.00000      0.24718     -0.24718
  6.52      0.00000      0.24491     -0.24491
  6.54      0.00000      0.24265     -0.24265
  6.56      0.00000      0.24038     -0.24038
  6.58      0.00000      0.23811     -0.23811
  6.60      0.00000      0.23584     -0.23584
  6.62      0.00000      0.23358     -0.23358
  6.64      0.00000      0.23131     -0.23131
  6.66      0.00000      0.22904     -0.22904
  6.68      0.00000      0.22677     -0.22677
  6.70      0.00000      0.22450     -0.22450
  6.72      0.00000      0.22224     -0.22224
  6.74      0.00000      0.21997      0.16426
  6.76      0.00000      0.21770      0.16653
  6.78      1.92116      0.21558      0.16865
  6.80      0.00000      0.21308      0.17115
  6.82      0.00000      0.21058      0.17365
  6.84      0.00000      0.21021     -0.21021
  6.86      0.00000      0.20984     -0.20984
  6.88      0.00000      0.20948     -0.20948
  6.90      0.00000      0.20911     -0.20911
  6.92      0.00000      0.20874     -0.20874
  6.94      0.00000      0.20837     -0.20837
  6.96      0.00000      0.20800     -0.20800
  6.98      0.00000      0.20764     -0.20764
  7.00      0.00000      0.20727     -0.20727
  7.02      0.00000      0.20690     -0.20690
  7.04      0.00000      0.20653     -0.20653
  7.06      0.00000      0.20616     -0.20616
  7.08      0.00000      0.20580     -0.20580
  7.10      0.00000      0.20543     -0.20543
  7.12      0.00000      0.20506     -0.20506
  7.14      0.00000      0.20469     -0.20469
  7.16      0.00000      0.20432     -0.20432
  7.18      0.00000      0.20396     -0.20396
  7.20      0.00000      0.20373     -0.20373
  7.22      0.00000      0.20350     -0.20350
  7.24      0.00000      0.20327     -0.20327
  7.26      0.00000      0.20304     -0.20304
  7.28      0.00000      0.20281     -0.20281
  7.30      0.00000      0.20258      1.93179
  7.32      0.00000      0.20235      1.93202
  7.34     10.67187      0.20213      1.93225
  7.36      0.00000      0.19980      1.93457
  7.38      0.00000      0.19748      1.93689
  7.40      0.00000      0.19516     -0.19516
  7.42      0.00000      0.19284     -0.19284
  7.44      0.00000      0.19052     -0.19052
  7.46      0.00000      0.18820     -0.18820
  7.48      0.00000      0.18588     -0.18588
  7.50      0.00000      0.18356     -0.18356
  7.52      0.00000      0.18124     -0.18124
  7.54      0.00000      0.17891     -0.17891
  7.56      0.00000      0.17659     -0.17659
  7.58      0.00000      0.17502     -0.17502
  7.60      0.00000      0.17345     -0.17345
  7.62      0.00000      0.17194     -0.17194
  7.64      0.00000      0.17044     -0.17044
  7.66      0.00000      0.16893     -0.16893
  7.68      0.00000      0.16743     -0.16743
  7.70      0.00000      0.16592     -0.16592
  7.72      0.00000      0.16442     -0.16442
  7.74      0.00000      0.16291     -0.16291
  7.76      0.00000      0.16141     -0.16141
  7.78      0.00000      0.15990     -0.15990
  7.80      0.00000      0.15840      0.04957
  7.82      0.00000      0.15689      0.05108
  7.84      1.03986      0.15539      0.05258
  7.86      0.00000      0.15368      0.05429
  7.88      0.00000      0.15197      0.05600
  7.90      0.00000      0.15026     -0.15026
  7.92      0.00000      0.14855     -0.14855
  7.94      0.00000      0.14685     -0.14685
  7.96      0.00000      0.14514     -0.14514
  7.98      0.00000      0.14343     -0.14343
  8.00      0.00000      0.14172     -0.14172
  8.02      0.00000      0.14001     -0.14001
  8.04      0.00000      0.13830     -0.13830
  8.06      0.00000      0.13659     -0.13659
  8.08      0.00000      0.13488     -0.13488
  8.10      0.00000      0.13317     -0.13317
  8.12      0.00000      0.13147     -0.13147
  8.14      0.00000      0.12976     -0.12976
  8.16      0.00000      0.12805     -0.12805
  8.18      0.00000      0.12634     -0.12634
  8.20      0.00000      0.12463     -0.12463
  8.22      0.00000      0.12292     -0.12292
  8.24      0.00000      0.12224     -0.12224
  8.26      0.00000      0.12157     -0.12157
  8.28      0.00000      0.12089      0.50656
  8.30      0.00000      0.12021      0.50724
  8.32      3.13724      0.11954      0.50791
  8.34      0.00000      0.11824      0.50921
  8.36      0.00000      0.11695      0.51050
  8.38      0.00000      0.11566     -0.11566
  8.40      0.00000      0.11437     -0.11437
  8.42      0.00000      0.11307     -0.11307
  8.44      0.00000      0.11178     -0.11178
  8.46      0.00000      0.11049     -0.11049
  8.48      0.00000      0.10920     -0.10920
  8.50      0.00000      0.10790     -0.10790
  8.52      0.00000      0.10661     -0.10661
  8.54      0.00000      0.10532     -0.10532
  8.56      0.00000      0.10403     -0.10403
  8.58      0.00000      0.10273     -0.10273
  8.60      0.00000      0.10144     -0.10144
  8.62      0.00000      0.10015     -0.10015
  8.64      0.00000      0.09886     -0.09886
  8.66      0.00000      0.09756     -0.09756
  8.68      0.00000      0.09627     -0.09627
  8.70      0.00000      0.09498     -0.09498
  8.72      0.00000      0.09369     -0.09369
  8.74      0.00000      0.09239      0.20523
  8.76      0.00000      0.09110      0.20652
  8.78      1.48812      0.08981      0.20782
  8.80      0.00000      0.08823      0.20940
  8.82      0.00000      0.08683      0.21080
  8.84      0.00000      0.08543     -0.08543
  8.86      0.00000      0.08404     -0.08404
  8.88      0.00000      0.08264     -0.08264
  8.90      0.00000      0.08125     -0.08125
  8.92      0.00000      0.07985     -0.07985
  8.94      0.00000      0.07845     -0.07845
  8.96      0.00000      0.07706     -0.07706
  8.98      0.00000      0.07566     -0.07566
  9.00      0.00000      0.07427     -0.07427
  9.02      0.00000      0.07287     -0.07287
  9.04      0.00000      0.07148     -0.07148
  9.06      0.00000      0.07008     -0.07008
  9.08      0.00000      0.06868     -0.06868
  9.10      0.00000      0.06729     -0.06729
  9.12      0.00000      0.06589     -0.06589
  9.14      0.00000      0.06450     -0.06450
  9.16      0.00000      0.06310      0.22067
  9.18      0.00000      0.06170      0.22207
  9.20      1.41887      0.06031      0.22347
  9.22      0.00000      0.05863      0.22514
  9.24      0.00000      0.05696      0.22681
  9.26      0.00000      0.05529     -0.05529
  9.28      0.00000      0.05361     -0.05361
  9.30      0.00000      0.05194     -0.05194
  9.32      0.00000      0.05026     -0.05026
  9.34      0.00000      0.04859     -0.04859
  9.36      0.00000      0.04692     -0.04692
  9.38      0.00000      0.04629     -0.04629
  9.40      0.00000      0.04566     -0.04566
  9.42      0.00000      0.04503     -0.04503
  9.44      0.00000      0.04440     -0.04440
  9.46      0.00000      0.04378     -0.04378
  9.48      0.00000      0.04315     -0.04315
  9.50      0.00000      0.04252     -0.04252
  9.52      0.00000      0.04189     -0.04189
  9.54      0.00000      0.04127     -0.04127
  9.56      0.00000      0.04064     -0.04064
  9.58      0.00000      0.04001      0.09584
  9.60      0.00000      0.03938      0.09646
  9.62      0.67923      0.03875      0.09709
  9.64      0.00000      0.03799      0.09785
  9.66      0.00000      0.03723      0.09861
  9.68      0.00000      0.03647     -0.03647
  9.70      0.00000      0.03571     -0.03571
  9.72      0.00000      0.03495     -0.03495
  9.74      0.00000      0.03419     -0.03419
  9.76      0.00000      0.03343     -0.03343
  9.78      0.00000      0.03267     -0.03267
  9.80      0.00000      0.03190     -0.03190
  9.82      0.00000      0.03114     -0.03114
  9.84      0.00000      0.03038     -0.03038
  9.86      0.00000      0.02962     -0.02962
  9.88      0.00000      0.02896     -0.02896
  9.90      0.00000      0.02830     -0.02830
  9.92      0.00000      0.02764     -0.02764
  9.94      0.00000      0.02699     -0.02699
  9.96      0.00000      0.02633     -0.02633
  9.98      0.00000      0.02567     -0.02567
 10.00      0.00000      0.02501     -0.02501
 10.02      0.00000      0.02435     -0.02435
 10.04      0.00000      0.02369     -0.02369
 10.06      0.00000      0.02303     -0.02303
 10.08      0.00000      0.02237     -0.02237
 10.10      0.00000      0.02171     -0.02171
 10.12      0.00000      0.02105     -0.02105
 10.14      0.00000      0.02039     -0.02039
 10.16      0.00000      0.01974     -0.01974
 10.18      0.00000      0.01908     -0.01908
 10.20      0.00000      0.01842     -0.01842
 10.22      0.00000      0.01776     -0.01776
 10.24      0.00000      0.01710     -0.01710
 10.26      0.00000      0.01644     -0.01644
 10.28      0.00000      0.01578     -0.01578
 10.30      0.00000      0.01512     -0.01512
 10.32      0.00000      0.01446     -0.01446
 10.34      0.00000      0.01380     -0.01380
 10.36      0.00000      0.01345     -0.01345
 10.38      0.00000      0.01310     -0.01310
 10.40      0.00000      0.01275     -0.01275
 10.42      0.00000      0.01240     -0.01240
 10.44      0.00000      0.01205     -0.01205
 10.46      0.00000      0.01169     -0.01169
 10.48      0.00000      0.01134     -0.01134
 10.50      0.00000      0.01099     -0.01099
 10.52      0.00000      0.01064     -0.01064
 10.54      0.00000      0.01029     -0.01029
 10.56      0.00000      0.00994     -0.00994
 10.58      0.00000      0.00958     -0.00958
 10.60      0.00000      0.00923     -0.00923
 10.62      0.00000      0.00888     -0.00888
 10.64      0.00000      0.00853     -0.00853
 10.66      0.00000      0.00818     -0.00818
 10.68      0.00000      0.00783     -0.00783
 10.70      0.00000      0.00748     -0.00748
 10.72      0.00000      0.00712     -0.00712
 10.74      0.00000      0.00677     -0.00677
 10.76      0.00000      0.00642     -0.00642
 10.78      0.00000      0.00607     -0.00607
 10.80      0.00000      0.00572     -0.00572
 10.82      0.00000      0.00551     -0.00551
 10.84      0.00000      0.00531     -0.00531
 10.86      0.00000      0.00510     -0.00510
 10.88      0.00000      0.00489     -0.00489
 10.90      0.00000      0.00469     -0.00469
 10.92      0.00000      0.00448     -0.00448
 10.94      0.00000      0.00428     -0.00428
 10.96      0.00000      0.00407     -0.00407
 10.98      0.00000      0.00387     -0.00387
 11.00      0.00000      0.00366     -0.00366
 11.02      0.00000      0.00346     -0.00346
 11.04      0.00000      0.00325     -0.00325
 11.06      0.00000      0.00304     -0.00304
 11.08      0.00000      0.00284     -0.00284
 11.10      0.00000      0.00263     -0.00263
 11.12      0.00000      0.00243     -0.00243
 11.14      0.00000      0.00222     -0.00222
 11.16      0.00000      0.00202     -0.00202
 11.18      0.00000      0.00181     -0.00181
 11.20      0.00000      0.00160     -0.00160
 11.22      0.00000      0.00140     -0.00140
 11.24      0.00000      0.00133     -0.00133
 11.26      0.00000      0.00127     -0.00127
 11.28      0.00000      0.00120     -0.00120
 11.30      0.00000      0.00113     -0.00113
 11.32      0.00000      0.00107     -0.00107
 11.34      0.00000      0.00100     -0.00100
 11.36      0.00000      0.00093     -0.00093
 11.38      0.00000      0.00087     -0.00087
 11.40      0.00000      0.00080     -0.00080
 11.42      0.00000      0.00073     -0.00073
 11.44      0.00000      0.00067     -0.00067
 11.46      0.00000      0.00060     -0.00060
 11.48      0.00000      0.00053     -0.00053
 11.50      0.00000      0.00047     -0.00047
 11.52      0.00000      0.00040     -0.00040
 11.54      0.00000      0.00033     -0.00033
 11.56      0.00000      0.00027     -0.00027
 11.58      0.00000      0.00020     -0.00020
 11.60      0.00000      0.00013     -0.00013
 11.62      0.00000      0.00007     -0.00007
 11.64      0.00000      0.00000      0.00000
 11.66      0.00000      0.00000      0.00000
 11.68      0.00000      0.00000      0.00000
 11.70      0.00000      0.00000      0.00000
 11.72      0.00000      0.00000      0.00000
 11.74      0.00000      0.00000      0.00000
 11.76      0.00000      0.00000      0.00000
 11.78      0.00000      0.00000      0.00000
 11.80      0.00000      0.00000      0.00000
 11.82      0.00000      0.00000      0.00000
 11.84      0.00000      0.00000      0.00000
 11.86      0.00000      0.00000      0.00000
 11.88      0.00000      0.00000      0.00000
 11.90      0.00000      0.00000      0.00000
 11.92      0.00000      0.00000      0.00000
 11.94      0.00000      0.00000      0.00000
 11.96      0.00000      0.00000      0.00000
 11.98      0.00000      0.00000      0.00000
 12.00      0.00000      0.00000      0.00000
 12.02      0.00000      0.00000      0.00000
 12.04      0.00000      0.00000      0.00000
 12.06      0.00000      0.00000      0.00000
 12.08      0.00000      0.00000      0.00000
 12.10      0.00000      0.00000      0.00000
 12.12      0.00000      0.00000      0.00000
 12.14      0.00000      0.00000      0.00000
 12.16      0.00000      0.00000      0.00000
 12.18      0.00000      0.00000      0.00000
 12.20      0.00000      0.00000      0.00000
 12.22      0.00000      0.00000      0.00000
 12.24      0.00000      0.00000      0.00000
 12.26      0.00000      0.00000      0.00000
 12.28      0.00000      0.00000      0.00000
 12.30      0.00000      0.00000      0.00000
 12.32      0.00000      0.00000      0.00000
 12.34      0.00000      0.00000      0.00000
 12.36      0.00000      0.00000      0.00000
 12.38      0.00000      0.00000      0.00000
 12.40      0.00000      0.00000      0.00000
 12.42      0.00000      0.00000      0.00000
 12.44      0.00000      0.00000      0.00000
 12.46      0.00000      0.00000      0.00000
 12.48      0.00000      0.00000      0.00000
 12.50      0.00000      0.00000      0.00000
 12.52      0.00000      0.00000      0.00000
 12.54      0.00000      0.00000      0.00000
 12.56      0.00000      0.00000      0.00000
 12.58      0.00000      0.00000      0.00000
 12.60      0.00000      0.00000      0.00000
 12.62      0.00000      0.00000      0.00000
 12.64      0.00000      0.00000      0.00000
 12.66      0.00000      0.00000      0.00000
 12.68      0.00000      0.00000      0.00000
 12.70      0.00000      0.00000      0.00000
 12.72      0.00000      0.00000      0.00000
 12.74      0.00000      0.00000      0.00000
 12.76      0.00000      0.00000      0.00000
 12.78      0.00000      0.00000      0.00000
 12.80      0.00000      0.00000      0.00000
 12.82      0.00000      0.00000      0.00000
 12.84      0.00000      0.00000      0.00000
 12.86      0.00000      0.00000      0.00000
 12.88      0.00000      0.00000      0.00000
 12.90      0.00000      0.00000      0.00000
 12.92      0.00000      0.00000      0.00000
 12.94      0.00000      0.00000      0.00000
 12.96      0.00000      0.00000      0.00000
 12.98      0.00000      0.00000      0.00000
 13.00      0.00000      0.00000      0.00000
 13.02      0.00000      0.00000      0.00000
 13.04      0.00000      0.00000      0.00000
 13.06      0.00000      0.00000      0.00000
 13.08      0.00000      0.00000      0.00000
 13.10      0.00000      0.00000      0.00000
 13.12      0.00000      0.00000      0.00000
 13.14      0.00000      0.00000      0.00000
 13.16      0.00000      0.00000      0.00000
 13.18      0.00000      0.00000      0.00000
 13.20      0.00000      0.00000      0.00000
 13.22      0.00000      0.00000      0.00000
 13.24      0.00000      0.00000      0.00000
 13.26      0.00000      0.00000      0.00000
 13.28      0.00000      0.00000      0.00000
 13.30      0.00000      0.00000      0.00000
 13.32      0.00000      0.00000      0.00000
 13.34      0.00000      0.00000      0.00000
 13.36      0.00000      0.00000      0.00000
 13.38      0.00000      0.00000      0.00000
 13.40      0.00000      0.00000      0.00000
 13.42      0.00000      0.00000      0.00000
 13.44      0.00000      0.00000      0.00000
 13.46      0.00000      0.00000      0.00000
 13.48      0.00000      0.00000      0.00000
 13.50      0.00000      0.00000      0.00000
 13.52      0.00000      0.00000      0.00000
 13.54      0.00000      0.00000      0.00000
 13.56      0.00000      0.00000      0.00000
 13.58      0.00000      0.00000      0.00000
 13.60      0.00000      0.00000      0.00000
 13.62      0.00000      0.00000      0.00000
 13.64      0.00000      0.00000      0.00000
 13.66      0.00000      0.00000      0.00000
 13.68      0.00000      0.00000      0.00000
 13.70      0.00000      0.00000      0.00000
 13.72      0.00000      0.00000      0.00000
 13.74      0.00000      0.00000      0.00000
 13.76      0.00000      0.00000      0.00000
 13.78      0.00000      0.00000      0.00000
 13.80      0.00000      0.00000      0.00000
 13.82      0.00000      0.00000      0.00000
 13.84      0.00000      0.00000      0.00000
 13.86      0.00000      0.00000      0.00000
 13.88      0.00000      0.00000      0.00000
 13.90      0.00000      0.00000      0.00000
 13.92      0.00000      0.00000      0.00000
 13.94      0.00000      0.00000      0.00000
 13.96      0.00000      0.00000      0.00000
 13.98      0.00000      0.00000      0.00000
 14.00      0.00000      0.00000      0.00000
 14.02      0.00000      0.00000      0.00000
 14.04      0.00000      0.00000      0.00000
 14.06      0.00000      0.00000      0.00000
 14.08      0.00000      0.00000      0.00000
 14.10      0.00000      0.00000      0.00000
 14.12      0.00000      0.00000      0.00000
 14.14      0.00000      0.00000      0.00000
 14.16      0.00000      0.00000      0.00000
 14.18      0.00000      0.00000      0.00000
 14.20      0.00000      0.00000      0.00000
 14.22      0.00000      0.00000      0.00000
 14.24      0.00000      0.00000      0.00000
 14.26      0.00000      0.00000      0.00000
 14.28      0.00000      0.00000      0.00000
 14.30      0.00000      0.00000      0.00000
 14.32      0.00000      0.00000      0.00000
 14.34      0.00000      0.00000      0.00000
 14.36      0.00000      0.00000      0.00000
 14.38      0.00000      0.00000      0.00000
 14.40      0.00000      0.00000      0.00000
 14.42      0.00000      0.00000      0.00000
 14.44      0.00000      0.00000      0.00000
 14.46      0.00000      0.00000      0.00000
 14.48      0.00000      0.00000      0.00000
 14.50      0.00000      0.00000      0.00000
 14.52      0.00000      0.00000      0.00000
 14.54      0.00000      0.00000      0.00000
 14.56      0.00000      0.00000      0.00000
 14.58      0.00000      0.00000      0.00000
 14.60      0.00000      0.00000      0.00000
 14.62      0.00000      0.00000      0.00000
 14.64      0.00000      0.00000      0.00000
 14.66      0.00000      0.00000      0.00000
 14.68      0.00000      0.00000      0.00000
 14.70      0.00000      0.00000      0.00000
 14.72      0.00000      0.00000      0.00000
 14.74      0.00000      0.00000      0.00000
 14.76      0.00000      0.00000      0.00000
 14.78      0.00000      0.00000      0.00000
 14.80      0.00000      0.00000      0.00000
 14.82      0.00000      0.00000      0.00000
 14.84      0.00000      0.00000      0.00000
 14.86      0.00000      0.00000      0.00000
 14.88      0.00000      0.00000      0.00000
 14.90      0.00000      0.00000      0.00000
 14.92      0.00000      0.00000      0.00000
 14.94      0.00000      0.00000      0.00000
 14.96      0.00000      0.00000      0.00000
 14.98      0.00000      0.00000      0.00000
 15.00      0.00000      0.00000      0.00000
 15.02      0.00000      0.00000      0.00000
 15.04      0.00000      0.00000      0.00000
 15.06      0.00000      0.00000      0.00000
 15.08      0.00000      0.00000      0.00000
 15.10      0.00000      0.00000      0.00000
 15.12      0.00000      0.00000      0.00000
 15.14      0.00000      0.00000      0.00000
 15.16      0.00000      0.00000      0.00000
 15.18      0.00000      0.00000      0.00000
 15.20      0.00000      0.00000      0.00000
 15.22      0.00000      0.00000      0.00000
 15.24      0.00000      0.00000      0.00000
 15.26      0.00000      0.00000      0.00000
 15.28      0.00000      0.00000      0.00000
 15.30      0.00000      0.00000      0.00000
 15.32      0.00000      0.00000      0.00000
 15.34      0.00000      0.00000      0.00000
 15.36      0.00000      0.00000      0.00000
 15.38      0.00000      0.00000      0.00000
 15.40      0.00000      0.00000      0.00000
 15.42      0.00000      0.00000      0.00000
 15.44      0.00000      0.00000      0.00000
 15.46      0.00000      0.00000      0.00000
 15.48      0.00000      0.00000      0.00000
 15.50      0.00000      0.00000      0.00000
 15.52      0.00000      0.00000      0.00000
 15.54      0.00000      0.00000      0.00000
 15.56      0.00000      0.00000      0.00000
 15.58      0.00000      0.00000      0.00000
 15.60      0.00000      0.00000      0.00000
 15.62      0.00000      0.00000      0.00000
 15.64      0.00000      0.00000      0.00000
 15.66      0.00000      0.00000      0.00000
 15.68      0.00000      0.00000      0.00000
 15.70      0.00000      0.00000      0.00000
 15.72      0.00000      0.00000      0.00000
 15.74      0.00000      0.00000      0.00000
 15.76      0.00000      0.00000      0.00000
 15.78      0.00000      0.00000      0.00000
 15.80      0.00000      0.00000      0.00000
 15.82      0.00000      0.00000      0.00000
 15.84      0.00000      0.00000      0.00000
 15.86      0.00000      0.00000      0.00000
 15.88      0.00000      0.00000      0.00000
 15.90      0.00000      0.00000      0.00000
 15.92      0.00000      0.00000      0.00000
 15.94      0.00000      0.00000      0.00000
 15.96      0.00000      0.00000      0.00000
 15.98      0.00000      0.00000      0.00000
 16.00      0.00000      0.00000      0.00000
 16.02      0.00000      0.00000      0.00000
 16.04      0.00000      0.00000      0.00000
 16.06      0.00000      0.00000      0.00000
 16.08      0.00000      0.00000      0.00000
 16.10      0.00000      0.00000      0.00000
 16.12      0.00000      0.00000      0.00000
 16.14      0.00000      0.00000      0.00000
 16.16      0.00000      0.00000      0.00000
 16.18      0.00000      0.00000      0.00000
 16.20      0.00000      0.00000      0.00000
 16.22      0.00000      0.00000      0.00000
 16.24      0.00000      0.00000      0.00000
 16.26      0.00000      0.00000      0.00000
 16.28      0.00000      0.00000      0.00000
 16.30      0.00000      0.00000      0.00000
 16.32      0.00000      0.00000      0.00000
 16.34      0.00000      0.00000      0.00000
 16.36      0.00000      0.00000      0.00000
 16.38      0.00000      0.00000      0.00000
 16.40      0.00000      0.00000      0.00000
 16.42      0.00000      0.00000      0.00000
 16.44      0.00000      0.00000      0.00000
 16.46      0.00000      0.00000      0.00000
 16.48      0.00000      0.00000      0.00000
 16.50      0.00000      0.00000      0.00000
 16.52      0.00000      0.00000      0.00000
 16.54      0.00000      0.00000      0.00000
 16.56      0.00000      0.00000      0.00000
 16.58      0.00000      0.00000      0.00000
 16.60      0.00000      0.00000      0.00000
 16.62      0.00000      0.00000      0.00000
 16.64      0.00000      0.00000      0.00000
 16.66      0.00000      0.00000      0.00000
 16.68      0.00000      0.00000      0.00000
 16.70      0.00000      0.00000      0.00000
 16.72      0.00000      0.00000      0.00000
 16.74      0.00000      0.00000      0.00000
 16.76      0.00000      0.00000      0.00000
 16.78      0.00000      0.00000      0.00000
 16.80      0.00000      0.00000      0.00000
 16.82      0.00000      0.00000      0.00000
 16.84      0.00000      0.00000      0.00000
 16.86      0.00000      0.00000      0.00000
 16.88      0.00000      0.00000      0.00000
 16.90      0.00000      0.00000      0.00000
 16.92      0.00000      0.00000      0.00000
 16.94      0.00000      0.00000      0.00000
 16.96      0.00000      0.00000      0.00000
 16.98      0.00000      0.00000      0.00000
 17.00      0.00000      0.00000      0.00000
 17.02      0.00000      0.00000      0.00000
 17.04      0.00000      0.00000      0.00000
 17.06      0.00000      0.00000      0.00000
 17.08      0.00000      0.00000      0.00000
 17.10      0.00000      0.00000      0.00000
 17.12      0.00000      0.00000      0.00000
 17.14      0.00000      0.00000      0.00000
 17.16      0.00000      0.00000      0.00000
 17.18      0.00000      0.00000      0.00000
 17.20      0.00000      0.00000      0.00000
 17.22      0.00000      0.00000      0.00000
 17.24      0.00000      0.00000      0.00000
 17.26      0.00000      0.00000      0.00000
 17.28      0.00000      0.00000      0.00000
 17.30      0.00000      0.00000      0.00000
 17.32      0.00000      0.00000      0.00000
 17.34      0.00000      0.00000      0.00000
 17.36      0.00000      0.00000      0.00000
 17.38      0.00000      0.00000      0.00000
 17.40      0.00000      0.00000      0.00000
 17.42      0.00000      0.00000      0.00000
 17.44      0.00000      0.00000      0.00000
 17.46      0.00000      0.00000      0.00000
 17.48      0.00000      0.00000      0.00000
 17.50      0.00000      0.00000      0.00000
 17.52      0.00000      0.00000      0.00000
 17.54      0.00000      0.00000      0.00000
 17.56      0.00000      0.00000      0.00000
 17.58      0.00000      0.00000      0.00000
 17.60      0.00000      0.00000      0.00000
 17.62      0.00000      0.00000      0.00000
 17.64      0.00000      0.00000      0.00000
 17.66      0.00000      0.00000      0.00000
 17.68      0.00000      0.00000      0.00000
 17.70      0.00000      0.00000      0.00000
 17.72      0.00000      0.00000      0.00000
 17.74      0.00000      0.00000      0.00000
 17.76      0.00000      0.00000      0.00000
 17.78      0.00000      0.00000      0.00000
 17.80      0.00000      0.00000      0.00000
 17.82      0.00000      0.00000      0.00000
 17.84      0.00000      0.00000      0.00000
 17.86      0.00000      0.00000      0.00000
 17.88      0.00000      0.00000      0.00000
 17.90      0.00000      0.00000      0.00000
 17.92      0.00000      0.00000      0.00000
 17.94      0.00000      0.00000      0.00000
 17.96      0.00000      0.00000      0.00000
 17.98      0.00000      0.00000      0.00000
 18.00      0.00000      0.00000      0.00000
 18.02      0.00000      0.00000      0.00000
 18.04      0.00000      0.00000      0.00000
 18.06      0.00000      0.00000      0.00000
 18.08      0.00000      0.00000      0.00000
 18.10      0.00000      0.00000      0.00000
 18.12      0.00000      0.00000      0.00000
 18.14      0.00000      0.00000      0.00000
 18.16      0.00000      0.00000      0.00000
 18.18      0.00000      0.00000      0.00000
 18.20      0.00000      0.00000      0.00000
 18.22      0.00000      0.00000      0.00000
 18.24      0.00000      0.00000      0.00000
 18.26      0.00000      0.00000      0.00000
 18.28      0.00000      0.00000      0.00000
 18.30      0.00000      0.00000      0.00000
 18.32      0.00000      0.00000      0.00000
 18.34      0.00000      0.00000      0.00000
 18.36      0.00000      0.00000      0.00000
 18.38      0.00000      0.00000      0.00000
 18.40      0.00000      0.00000      0.00000
 18.42      0.00000      0.00000      0.00000
 18.44      0.00000      0.00000      0.00000
 18.46      0.00000      0.00000      0.00000
 18.48      0.00000      0.00000      0.00000
 18.50      0.00000      0.00000      0.00000
 18.52      0.00000      0.00000      0.00000
 18.54      0.00000      0.00000      0.00000
 18.56      0.00000      0.00000      0.00000
 18.58      0.00000      0.00000      0.00000
 18.60      0.00000      0.00000      0.00000
 18.62      0.00000      0.00000      0.00000
 18.64      0.00000      0.00000      0.00000
 18.66      0.00000      0.00000      0.00000
 18.68      0.00000      0.00000      0.00000
 18.70      0.00000      0.00000      0.00000
 18.72      0.00000      0.00000      0.00000
 18.74      0.00000      0.00000      0.00000
 18.76      0.00000      0.00000      0.00000
 18.78      0.00000      0.00000      0.00000
 18.80      0.00000      0.00000      0.00000
 18.82      0.00000      0.00000      0.00000
 18.84      0.00000      0.00000      0.00000
 18.86      0.00000      0.00000      0.00000
 18.88      0.00000      0.00000      0.00000
 18.90      0.00000      0.00000      0.00000
 18.92      0.00000      0.00000      0.00000
 18.94      0.00000      0.00000      0.00000
 18.96      0.00000      0.00000      0.00000
 18.98      0.00000      0.00000      0.00000
 19.00      0.00000      0.00000      0.00000
 19.02      0.00000      0.00000      0.00000
 19.04      0.00000      0.00000      0.00000
 19.06      0.00000      0.00000      0.00000
 19.08      0.00000      0.00000      0.00000
 19.10      0.00000      0.00000      0.00000
 19.12      0.00000      0.00000      0.00000
 19.14      0.00000      0.00000      0.00000
 19.16      0.00000      0.00000      0.00000
 19.18      0.00000      0.00000      0.00000
 19.20      0.00000      0.00000      0.00000
 19.22      0.00000      0.00000      0.00000
 19.24      0.00000      0.00000      0.00000
 19.26      0.00000      0.00000      0.00000
 19.28      0.00000      0.00000      0.00000
 19.30      0.00000      0.00000      0.00000
 19.32      0.00000      0.00000      0.00000
 19.34      0.00000      0.00000      0.00000
 19.36      0.00000      0.00000      0.00000
 19.38      0.00000      0.00000      0.00000
 19.40      0.00000      0.00000      0.00000
 19.42      0.00000      0.00000      0.00000
 19.44      0.00000      0.00000      0.00000
 19.46      0.00000      0.00000      0.00000
 19.48      0.00000      0.00000      0.00000
 19.50      0.00000      0.00000      0.00000
 19.52      0.00000      0.00000      0.00000
 19.54      0.00000      0.00000      0.00000
 19.56      0.00000      0.00000      0.00000
 19.58      0.00000      0.00000      0.00000
 19.60      0.00000      0.00000      0.00000
 19.62      0.00000      0.00000      0.00000
 19.64      0.00000      0.00000      0.00000
 19.66      0.00000      0.00000      0.00000
 19.68      0.00000      0.00000      0.00000
 19.70      0.00000      0.00000      0.00000
 19.72      0.00000      0.00000      0.00000
 19.74      0.00000      0.00000      0.00000
 19.76      0.00000      0.00000      0.00000
 19.78      0.00000      0.00000      0.00000
 19.80      0.00000      0.00000      0.00000
 19.82      0.00000      0.00000      0.00000
 19.84      0.00000      0.00000      0.00000
 19.86      0.00000      0.00000      0.00000
 19.88      0.00000      0.00000      0.00000
 19.90      0.00000      0.00000      0.00000
 19.92      0.00000      0.00000      0.00000
 19.94      0.00000      0.00000      0.00000
 19.96      0.00000      0.00000      0.00000
 19.98      0.00000      0.00000      0.00000
 20.00      0.00000      0.00000      0.00000
 20.02      0.00000      0.00000      0.00000
 20.04      0.00000      0.00000      0.00000
 20.06      0.00000      0.00000      0.00000
 20.08      0.00000      0.00000      0.00000
 20.10      0.00000      0.00000      0.00000
 20.12      0.00000      0.00000      0.00000
 20.14      0.00000      0.00000      0.00000
 20.16      0.00000      0.00000      0.00000
 20.18      0.00000      0.00000      0.00000
 20.20      0.00000      0.00000      0.00000
 20.22      0.00000      0.00000      0.00000
 20.24      0.00000      0.00000      0.00000
 20.26      0.00000      0.00000      0.00000
 20.28      0.00000      0.00000      0.00000
 20.30      0.00000      0.00000      0.00000
 20.32      0.00000      0.00000      0.00000
 20.34      0.00000      0.00000      0.00000
 20.36      0.00000      0.00000      0.00000
 20.38      0.00000      0.00000      0.00000
 20.40      0.00000      0.00000      0.00000
 20.42      0.00000      0.00000      0.00000
 20.44      0.00000      0.00000      0.00000
 20.46      0.00000      0.00000      0.00000
 20.48      0.00000      0.00000      0.00000
 20.50      0.00000      0.00000      0.00000
 20.52      0.00000      0.00000      0.00000
 20.54      0.00000      0.00000      0.00000
 20.56      0.00000      0.00000      0.00000
 20.58      0.00000      0.00000      0.00000
 20.60      0.00000      0.00000      0.00000
 20.62      0.00000      0.00000      0.00000
 20.64      0.00000      0.00000      0.00000
 20.66      0.00000      0.00000      0.00000
 20.68      0.00000      0.00000      0.00000
 20.70      0.00000      0.00000      0.00000
 20.72      0.00000      0.00000      0.00000
 20.74      0.00000      0.00000      0.00000
 20.76      0.00000      0.00000      0.00000
 20.78      0.00000      0.00000      0.00000
 20.80      0.00000      0.00000      0.00000
 20.82      0.00000      0.00000      0.00000
 20.84      0.00000      0.00000      0.00000
 20.86      0.00000      0.00000      0.00000
 20.88      0.00000      0.00000      0.00000
 20.90      0.00000      0.00000      0.00000
 20.92      0.00000      0.00000      0.00000
 20.94      0.00000      0.00000      0.00000
 20.96      0.00000      0.00000      0.00000
 20.98      0.00000      0.00000      0.00000
 21.00      0.00000      0.00000      0.00000
 21.02      0.00000      0.00000      0.00000
 21.04      0.00000      0.00000      0.00000
 21.06      0.00000      0.00000      0.00000
 21.08      0.00000      0.00000      0.00000
 21.10      0.00000      0.00000      0.00000
 21.12      0.00000      0.00000      0.00000
 21.14      0.00000      0.00000      0.00000
 21.16      0.00000      0.00000      0.00000
 21.18      0.00000      0.00000      0.00000
 21.20      0.00000      0.00000      0.00000
 21.22      0.00000      0.00000      0.00000
 21.24      0.00000      0.00000      0.00000
 21.26      0.00000      0.00000      0.00000
 21.28      0.00000      0.00000      0.00000
 21.30      0.00000      0.00000      0.00000
 21.32      0.00000      0.00000      0.00000
 21.34      0.00000      0.00000      0.00000
 21.36      0.00000      0.00000      0.00000
 21.38      0.00000      0.00000      0.00000
 21.40      0.00000      0.00000      0.00000
 21.42      0.00000      0.00000      0.00000
 21.44      0.00000      0.00000      0.00000
 21.46      0.00000      0.00000      0.00000
 21.48      0.00000      0.00000      0.00000
 21.50      0.00000      0.00000      0.00000
 21.52      0.00000      0.00000      0.00000
 21.54      0.00000      0.00000      0.00000
 21.56      0.00000      0.00000      0.00000
 21.58      0.00000      0.00000      0.00000
 21.60      0.00000      0.00000      0.00000
 21.62      0.00000      0.00000      0.00000
 21.64      0.00000      0.00000      0.00000
 21.66      0.00000      0.00000      0.00000
 21.68      0.00000      0.00000      0.00000
 21.70      0.00000      0.00000      0.00000
 21.72      0.00000      0.00000      0.00000
 21.74      0.00000      0.00000      0.00000
 21.76      0.00000      0.00000      0.00000
 21.78      0.00000      0.00000      0.00000
 21.80      0.00000      0.00000      0.00000
 21.82      0.00000      0.00000      0.00000
 21.84      0.00000      0.00000      0.00000
 21.86      0.00000      0.00000      0.00000
 21.88      0.00000      0.00000      0.00000
 21.90      0.00000      0.00000      0.00000
 21.92      0.00000      0.00000      0.00000
 21.94      0.00000      0.00000      0.00000
 21.96      0.00000      0.00000      0.00000
 21.98      0.00000      0.00000      0.00000
 22.00      0.00000      0.00000      0.00000
 22.02      0.00000      0.00000      0.00000
 22.04      0.00000      0.00000      0.00000
 22.06      0.00000      0.00000      0.00000
 22.08      0.00000      0.00000      0.00000
 22.10      0.00000      0.00000      0.00000
 22.12      0.00000      0.00000      0.00000
 22.14      0.00000      0.00000      0.00000
 22.16      0.00000      0.00000      0.00000
 22.18      0.00000      0.00000      0.00000
 22.20      0.00000      0.00000      0.00000
 22.22      0.00000      0.00000      0.00000
 22.24      0.00000      0.00000      0.00000
 22.26      0.00000      0.00000      0.00000
 22.28      0.00000      0.00000      0.00000
 22.30      0.00000      0.00000      0.00000
 22.32      0.00000      0.00000      0.00000
 22.34      0.00000      0.00000      0.00000
 22.36      0.00000      0.00000      0.00000
 22.38      0.00000      0.00000      0.00000
 22.40      0.00000      0.00000      0.00000
 22.42      0.00000      0.00000      0.00000
 22.44      0.00000      0.00000      0.00000
 22.46      0.00000      0.00000      0.00000
 22.48      0.00000      0.00000      0.00000
 22.50      0.00000      0.00000      0.00000
 22.52      0.00000      0.00000      0.00000
 22.54      0.00000      0.00000      0.00000
 22.56      0.00000      0.00000      0.00000
 22.58      0.00000      0.00000      0.00000
 22.60      0.00000      0.00000      0.00000
 22.62      0.00000      0.00000      0.00000
 22.64      0.00000      0.00000      0.00000
 22.66      0.00000      0.00000      0.00000
 22.68      0.00000      0.00000      0.00000
 22.70      0.00000      0.00000      0.00000
 22.72      0.00000      0.00000      0.00000
 22.74      0.00000      0.00000      0.00000
 22.76      0.00000      0.00000      0.00000
 22.78      0.00000      0.00000      0.00000
 22.80      0.00000      0.00000      0.00000
 22.82      0.00000      0.00000      0.00000
 22.84      0.00000      0.00000      0.00000
 22.86      0.00000      0.00000      0.00000
 22.88      0.00000      0.00000      0.00000
 22.90      0.00000      0.00000      0.00000
 22.92      0.00000      0.00000      0.00000
 22.94      0.00000      0.00000      0.00000
 22.96      0.00000      0.00000      0.00000
 22.98      0.00000      0.00000      0.00000
 23.00      0.00000      0.00000      0.00000
 23.02      0.00000      0.00000      0.00000
 23.04      0.00000      0.00000      0.00000
 23.06      0.00000      0.00000      0.00000
 23.08      0.00000      0.00000      0.00000
 23.10      0.00000      0.00000      0.00000
 23.12      0.00000      0.00000      0.00000
 23.14      0.00000      0.00000      0.00000
 23.16      0.00000      0.00000      0.00000
 23.18      0.00000      0.00000      0.00000
 23.20      0.00000      0.00000      0.00000
 23.22      0.00000      0.00000      0.00000
 23.24      0.00000      0.00000      0.00000
 23.26      0.00000      0.00000      0.00000
 23.28      0.00000      0.00000      0.00000
 23.30      0.00000      0.00000      0.00000
 23.32      0.00000      0.00000      0.00000
 23.34      0.00000      0.00000      0.00000
 23.36      0.00000      0.00000      0.00000
 23.38      0.00000      0.00000      0.00000
 23.40      0.00000      0.00000      0.00000
 23.42      0.00000      0.00000      0.00000
 23.44      0.00000      0.00000      0.00000
 23.46      0.00000      0.00000      0.00000
 23.48      0.00000      0.00000      0.00000
 23.50      0.00000      0.00000      0.00000
 23.52      0.00000      0.00000      0.00000
 23.54      0.00000      0.00000      0.00000
 23.56      0.00000      0.00000      0.00000
 23.58      0.00000      0.00000      0.00000
 23.60      0.00000      0.00000      0.00000
 23.62      0.00000      0.00000      0.00000
 23.64      0.00000      0.00000      0.00000
 23.66      0.00000      0.00000      0.00000
 23.68      0.00000      0.00000      0.00000
 23.70      0.00000      0.00000      0.00000
 23.72      0.00000      0.00000      0.00000
 23.74      0.00000      0.00000      0.00000
 23.76      0.00000      0.00000      0.00000
 23.78      0.00000      0.00000      0.00000
 23.80      0.00000      0.00000      0.00000
 23.82      0.00000      0.00000      0.00000
 23.84      0.00000      0.00000      0.00000
 23.86      0.00000      0.00000      0.00000
 23.88      0.00000      0.00000      0.00000
 23.90      0.00000      0.00000      0.00000
 23.92      0.00000      0.00000      0.00000
 23.94      0.00000      0.00000      0.00000
 23.96      0.00000      0.00000      0.00000
 23.98      0.00000      0.00000      0.00000
 24.00      0.00000      0.00000      0.00000
 24.02      0.00000      0.00000      0.00000
 24.04      0.00000      0.00000      0.00000
 24.06      0.00000      0.00000      0.00000
 24.08      0.00000      0.00000      0.00000
 24.10      0.00000      0.00000      0.00000
 24.12      0.00000      0.00000      0.00000
 24.14      0.00000      0.00000      0.00000
 24.16      0.00000      0.00000      0.00000
 24.18      0.00000      0.00000      0.00000
 24.20      0.00000      0.00000      0.00000
 24.22      0.00000      0.00000      0.00000
 24.24      0.00000      0.00000      0.00000
 24.26      0.00000      0.00000      0.00000
 24.28      0.00000      0.00000      0.00000
 24.30      0.00000      0.00000      0.00000
 24.32      0.00000      0.00000      0.00000
 24.34      0.00000      0.00000      0.00000
 24.36      0.00000      0.00000      0.00000
 24.38      0.00000      0.00000      0.00000
 24.40      0.00000      0.00000      0.00000
 24.42      0.00000      0.00000      0.00000
 24.44      0.00000      0.00000      0.00000
 24.46      0.00000      0.00000      0.00000
 24.48      0.00000      0.00000      0.00000
 24.50      0.00000      0.00000      0.00000
 24.52      0.00000      0.00000      0.00000
 24.54      0.00000      0.00000      0.00000
 24.56      0.00000      0.00000      0.00000
 24.58      0.00000      0.00000      0.00000
 24.60      0.00000      0.00000      0.00000
 24.62      0.00000      0.00000      0.00000
 24.64      0.00000      0.00000      0.00000
 24.66      0.00000      0.00000      0.00000
 24.68      0.00000      0.00000      0.00000
 24.70      0.00000      0.00000      0.00000
 24.72      0.00000      0.00000      0.00000
 24.74      0.00000      0.00000      0.00000
 24.76      0.00000      0.00000      0.00000
 24.78      0.00000      0.00000      0.00000
 24.80      0.00000      0.00000      0.00000
 24.82      0.00000      0.00000      0.00000
 24.84      0.00000      0.00000      0.00000
 24.86      0.00000      0.00000      0.00000
 24.88      0.00000      0.00000      0.00000
 24.90      0.00000      0.00000      0.00000
 24.92      0.00000      0.00000      0.00000
 24.94      0.00000      0.00000      0.00000
 24.96      0.00000      0.00000      0.00000
 24.98      0.00000      0.00000      0.00000
 25.00      0.00000      0.00000      0.00000
 25.02      0.00000      0.00000      0.00000
 25.04      0.00000      0.00000      0.00000
 25.06      0.00000      0.00000      0.00000
 25.08      0.00000      0.00000      0.00000
 25.10      0.00000      0.00000      0.00000
 25.12      0.00000      0.00000      0.00000
 25.14      0.00000      0.00000      0.00000
 25.16      0.00000      0.00000      0.00000
 25.18      0.00000      0.00000      0.00000
 25.20      0.00000      0.00000      0.00000
 25.22      0.00000      0.00000      0.00000
 25.24      0.00000      0.00000      0.00000
 25.26      0.00000      0.00000      0.00000
 25.28      0.00000      0.00000      0.00000
 25.30      0.00000      0.00000      0.00000
 25.32      0.00000      0.00000      0.00000
 25.34      0.00000      0.00000      0.00000
 25.36      0.00000      0.00000      0.00000
 25.38      0.00000      0.00000      0.00000
 25.40      0.00000      0.00000      0.00000
 25.42      0.00000      0.00000      0.00000
 25.44      0.00000      0.00000      0.00000
 25.46      0.00000      0.00000      0.00000
 25.48      0.00000      0.00000      0.00000
 25.50      0.00000      0.00000      0.00000
 25.52      0.00000      0.00000      0.00000
 25.54      0.00000      0.00000      0.00000
 25.56      0.00000      0.00000      0.00000
 25.58      0.00000      0.00000      0.00000
 25.60      0.00000      0.00000      0.00000
 25.62      0.00000      0.00000      0.00000
 25.64      0.00000      0.00000      0.00000
 25.66      0.00000      0.00000      0.00000
 25.68      0.00000      0.00000      0.00000
 25.70      0.00000      0.00000      0.00000
 25.72      0.00000      0.00000      0.00000
 25.74      0.00000      0.00000      0.00000
 25.76      0.00000      0.00000      0.00000
 25.78      0.00000      0.00000      0.00000
 25.80      0.00000      0.00000      0.00000
 25.82      0.00000      0.00000      0.00000
 25.84      0.00000      0.00000      0.00000
 25.86      0.00000      0.00000      0.00000
 25.88      0.00000      0.00000      0.00000
 25.90      0.00000      0.00000      0.00000
 25.92      0.00000      0.00000      0.00000
 25.94      0.00000      0.00000      0.00000
 25.96      0.00000      0.00000      0.00000
 25.98      0.00000      0.00000      0.00000
 26.00      0.00000      0.00000      0.00000
 26.02      0.00000      0.00000      0.00000
 26.04      0.00000      0.00000      0.00000
 26.06      0.00000      0.00000      0.00000
 26.08      0.00000      0.00000      0.00000
 26.10      0.00000      0.00000      0.00000
 26.12      0.00000      0.00000      0.00000
 26.14      0.00000      0.00000      0.00000
 26.16      0.00000      0.00000      0.00000
 26.18      0.00000      0.00000      0.00000
 26.20      0.00000      0.00000      0.00000
 26.22      0.00000      0.00000      0.00000
 26.24      0.00000      0.00000      0.00000
 26.26      0.00000      0.00000      0.00000
 26.28      0.00000      0.00000      0.00000
 26.30      0.00000      0.00000      0.00000
 26.32      0.00000      0.00000      0.00000
 26.34      0.00000      0.00000      0.00000
 26.36      0.00000      0.00000      0.00000
 26.38      0.00000      0.00000      0.00000
 26.40      0.00000      0.00000      0.00000
 26.42      0.00000      0.00000      0.00000
 26.44      0.00000      0.00000      0.00000
 26.46      0.00000      0.00000      0.00000
 26.48      0.00000      0.00000      0.00000
 26.50      0.00000      0.00000      0.00000
 26.52      0.00000      0.00000      0.00000
 26.54      0.00000      0.00000      0.00000
 26.56      0.00000      0.00000      0.00000
 26.58      0.00000      0.00000      0.00000
 26.60      0.00000      0.00000      0.00000
 26.62      0.00000      0.00000      0.00000
 26.64      0.00000      0.00000      0.00000
 26.66      0.00000      0.00000      0.00000
 26.68      0.00000      0.00000      0.00000
 26.70      0.00000      0.00000      0.00000
 26.72      0.00000      0.00000      0.00000
 26.74      0.00000      0.00000      0.00000
 26.76      0.00000      0.00000      0.00000
 26.78      0.00000      0.00000      0.00000
 26.80      0.00000      0.00000      0.00000
 26.82      0.00000      0.00000      0.00000
 26.84      0.00000      0.00000      0.00000
 26.86      0.00000      0.00000      0.00000
 26.88      0.00000      0.00000      0.00000
 26.90      0.00000      0.00000      0.00000
 26.92      0.00000      0.00000      0.00000
 26.94      0.00000      0.00000      0.00000
 26.96      0.00000      0.00000      0.00000
 26.98      0.00000      0.00000      0.00000
 27.00      0.00000      0.00000      0.00000
 27.02      0.00000      0.00000      0.00000
 27.04      0.00000      0.00000      0.00000
 27.06      0.00000      0.00000      0.00000
 27.08      0.00000      0.00000      0.00000
 27.10      0.00000      0.00000      0.00000
 27.12      0.00000      0.00000      0.00000
 27.14      0.00000      0.00000      0.00000
 27.16      0.00000      0.00000      0.00000
 27.18      0.00000      0.00000      0.00000
 27.20      0.00000      0.00000      0.00000
 27.22      0.00000      0.00000      0.00000
 27.24      0.00000      0.00000      0.00000
 27.26      0.00000      0.00000      0.00000
 27.28      0.00000      0.00000      0.00000
 27.30      0.00000      0.00000      0.00000
 27.32      0.00000      0.00000      0.00000
 27.34      0.00000      0.00000      0.00000
 27.36      0.00000      0.00000      0.00000
 27.38      0.00000      0.00000      0.00000
 27.40      0.00000      0.00000      0.00000
 27.42      0.00000      0.00000      0.00000
 27.44      0.00000      0.00000      0.00000
 27.46      0.00000      0.00000      0.00000
 27.48      0.00000      0.00000      0.00000
 27.50      0.00000      0.00000      0.00000
 27.52      0.00000      0.00000      0.00000
 27.54      0.00000      0.00000      0.00000
 27.56      0.00000      0.00000      0.00000
 27.58      0.00000      0.00000      0.00000
 27.60      0.00000      0.00000      0.00000
 27.62      0.00000      0.00000      0.00000
 27.64      0.00000      0.00000      0.00000
 27.66      0.00000      0.00000      0.00000
 27.68      0.00000      0.00000      0.00000
 27.70      0.00000      0.00000      0.00000
 27.72      0.00000      0.00000      0.00000
 27.74      0.00000      0.00000      0.00000
 27.76      0.00000      0.00000      0.00000
 27.78      0.00000      0.00000      0.00000
 27.80      0.00000      0.00000      0.00000
 27.82      0.00000      0.00000      0.00000
 27.84      0.00000      0.00000      0.00000
 27.86      0.00000      0.00000      0.00000
 27.88      0.00000      0.00000      0.00000
 27.90      0.00000      0.00000      0.00000
 27.92      0.00000      0.00000      0.00000
 27.94      0.00000      0.00000      0.00000
 27.96      0.00000      0.00000      0.00000
 27.98      0.00000      0.00000      0.00000
 28.00      0.00000      0.00000      0.00000
 28.02      0.00000      0.00000      0.00000
 28.04      0.00000      0.00000      0.00000
 28.06      0.00000      0.00000      0.00000
 28.08      0.00000      0.00000      0.00000
 28.10      0.00000      0.00000      0.00000
 28.12      0.00000      0.00000      0.00000
 28.14      0.00000      0.00000      0.00000
 28.16      0.00000      0.00000      0.00000
 28.18      0.00000      0.00000      0.00000
 28.20      0.00000      0.00000      0.00000
 28.22      0.00000      0.00000      0.00000
 28.24      0.00000      0.00000      0.00000
 28.26      0.00000      0.00000      0.00000
 28.28      0.00000      0.00000      0.00000
 28.30      0.00000      0.00000      0.00000
 28.32      0.00000      0.00000      0.00000
 28.34      0.00000      0.00000      0.00000
 28.36      0.00000      0.00000      0.00000
 28.38      0.00000      0.00000      0.00000
 28.40      0.00000      0.00000      0.00000
 28.42      0.00000      0.00000      0.00000
 28.44      0.00000      0.00000      0.00000
 28.46      0.00000      0.00000      0.00000
 28.48      0.00000      0.00000      0.00000
 28.50      0.00000      0.00000      0.00000
 28.52      0.00000      0.00000      0.00000
 28.54      0.00000      0.00000      0.00000
 28.56      0.00000      0.00000      0.00000
 28.58      0.00000      0.00000      0.00000
 28.60      0.00000      0.00000      0.00000
 28.62      0.00000      0.00000      0.00000
 28.64      0.00000      0.00000      0.00000
 28.66      0.00000      0.00000      0.00000
 28.68      0.00000      0.00000      0.00000
 28.70      0.00000      0.00000      0.00000
 28.72      0.00000      0.00000      0.00000
 28.74      0.00000      0.00000      0.00000
 28.76      0.00000      0.00000      0.00000
 28.78      0.00000      0.00000      0.00000
 28.80      0.00000      0.00000      0.00000
 28.82      0.00000      0.00000      0.00000
 28.84      0.00000      0.00000      0.00000
 28.86      0.00000      0.00000      0.00000
 28.88      0.00000      0.00000      0.00000
 28.90      0.00000      0.00000      0.00000
 28.92      0.00000      0.00000      0.00000
 28.94      0.00000      0.00000      0.00000
 28.96      0.00000      0.00000      0.00000
 28.98      0.00000      0.00000      0.00000
 29.00      0.00000      0.00000      0.00000
 29.02      0.00000      0.00000      0.00000
 29.04      0.00000      0.00000      0.00000
 29.06      0.00000      0.00000      0.00000
 29.08      0.00000      0.00000      0.00000
 29.10      0.00000      0.00000      0.00000
 29.12      0.00000      0.00000      0.00000
 29.14      0.00000      0.00000      0.00000
 29.16      0.00000      0.00000      0.00000
 29.18      0.00000      0.00000      0.00000
 29.20      0.00000      0.00000      0.00000
 29.22      0.00000      0.00000      0.00000
 29.24      0.00000      0.00000      0.00000
 29.26      0.00000      0.00000      0.00000
 29.28      0.00000      0.00000      0.00000
 29.30      0.00000      0.00000      0.00000
 29.32      0.00000      0.00000      0.00000
 29.34      0.00000      0.00000      0.00000
 29.36      0.00000      0.00000      0.00000
 29.38      0.00000      0.00000      0.00000
 29.40      0.00000      0.00000      0.00000
 29.42      0.00000      0.00000      0.00000
 29.44      0.00000      0.00000      0.00000
 29.46      0.00000      0.00000      0.00000
 29.48      0.00000      0.00000      0.00000
 29.50      0.00000      0.00000      0.00000
 29.52      0.00000      0.00000      0.00000
 29.54      0.00000      0.00000      0.00000
 29.56      0.00000      0.00000      0.00000
 29.58      0.00000      0.00000      0.00000
 29.60      0.00000      0.00000      0.00000
 29.62      0.00000      0.00000      0.00000
 29.64      0.00000      0.00000      0.00000
 29.66      0.00000      0.00000      0.00000
 29.68      0.00000      0.00000      0.00000
 29.70      0.00000      0.00000      0.00000
 29.72      0.00000      0.00000      0.00000
 29.74      0.00000      0.00000      0.00000
 29.76      0.00000      0.00000      0.00000
 29.78      0.00000      0.00000      0.00000
 29.80      0.00000      0.00000      0.00000
 29.82      0.00000      0.00000      0.00000
 29.84      0.00000      0.00000      0.00000
 29.86      0.00000      0.00000      0.00000
 29.88      0.00000      0.00000      0.00000
 29.90      0.00000      0.00000      0.00000
 29.92      0.00000      0.00000      0.00000
 29.94      0.00000      0.00000      0.00000
 29.96      0.00000      0.00000      0.00000
 29.98      0.00000      0.00000      0.00000
 30.00      0.00000      0.00000      0.00000
 30.02      0.00000      0.00000      0.00000
 30.04      0.00000      0.00000      0.00000
 30.06      0.00000      0.00000      0.00000
 30.08      0.00000      0.00000      0.00000
 30.10      0.00000      0.00000      0.00000
 30.12      0.00000      0.00000      0.00000
 30.14      0.00000      0.00000      0.00000
 30.16      0.00000      0.00000      0.00000
 30.18      0.00000      0.00000      0.00000
 30.20      0.00000      0.00000      0.00000
 30.22      0.00000      0.00000      0.00000
 30.24      0.00000      0.00000      0.00000
 30.26      0.00000      0.00000      0.00000
 30.28      0.00000      0.00000      0.00000
 30.30      0.00000      0.00000      0.00000
 30.32      0.00000      0.00000      0.00000
 30.34      0.00000      0.00000      0.00000
 30.36      0.00000      0.00000      0.00000
 30.38      0.00000      0.00000      0.00000
 30.40      0.00000      0.00000      0.00000
 30.42      0.00000      0.00000      0.00000
 30.44      0.00000      0.00000      0.00000
 30.46      0.00000      0.00000      0.00000
 30.48      0.00000      0.00000      0.00000
 30.50      0.00000      0.00000      0.00000
 30.52      0.00000      0.00000      0.00000
 30.54      0.00000      0.00000      0.00000
 30.56      0.00000      0.00000      0.00000
 30.58      0.00000      0.00000      0.00000
 30.60      0.00000      0.00000      0.00000
 30.62      0.00000      0.00000      0.00000
 30.64      0.00000      0.00000      0.00000
 30.66      0.00000      0.00000      0.00000
 30.68      0.00000      0.00000      0.00000
 30.70      0.00000      0.00000      0.00000
 30.72      0.00000      0.00000      0.00000
 30.74      0.00000      0.00000      0.00000
 30.76      0.00000      0.00000      0.00000
 30.78      0.00000      0.00000      0.00000
 30.80      0.00000      0.00000      0.00000
 30.82      0.00000      0.00000      0.00000
 30.84      0.00000      0.00000      0.00000
 30.86      0.00000      0.00000      0.00000
 30.88      0.00000      0.00000      0.00000
 30.90      0.00000      0.00000      0.00000
 30.92      0.00000      0.00000      0.00000
 30.94      0.00000      0.00000      0.00000
 30.96      0.00000      0.00000      0.00000
 30.98      0.00000      0.00000      0.00000
 31.00      0.00000      0.00000      0.00000
 31.02      0.00000      0.00000      0.00000
 31.04      0.00000      0.00000      0.00000
 31.06      0.00000      0.00000      0.00000
 31.08      0.00000      0.00000      0.00000
 31.10      0.00000      0.00000      0.00000
 31.12      0.00000      0.00000      0.00000
 31.14      0.00000      0.00000      0.00000
 31.16      0.00000      0.00000      0.00000
 31.18      0.00000      0.00000      0.00000
 31.20      0.00000      0.00000      0.00000
 31.22      0.00000      0.00000      0.00000
 31.24      0.00000      0.00000      0.00000
 31.26      0.00000      0.00000      0.00000
 31.28      0.00000      0.00000      0.00000
 31.30      0.00000      0.00000      0.00000
 31.32      0.00000      0.00000      0.00000
 31.34      0.00000      0.00000      0.00000
 31.36      0.00000      0.00000      0.00000
 31.38      0.00000      0.00000      0.00000
 31.40      0.00000      0.00000      0.00000
 31.42      0.00000      0.00000      0.00000
 31.44      0.00000      0.00000      0.00000
 31.46      0.00000      0.00000      0.00000
 31.48      0.00000      0.00000      0.00000
 31.50      0.00000      0.00000      0.00000
 31.52      0.00000      0.00000      0.00000
 31.54      0.00000      0.00000      0.00000
 31.56      0.00000      0.00000      0.00000
 31.58      0.00000      0.00000      0.00000
 31.60      0.00000      0.00000      0.00000
 31.62      0.00000      0.00000      0.00000
 31.64      0.00000      0.00000      0.00000
 31.66      0.00000      0.00000      0.00000
 31.68      0.00000      0.00000      0.00000
 31.70      0.00000      0.00000      0.00000
 31.72      0.00000      0.00000      0.00000
 31.74      0.00000      0.00000      0.00000
 31.76      0.00000      0.00000      0.00000
 31.78      0.00000      0.00000      0.00000
 31.80      0.00000      0.00000      0.00000
 31.82      0.00000      0.00000      0.00000
 31.84      0.00000      0.00000      0.00000
 31.86      0.00000      0.00000      0.00000
 31.88      0.00000      0.00000      0.00000
 31.90      0.00000      0.00000      0.00000
 31.92      0.00000      0.00000      0.00000
 31.94      0.00000      0.00000      0.00000
 31.96      0.00000      0.00000      0.00000
 31.98      0.00000      0.00000      0.00000
 32.00      0.00000      0.00000      0.00000
