 #r(A)        h(r)         Base         G(r)
  0.02      0.00000      0.00000      0.00000
  0.04      0.00000      0.00000      0.00000
  0.06      0.00000      0.00000      0.00000
  0.08      0.00000      0.00000      0.00000
  0.10      0.00000      0.00000      0.00000
  0.12      0.00000      0.00000      0.00000
  0.14      0.00000      0.00000      0.00000
  0.16      0.00000      0.00000      0.00000
  0.18      0.00000      0.00000      0.00000
  0.20      0.00000      0.00000      0.00000
  0.22      0.00000      0.00000      0.00000
  0.24      0.00000      0.00000      0.00000
  0.26      0.00000      0.00000      0.00000
  0.28      0.00000      0.00000      0.00000
  0.30      0.00000      0.00000      0.00000
  0.32      0.00000      0.00000      0.00000
  0.34      0.00000      0.00000      0.00000
  0.36      0.00000      0.00000      0.00000
  0.38      0.00000      0.00000      0.00000
  0.40      0.00000      0.00000      0.00000
  0.42      0.00000      0.00000      0.00000
  0.44      0.00000      0.00000      0.00000
  0.46      0.00000      0.00000      0.00000
  0.48      0.00000      0.00000      0.00000
  0.50      0.00000      0.00000      0.00000
  0.52      0.00000      0.00000      0.00000
  0.54      0.00000      0.00000      0.00000
  0.56      0.00000      0.00000      0.00000
  0.58      0.00000      0.00008     -0.00008
  0.60      0.00000      0.00028     -0.00028
  0.62      0.00000      0.00068     -0.00068
  0.64      0.00000      0.00139     -0.00139
  0.66      0.00000      0.00244     -0.00244
  0.68      0.00000      0.00376     -0.00376
  0.70      0.00000      0.00536     -0.00536
  0.72      0.00000      0.00718     -0.00718
  0.74      0.00000      0.00926     -0.00926
  0.76      0.00000      0.01146     -0.01146
  0.78      0.00000      0.01384     -0.01384
  0.80      0.00000      0.01629     -0.01629
  0.82      0.00000      0.01890     -0.01890
  0.84      0.00000      0.02159     -0.02159
  0.86      0.00000      0.02449     -0.02449
  0.88      0.00000      0.02742     -0.02742
  0.90      0.00000      0.03039     -0.03039
  0.92      0.00000      0.03336     -0.03336
  0.94      0.00000      0.03634     -0.03634
  0.96      0.00000      0.03933     -0.03933
  0.98      0.00000      0.04231     -0.04231
  1.00      0.00000      0.04530     -0.04530
  1.02      0.00000      0.04829     -0.04829
  1.04      0.00000      0.05127     -0.05127
  1.06      0.00000      0.05426     -0.05426
  1.08      0.00000      0.05724     -0.05724
  1.10      0.00000      0.06023     -0.06023
  1.12      0.00000      0.06321     -0.06321
  1.14      0.00000      0.06620     -0.06620
  1.16      0.00000      0.06918     -0.06918
  1.18      0.00000      0.07217     -0.07217
  1.20      0.00000      0.07515     -0.07515
  1.22      0.00000      0.07814     -0.07814
  1.24      0.00000      0.08113     -0.08113
  1.26      0.00000      0.08411     -0.08411
  1.28      0.00000      0.08710     -0.08710
  1.30      0.00000      0.09008     -0.09008
  1.32      0.00000      0.09307     -0.09307
  1.34      0.00000      0.09605     -0.09605
  1.36      0.00000      0.09904     -0.09904
  1.38      0.00000      0.10202     -0.10202
  1.40      0.00000      0.10501     -0.10501
  1.42      0.00000      0.10800     -0.10800
  1.44      0.00000      0.11098     -0.11098
  1.46      0.00000      0.11397     -0.11397
  1.48      0.00000      0.11695     -0.11695
  1.50      0.00000      0.11994     -0.11994
  1.52      0.00000      0.12292     -0.12292
  1.54      0.00000      0.12591     -0.12591
  1.56      0.00000      0.12889     -0.12889
  1.58      0.00000      0.13188     -0.13188
  1.60      0.00000      0.13486     -0.13486
  1.62      0.00000      0.13786     -0.13786
  1.64      0.00000      0.14086     -0.14086
  1.66      0.00000      0.14389     -0.14389
  1.68      0.00000      0.14695     -0.14695
  1.70      0.00000      0.15008     -0.15008
  1.72      0.00000      0.15325     -0.15325
  1.74      0.00000      0.15653     -0.15653
  1.76      0.00000      0.15989     -0.15989
  1.78      0.00000      0.16331     -0.16331
  1.80      0.00000      0.16678     -0.16678
  1.82      0.00000      0.17038     -0.17038
  1.84      0.00000      0.17403     -0.17403
  1.86      0.00000      0.17773     -0.17773
  1.88      0.00000      0.18152     -0.18152
  1.90      0.00000      0.18533     -0.18533
  1.92      0.00000      0.18914     -0.18914
  1.94      0.00000      0.19295     -0.19295
  1.96      0.00000      0.19677     -0.19677
  1.98      0.00000      0.20062     -0.20062
  2.00      0.00000      0.20447     -0.20447
  2.02      0.00000      0.20832     -0.20832
  2.04      0.00000      0.21217     -0.21217
  2.06      0.00000      0.21605     -0.21605
  2.08      0.00000      0.21992     -0.21992
  2.10      0.00000      0.22381     -0.22381
  2.12      0.00000      0.22770     -0.22770
  2.14      0.00000      0.23159     -0.23159
  2.16      0.00000      0.23548     -0.23548
  2.18      0.00000      0.23937     -0.23937
  2.20      0.00000      0.24326     -0.24326
  2.22      0.00000      0.24715     -0.24715
  2.24      0.00000      0.25104     -0.25104
  2.26      0.00000      0.25493     -0.25493
  2.28      0.00000      0.25882     -0.25882
  2.30      0.00000      0.26271     -0.26271
  2.32      0.00000      0.26660     -0.26660
  2.34      0.00000      0.27048     -0.27048
  2.36      0.00000      0.27437     -0.27437
  2.38      0.00000      0.27826     -0.27826
  2.40      0.00000      0.28215     -0.28215
  2.42      0.00000      0.28604     -0.28604
  2.44      0.00000      0.28993     -0.28993
  2.46      0.00000      0.29382     -0.29382
  2.48      0.00000      0.29772     -0.29772
  2.50      0.00000      0.30162     -0.30162
  2.52      0.00000      0.30552     -0.30552
  2.54      0.00000      0.30948     -0.14533
  2.56      0.00000      0.31357      0.09477
  2.58      0.82078      0.31772      0.49550
  2.60      1.22091      0.32187      1.13362
  2.62      2.02442      0.32588      1.80737
  2.64      3.21135      0.32978      2.19347
  2.66      3.38879      0.33315      2.53568
  2.68      2.77076      0.33604      2.55721
  2.70      2.94883      0.33851      2.45389
  2.72      2.14654      0.34050      2.00482
  2.74      2.70709      0.34221      1.83076
  2.76      1.15340      0.34347      1.39120
  2.78      1.90897      0.34464      1.26189
  2.80      0.75736      0.34555      0.90664
  2.82      1.50582      0.34643      1.08303
  2.84      0.93537      0.34712      0.77412
  2.86      2.03976      0.34768      0.69537
  2.88      0.36793      0.34786      0.39402
  2.90      0.36634      0.34801      0.24293
  2.92      0.00000      0.34809     -0.16510
  2.94      0.18067      0.34818     -0.23877
  2.96      0.00000      0.34822     -0.31209
  2.98      0.00000      0.34827     -0.31214
  3.00      0.00000      0.34832     -0.34832
  3.02      0.00000      0.34837     -0.34837
  3.04      0.00000      0.34842     -0.34842
  3.06      0.00000      0.34847     -0.34847
  3.08      0.00000      0.34852     -0.34852
  3.10      0.00000      0.34857     -0.34857
  3.12      0.00000      0.34862     -0.34862
  3.14      0.00000      0.34867     -0.34867
  3.16      0.00000      0.34871     -0.34871
  3.18      0.00000      0.34876     -0.34876
  3.20      0.00000      0.34882     -0.34882
  3.22      0.00000      0.34889     -0.34889
  3.24      0.00000      0.34896     -0.34896
  3.26      0.00000      0.34907     -0.34907
  3.28      0.00000      0.34920     -0.34920
  3.30      0.00000      0.34939     -0.34939
  3.32      0.00000      0.34963     -0.34963
  3.34      0.00000      0.34999     -0.34999
  3.36      0.00000      0.35042     -0.35042
  3.38      0.00000      0.35096     -0.35096
  3.40      0.00000      0.35155     -0.35155
  3.42      0.00000      0.35221     -0.35221
  3.44      0.00000      0.35287     -0.35287
  3.46      0.00000      0.35355     -0.35355
  3.48      0.00000      0.35423     -0.35423
  3.50      0.00000      0.35493     -0.35493
  3.52      0.00000      0.35562     -0.35562
  3.54      0.00000      0.35631     -0.35631
  3.56      0.00000      0.35700     -0.35700
  3.58      0.00000      0.35770     -0.32840
  3.60      0.00000      0.35839     -0.32909
  3.62      0.14650      0.35908     -0.27183
  3.64      0.00000      0.35975     -0.21481
  3.66      0.28975      0.36045     -0.07194
  3.68      0.28846      0.36111     -0.01623
  3.70      0.71786      0.36171      0.21057
  3.72      0.42833      0.36219      0.32179
  3.74      1.13702      0.36259      0.37611
  3.76      0.84821      0.36280      0.34419
  3.78      0.56209      0.36283      0.50921
  3.80      0.55930      0.36277      0.39263
  3.82      1.25359      0.36259      0.33327
  3.84      0.55381      0.36218      0.38550
  3.86      0.55055      0.36165      0.32869
  3.88      0.82112      0.36101      0.07861
  3.90      0.27264      0.36022     -0.03136
  3.92      0.00000      0.35939     -0.14064
  3.94      0.00000      0.35859     -0.22401
  3.96      0.00000      0.35785     -0.27780
  3.98      0.40029      0.35718     -0.27712
  4.00      0.00000      0.35647     -0.27641
  4.02      0.00000      0.35586     -0.22355
  4.04      0.00000      0.35538     -0.30312
  4.06      0.26129      0.35503     -0.27683
  4.08      0.00000      0.35468     -0.27648
  4.10      0.12970      0.35445     -0.27626
  4.12      0.00000      0.35427     -0.32833
  4.14      0.00000      0.35414     -0.32820
  4.16      0.00000      0.35404     -0.35404
  4.18      0.00000      0.35396     -0.35396
  4.20      0.00000      0.35389     -0.35389
  4.22      0.00000      0.35385     -0.35385
  4.24      0.00000      0.35382     -0.35382
  4.26      0.00000      0.35382     -0.35382
  4.28      0.00000      0.35384     -0.35384
  4.30      0.00000      0.35386     -0.35386
  4.32      0.00000      0.35389     -0.35389
  4.34      0.00000      0.35392     -0.35392
  4.36      0.00000      0.35394     -0.35394
  4.38      0.00000      0.35397     -0.35397
  4.40      0.00000      0.35399     -0.35399
  4.42      0.00000      0.35402     -0.35402
  4.44      0.00000      0.35404     -0.33035
  4.46      0.00000      0.35407     -0.33037
  4.48      0.11849      0.35410     -0.33040
  4.50      0.00000      0.35415     -0.21329
  4.52      0.00000      0.35420      0.04314
  4.54      0.58581      0.35430      0.15874
  4.56      1.28245      0.35430      0.48241
  4.58      0.69694      0.35408      0.68999
  4.60      1.61836      0.35375      1.14682
  4.62      1.03679      0.35319      1.09644
  4.64      2.86830      0.35255      1.34435
  4.66      1.02774      0.35156      1.27063
  4.68      1.93333      0.35068      1.26708
  4.70      1.24478      0.34975      0.96364
  4.72      1.01464      0.34885      0.93772
  4.74      1.34645      0.34804      0.81897
  4.76      0.89365      0.34718      0.81466
  4.78      1.33554      0.34640      0.85529
  4.80      1.21889      0.34548      0.80674
  4.82      1.21392      0.34451      0.71659
  4.84      1.09912      0.34337      0.51603
  4.86      0.43803      0.34217      0.33861
  4.88      0.32705      0.34097      0.11865
  4.90      0.32575      0.33990     -0.10011
  4.92      0.10814      0.33881     -0.18662
  4.94      0.00000      0.33773     -0.25096
  4.96      0.00000      0.33666     -0.31503
  4.98      0.00000      0.33561     -0.33561
  5.00      0.00000      0.33457     -0.33457
  5.02      0.00000      0.33356     -0.33356
  5.04      0.00000      0.33260     -0.33260
  5.06      0.00000      0.33170     -0.33170
  5.08      0.00000      0.33085     -0.33085
  5.10      0.00000      0.33013     -0.33013
  5.12      0.00000      0.32953     -0.32953
  5.14      0.00000      0.32901     -0.32901
  5.16      0.00000      0.32854     -0.30806
  5.18      0.00000      0.32812     -0.28724
  5.20      0.10241      0.32773     -0.28685
  5.22      0.10199      0.32738     -0.20559
  5.24      0.00000      0.32702     -0.16494
  5.26      0.40456      0.32671     -0.06460
  5.28      0.20144      0.32636      0.03537
  5.30      0.60254      0.32602      0.25500
  5.32      0.60007      0.32564      0.33335
  5.34      1.09648      0.32517      0.51107
  5.36      0.79442      0.32450      0.50949
  5.38      1.08773      0.32371      0.50819
  5.40      0.59130      0.32270      0.30944
  5.42      0.58958      0.32158      0.19062
  5.44      0.09768      0.32036     -0.02570
  5.46      0.19476      0.31912     -0.12335
  5.48      0.00000      0.31784     -0.23998
  5.50      0.09686      0.31656     -0.25824
  5.52      0.00000      0.31527     -0.29589
  5.54      0.00000      0.31397     -0.29460
  5.56      0.00000      0.31267     -0.31267
  5.58      0.00000      0.31137     -0.31137
  5.60      0.00000      0.31008     -0.29121
  5.62      0.00000      0.30879     -0.23347
  5.64      0.09435      0.30749     -0.21343
  5.66      0.28223      0.30621     -0.19346
  5.68      0.09374      0.30487     -0.17352
  5.70      0.09340      0.30357     -0.15401
  5.72      0.09300      0.30229     -0.17219
  5.74      0.18544      0.30107     -0.18971
  5.76      0.18495      0.29987     -0.18883
  5.78      0.00000      0.29875     -0.20631
  5.80      0.09180      0.29771     -0.24236
  5.82      0.00000      0.29671     -0.27835
  5.84      0.00000      0.29576     -0.27740
  5.86      0.00000      0.29494     -0.27689
  5.88      0.00000      0.29417     -0.25816
  5.90      0.09022      0.29345     -0.18571
  5.92      0.08980      0.29280     -0.06010
  5.94      0.35865      0.29215      0.06517
  5.96      0.62480      0.29144      0.13654
  5.98      0.62315      0.29060      0.33178
  6.00      0.44346      0.28965      0.50781
  6.02      1.06183      0.28868      0.66502
  6.04      1.23405      0.28751      0.64660
  6.06      1.40603      0.28612      0.80378
  6.08      0.52521      0.28444      0.73229
  6.10      1.22234      0.28272      0.60861
  6.12      0.69605      0.28079      0.38120
  6.14      0.60702      0.27874      0.31265
  6.16      0.25931      0.27660      0.10465
  6.18      0.17226      0.27442      0.00188
  6.20      0.17163      0.27221     -0.06610
  6.22      0.17125      0.26998     -0.06468
  6.24      0.25611      0.26772     -0.06298
  6.26      0.25522      0.26542     -0.07813
  6.28      0.16947      0.26309     -0.11004
  6.30      0.08444      0.26074     -0.15891
  6.32      0.00000      0.25839     -0.20761
  6.34      0.00000      0.25606     -0.23917
  6.36      0.00000      0.25375     -0.25375
  6.38      0.00000      0.25145     -0.25145
  6.40      0.00000      0.24916     -0.24916
  6.42      0.00000      0.24689     -0.24689
  6.44      0.00000      0.24463     -0.24463
  6.46      0.00000      0.24237     -0.14405
  6.48      0.00000      0.24013     -0.12544
  6.50      0.49162      0.23789     -0.05805
  6.52      0.08179      0.23557      0.00925
  6.54      0.32575      0.23324      0.06015
  6.56      0.32492      0.23086      0.01262
  6.58      0.24288      0.22851      0.01471
  6.60      0.24206      0.22625     -0.03214
  6.62      0.08045      0.22402     -0.07889
  6.64      0.08020      0.22194     -0.12539
  6.66      0.08008      0.21997     -0.17182
  6.68      0.00000      0.21826     -0.18621
  6.70      0.00000      0.21666     -0.20065
  6.72      0.00000      0.21525     -0.21525
  6.74      0.00000      0.21396     -0.21396
  6.76      0.00000      0.21277     -0.21277
  6.78      0.00000      0.21171     -0.21171
  6.80      0.00000      0.21074     -0.21074
  6.82      0.00000      0.20991     -0.20991
  6.84      0.00000      0.20919     -0.20919
  6.86      0.00000      0.20860     -0.20860
  6.88      0.00000      0.20813     -0.20813
  6.90      0.00000      0.20772     -0.20772
  6.92      0.00000      0.20737     -0.20737
  6.94      0.00000      0.20708     -0.19182
  6.96      0.00000      0.20681     -0.16114
  6.98      0.07629      0.20656     -0.10019
  7.00      0.15207      0.20629     -0.00911
  7.02      0.30347      0.20600      0.11193
  7.04      0.45408      0.20566      0.20235
  7.06      0.60375      0.20524      0.44244
  7.08      0.52669      0.20469      0.62179
  7.10      1.35039      0.20404      0.71069
  7.12      1.19748      0.20312      0.68013
  7.14      0.89532      0.20197      0.66497
  7.16      0.44640      0.20065      0.48504
  7.18      0.44515      0.19924      0.35026
  7.20      0.44409      0.19774      0.20215
  7.22      0.51651      0.19615      0.20251
  7.24      0.14729      0.19447      0.20297
  7.26      0.44025      0.19278      0.23268
  7.28      0.43909      0.19100      0.26214
  7.30      0.58417      0.18918      0.32161
  7.32      0.65492      0.18728      0.24993
  7.34      0.43553      0.18531      0.22183
  7.36      0.07233      0.18333      0.10698
  7.38      0.28874      0.18145      0.00660
  7.40      0.00000      0.17959     -0.06434
  7.42      0.14363      0.17785     -0.07707
  7.44      0.07157      0.17615     -0.13311
  7.46      0.00000      0.17449     -0.13145
  7.48      0.00000      0.17284     -0.15853
  7.50      0.00000      0.17121     -0.17121
  7.52      0.00000      0.16958     -0.16958
  7.54      0.00000      0.16796     -0.16796
  7.56      0.00000      0.16634     -0.16634
  7.58      0.00000      0.16472     -0.15072
  7.60      0.00000      0.16310     -0.14910
  7.62      0.07001      0.16148     -0.13356
  7.64      0.00000      0.15984     -0.11803
  7.66      0.06960      0.15821     -0.06103
  7.68      0.06946      0.15657     -0.04581
  7.70      0.27681      0.15495     -0.04418
  7.72      0.13795      0.15328     -0.01526
  7.74      0.00000      0.15159     -0.02746
  7.76      0.20588      0.14991     -0.08114
  7.78      0.00000      0.14821     -0.10703
  7.80      0.00000      0.14653     -0.10535
  7.82      0.00000      0.14484     -0.14484
  7.84      0.00000      0.14317     -0.14317
  7.86      0.00000      0.14150     -0.14150
  7.88      0.00000      0.13982     -0.13982
  7.90      0.00000      0.13815     -0.13815
  7.92      0.00000      0.13648     -0.13648
  7.94      0.00000      0.13481     -0.13481
  7.96      0.00000      0.13316     -0.10651
  7.98      0.00000      0.13153     -0.05174
  8.00      0.13320      0.12998     -0.03691
  8.02      0.26579      0.12845     -0.00895
  8.04      0.06633      0.12692     -0.00741
  8.06      0.13220      0.12548      0.03320
  8.08      0.00000      0.12413      0.03389
  8.10      0.32907      0.12292      0.04803
  8.12      0.26250      0.12170      0.06201
  8.14      0.13098      0.12054      0.08924
  8.16      0.19599      0.11943      0.03753
  8.18      0.13036      0.11834      0.01206
  8.20      0.06500      0.11725     -0.00011
  8.22      0.12971      0.11616     -0.01240
  8.24      0.06466      0.11507     -0.01164
  8.26      0.12909      0.11398      0.00214
  8.28      0.12869      0.11289      0.02856
  8.30      0.12846      0.11180      0.04226
  8.32      0.25631      0.11070      0.05581
  8.34      0.12774      0.10956      0.06938
  8.36      0.19133      0.10839      0.05755
  8.38      0.19082      0.10718      0.04547
  8.40      0.06349      0.10594      0.03379
  8.42      0.18986      0.10469      0.00936
  8.44      0.06314      0.10340     -0.00237
  8.46      0.06294      0.10209     -0.00122
  8.48      0.12571      0.10078     -0.02537
  8.50      0.06273      0.09944     -0.02418
  8.52      0.06249      0.09808     -0.01050
  8.54      0.06241      0.09677      0.02780
  8.56      0.12457      0.09544      0.05379
  8.58      0.31063      0.09413      0.06733
  8.60      0.18609      0.09279      0.06851
  8.62      0.12359      0.09143      0.06957
  8.64      0.06163      0.09008      0.03336
  8.66      0.12310      0.08872     -0.00249
  8.68      0.12281      0.08734     -0.02583
  8.70      0.00000      0.08595     -0.03677
  8.72      0.00000      0.08455     -0.05999
  8.74      0.00000      0.08316     -0.08316
  8.76      0.00000      0.08177     -0.08177
  8.78      0.00000      0.08038     -0.08038
  8.80      0.00000      0.07898     -0.07898
  8.82      0.00000      0.07759     -0.05352
  8.84      0.00000      0.07620     -0.01612
  8.86      0.12036      0.07481     -0.00274
  8.88      0.18003      0.07339      0.07040
  8.90      0.05992      0.07194      0.11957
  8.92      0.35863      0.07047      0.13267
  8.94      0.23860      0.06894      0.11008
  8.96      0.17855      0.06736      0.11152
  8.98      0.05943      0.06574      0.06505
  9.00      0.05921      0.06412      0.03075
  9.02      0.11818      0.06249     -0.00333
  9.04      0.05897      0.06085     -0.01357
  9.06      0.00000      0.05923     -0.02379
  9.08      0.00000      0.05765     -0.04585
  9.10      0.00000      0.05613     -0.05613
  9.12      0.00000      0.05466     -0.05466
  9.14      0.00000      0.05333     -0.05333
  9.16      0.00000      0.05211     -0.05211
  9.18      0.00000      0.05099     -0.05099
  9.20      0.00000      0.04990     -0.04990
  9.22      0.00000      0.04886     -0.03736
  9.24      0.00000      0.04786     -0.03636
  9.26      0.05751      0.04692     -0.02396
  9.28      0.00000      0.04597     -0.00014
  9.30      0.05726      0.04507      0.00076
  9.32      0.11437      0.04420      0.02431
  9.34      0.00000      0.04337      0.03650
  9.36      0.17092      0.04260      0.03716
  9.38      0.05681      0.04184      0.03769
  9.40      0.05668      0.04107      0.04975
  9.42      0.11323      0.04033      0.01631
  9.44      0.05649      0.03956      0.00572
  9.46      0.00000      0.03879     -0.00485
  9.48      0.00000      0.03803     -0.02673
  9.50      0.00000      0.03727     -0.03727
  9.52      0.00000      0.03651     -0.03651
  9.54      0.00000      0.03575     -0.03575
  9.56      0.00000      0.03499     -0.03499
  9.58      0.00000      0.03423     -0.03423
  9.60      0.00000      0.03347     -0.03347
  9.62      0.00000      0.03271     -0.03271
  9.64      0.00000      0.03195     -0.03195
  9.66      0.00000      0.03120     -0.03120
  9.68      0.00000      0.03045     -0.03045
  9.70      0.00000      0.02970     -0.02970
  9.72      0.00000      0.02896     -0.02896
  9.74      0.00000      0.02825     -0.02825
  9.76      0.00000      0.02755     -0.02755
  9.78      0.00000      0.02686     -0.02686
  9.80      0.00000      0.02618     -0.02618
  9.82      0.00000      0.02550     -0.02550
  9.84      0.00000      0.02482     -0.02482
  9.86      0.00000      0.02414     -0.02414
  9.88      0.00000      0.02346     -0.02346
  9.90      0.00000      0.02279     -0.02279
  9.92      0.00000      0.02211     -0.02211
  9.94      0.00000      0.02143     -0.02143
  9.96      0.00000      0.02075     -0.02075
  9.98      0.00000      0.02007     -0.02007
 10.00      0.00000      0.01940     -0.01940
 10.02      0.00000      0.01872     -0.01872
 10.04      0.00000      0.01805     -0.01805
 10.06      0.00000      0.01741     -0.01741
 10.08      0.00000      0.01678     -0.01678
 10.10      0.00000      0.01616     -0.01616
 10.12      0.00000      0.01554     -0.01554
 10.14      0.00000      0.01495     -0.01495
 10.16      0.00000      0.01439     -0.01439
 10.18      0.00000      0.01384     -0.01384
 10.20      0.00000      0.01331     -0.01331
 10.22      0.00000      0.01280     -0.01280
 10.24      0.00000      0.01229     -0.01229
 10.26      0.00000      0.01179     -0.01179
 10.28      0.00000      0.01130     -0.01130
 10.30      0.00000      0.01082     -0.01082
 10.32      0.00000      0.01035     -0.01035
 10.34      0.00000      0.00990     -0.00990
 10.36      0.00000      0.00947     -0.00947
 10.38      0.00000      0.00905     -0.00905
 10.40      0.00000      0.00866     -0.00866
 10.42      0.00000      0.00828     -0.00828
 10.44      0.00000      0.00791     -0.00791
 10.46      0.00000      0.00755     -0.00755
 10.48      0.00000      0.00721     -0.00721
 10.50      0.00000      0.00686     -0.00686
 10.52      0.00000      0.00654     -0.00654
 10.54      0.00000      0.00621     -0.00621
 10.56      0.00000      0.00590     -0.00590
 10.58      0.00000      0.00559     -0.00559
 10.60      0.00000      0.00529     -0.00529
 10.62      0.00000      0.00502     -0.00502
 10.64      0.00000      0.00477     -0.00477
 10.66      0.00000      0.00453     -0.00453
 10.68      0.00000      0.00430     -0.00430
 10.70      0.00000      0.00408     -0.00408
 10.72      0.00000      0.00387     -0.00387
 10.74      0.00000      0.00367     -0.00367
 10.76      0.00000      0.00346     -0.00346
 10.78      0.00000      0.00325     -0.00325
 10.80      0.00000      0.00304     -0.00304
 10.82      0.00000      0.00284     -0.00284
 10.84      0.00000      0.00263     -0.00263
 10.86      0.00000      0.00242     -0.00242
 10.88      0.00000      0.00222     -0.00222
 10.90      0.00000      0.00202     -0.00202
 10.92      0.00000      0.00184     -0.00184
 10.94      0.00000      0.00167     -0.00167
 10.96      0.00000      0.00153     -0.00153
 10.98      0.00000      0.00142     -0.00142
 11.00      0.00000      0.00132     -0.00132
 11.02      0.00000      0.00123     -0.00123
 11.04      0.00000      0.00115     -0.00115
 11.06      0.00000      0.00108     -0.00108
 11.08      0.00000      0.00101     -0.00101
 11.10      0.00000      0.00094     -0.00094
 11.12      0.00000      0.00088     -0.00088
 11.14      0.00000      0.00081     -0.00081
 11.16      0.00000      0.00074     -0.00074
 11.18      0.00000      0.00067     -0.00067
 11.20      0.00000      0.00061     -0.00061
 11.22      0.00000      0.00054     -0.00054
 11.24      0.00000      0.00047     -0.00047
 11.26      0.00000      0.00041     -0.00041
 11.28      0.00000      0.00034     -0.00034
 11.30      0.00000      0.00028     -0.00028
 11.32      0.00000      0.00022     -0.00022
 11.34      0.00000      0.00016     -0.00016
 11.36      0.00000      0.00012     -0.00012
 11.38      0.00000      0.00007     -0.00007
 11.40      0.00000      0.00004     -0.00004
 11.42      0.00000      0.00002     -0.00002
 11.44      0.00000      0.00001     -0.00001
 11.46      0.00000      0.00000      0.00000
 11.48      0.00000      0.00000      0.00000
 11.50      0.00000      0.00000      0.00000
 11.52      0.00000      0.00000      0.00000
 11.54      0.00000      0.00000      0.00000
 11.56      0.00000      0.00000      0.00000
 11.58      0.00000      0.00000      0.00000
 11.60      0.00000      0.00000      0.00000
 11.62      0.00000      0.00000      0.00000
 11.64      0.00000      0.00000      0.00000
 11.66      0.00000      0.00000      0.00000
 11.68      0.00000      0.00000      0.00000
 11.70      0.00000      0.00000      0.00000
 11.72      0.00000      0.00000      0.00000
 11.74      0.00000      0.00000      0.00000
 11.76      0.00000      0.00000      0.00000
 11.78      0.00000      0.00000      0.00000
 11.80      0.00000      0.00000      0.00000
 11.82      0.00000      0.00000      0.00000
 11.84      0.00000      0.00000      0.00000
 11.86      0.00000      0.00000      0.00000
 11.88      0.00000      0.00000      0.00000
 11.90      0.00000      0.00000      0.00000
 11.92      0.00000      0.00000      0.00000
 11.94      0.00000      0.00000      0.00000
 11.96      0.00000      0.00000      0.00000
 11.98      0.00000      0.00000      0.00000
 12.00      0.00000      0.00000      0.00000
 12.02      0.00000      0.00000      0.00000
 12.04      0.00000      0.00000      0.00000
 12.06      0.00000      0.00000      0.00000
 12.08      0.00000      0.00000      0.00000
 12.10      0.00000      0.00000      0.00000
 12.12      0.00000      0.00000      0.00000
 12.14      0.00000      0.00000      0.00000
 12.16      0.00000      0.00000      0.00000
 12.18      0.00000      0.00000      0.00000
 12.20      0.00000      0.00000      0.00000
 12.22      0.00000      0.00000      0.00000
 12.24      0.00000      0.00000      0.00000
 12.26      0.00000      0.00000      0.00000
 12.28      0.00000      0.00000      0.00000
 12.30      0.00000      0.00000      0.00000
 12.32      0.00000      0.00000      0.00000
 12.34      0.00000      0.00000      0.00000
 12.36      0.00000      0.00000      0.00000
 12.38      0.00000      0.00000      0.00000
 12.40      0.00000      0.00000      0.00000
 12.42      0.00000      0.00000      0.00000
 12.44      0.00000      0.00000      0.00000
 12.46      0.00000      0.00000      0.00000
 12.48      0.00000      0.00000      0.00000
 12.50      0.00000      0.00000      0.00000
 12.52      0.00000      0.00000      0.00000
 12.54      0.00000      0.00000      0.00000
 12.56      0.00000      0.00000      0.00000
 12.58      0.00000      0.00000      0.00000
 12.60      0.00000      0.00000      0.00000
 12.62      0.00000      0.00000      0.00000
 12.64      0.00000      0.00000      0.00000
 12.66      0.00000      0.00000      0.00000
 12.68      0.00000      0.00000      0.00000
 12.70      0.00000      0.00000      0.00000
 12.72      0.00000      0.00000      0.00000
 12.74      0.00000      0.00000      0.00000
 12.76      0.00000      0.00000      0.00000
 12.78      0.00000      0.00000      0.00000
 12.80      0.00000      0.00000      0.00000
 12.82      0.00000      0.00000      0.00000
 12.84      0.00000      0.00000      0.00000
 12.86      0.00000      0.00000      0.00000
 12.88      0.00000      0.00000      0.00000
 12.90      0.00000      0.00000      0.00000
 12.92      0.00000      0.00000      0.00000
 12.94      0.00000      0.00000      0.00000
 12.96      0.00000      0.00000      0.00000
 12.98      0.00000      0.00000      0.00000
 13.00      0.00000      0.00000      0.00000
 13.02      0.00000      0.00000      0.00000
 13.04      0.00000      0.00000      0.00000
 13.06      0.00000      0.00000      0.00000
 13.08      0.00000      0.00000      0.00000
 13.10      0.00000      0.00000      0.00000
 13.12      0.00000      0.00000      0.00000
 13.14      0.00000      0.00000      0.00000
 13.16      0.00000      0.00000      0.00000
 13.18      0.00000      0.00000      0.00000
 13.20      0.00000      0.00000      0.00000
 13.22      0.00000      0.00000      0.00000
 13.24      0.00000      0.00000      0.00000
 13.26      0.00000      0.00000      0.00000
 13.28      0.00000      0.00000      0.00000
 13.30      0.00000      0.00000      0.00000
 13.32      0.00000      0.00000      0.00000
 13.34      0.00000      0.00000      0.00000
 13.36      0.00000      0.00000      0.00000
 13.38      0.00000      0.00000      0.00000
 13.40      0.00000      0.00000      0.00000
 13.42      0.00000      0.00000      0.00000
 13.44      0.00000      0.00000      0.00000
 13.46      0.00000      0.00000      0.00000
 13.48      0.00000      0.00000      0.00000
 13.50      0.00000      0.00000      0.00000
 13.52      0.00000      0.00000      0.00000
 13.54      0.00000      0.00000      0.00000
 13.56      0.00000      0.00000      0.00000
 13.58      0.00000      0.00000      0.00000
 13.60      0.00000      0.00000      0.00000
 13.62      0.00000      0.00000      0.00000
 13.64      0.00000      0.00000      0.00000
 13.66      0.00000      0.00000      0.00000
 13.68      0.00000      0.00000      0.00000
 13.70      0.00000      0.00000      0.00000
 13.72      0.00000      0.00000      0.00000
 13.74      0.00000      0.00000      0.00000
 13.76      0.00000      0.00000      0.00000
 13.78      0.00000      0.00000      0.00000
 13.80      0.00000      0.00000      0.00000
 13.82      0.00000      0.00000      0.00000
 13.84      0.00000      0.00000      0.00000
 13.86      0.00000      0.00000      0.00000
 13.88      0.00000      0.00000      0.00000
 13.90      0.00000      0.00000      0.00000
 13.92      0.00000      0.00000      0.00000
 13.94      0.00000      0.00000      0.00000
 13.96      0.00000      0.00000      0.00000
 13.98      0.00000      0.00000      0.00000
 14.00      0.00000      0.00000      0.00000
 14.02      0.00000      0.00000      0.00000
 14.04      0.00000      0.00000      0.00000
 14.06      0.00000      0.00000      0.00000
 14.08      0.00000      0.00000      0.00000
 14.10      0.00000      0.00000      0.00000
 14.12      0.00000      0.00000      0.00000
 14.14      0.00000      0.00000      0.00000
 14.16      0.00000      0.00000      0.00000
 14.18      0.00000      0.00000      0.00000
 14.20      0.00000      0.00000      0.00000
 14.22      0.00000      0.00000      0.00000
 14.24      0.00000      0.00000      0.00000
 14.26      0.00000      0.00000      0.00000
 14.28      0.00000      0.00000      0.00000
 14.30      0.00000      0.00000      0.00000
 14.32      0.00000      0.00000      0.00000
 14.34      0.00000      0.00000      0.00000
 14.36      0.00000      0.00000      0.00000
 14.38      0.00000      0.00000      0.00000
 14.40      0.00000      0.00000      0.00000
 14.42      0.00000      0.00000      0.00000
 14.44      0.00000      0.00000      0.00000
 14.46      0.00000      0.00000      0.00000
 14.48      0.00000      0.00000      0.00000
 14.50      0.00000      0.00000      0.00000
 14.52      0.00000      0.00000      0.00000
 14.54      0.00000      0.00000      0.00000
 14.56      0.00000      0.00000      0.00000
 14.58      0.00000      0.00000      0.00000
 14.60      0.00000      0.00000      0.00000
 14.62      0.00000      0.00000      0.00000
 14.64      0.00000      0.00000      0.00000
 14.66      0.00000      0.00000      0.00000
 14.68      0.00000      0.00000      0.00000
 14.70      0.00000      0.00000      0.00000
 14.72      0.00000      0.00000      0.00000
 14.74      0.00000      0.00000      0.00000
 14.76      0.00000      0.00000      0.00000
 14.78      0.00000      0.00000      0.00000
 14.80      0.00000      0.00000      0.00000
 14.82      0.00000      0.00000      0.00000
 14.84      0.00000      0.00000      0.00000
 14.86      0.00000      0.00000      0.00000
 14.88      0.00000      0.00000      0.00000
 14.90      0.00000      0.00000      0.00000
 14.92      0.00000      0.00000      0.00000
 14.94      0.00000      0.00000      0.00000
 14.96      0.00000      0.00000      0.00000
 14.98      0.00000      0.00000      0.00000
 15.00      0.00000      0.00000      0.00000
 15.02      0.00000      0.00000      0.00000
 15.04      0.00000      0.00000      0.00000
 15.06      0.00000      0.00000      0.00000
 15.08      0.00000      0.00000      0.00000
 15.10      0.00000      0.00000      0.00000
 15.12      0.00000      0.00000      0.00000
 15.14      0.00000      0.00000      0.00000
 15.16      0.00000      0.00000      0.00000
 15.18      0.00000      0.00000      0.00000
 15.20      0.00000      0.00000      0.00000
 15.22      0.00000      0.00000      0.00000
 15.24      0.00000      0.00000      0.00000
 15.26      0.00000      0.00000      0.00000
 15.28      0.00000      0.00000      0.00000
 15.30      0.00000      0.00000      0.00000
 15.32      0.00000      0.00000      0.00000
 15.34      0.00000      0.00000      0.00000
 15.36      0.00000      0.00000      0.00000
 15.38      0.00000      0.00000      0.00000
 15.40      0.00000      0.00000      0.00000
 15.42      0.00000      0.00000      0.00000
 15.44      0.00000      0.00000      0.00000
 15.46      0.00000      0.00000      0.00000
 15.48      0.00000      0.00000      0.00000
 15.50      0.00000      0.00000      0.00000
 15.52      0.00000      0.00000      0.00000
 15.54      0.00000      0.00000      0.00000
 15.56      0.00000      0.00000      0.00000
 15.58      0.00000      0.00000      0.00000
 15.60      0.00000      0.00000      0.00000
 15.62      0.00000      0.00000      0.00000
 15.64      0.00000      0.00000      0.00000
 15.66      0.00000      0.00000      0.00000
 15.68      0.00000      0.00000      0.00000
 15.70      0.00000      0.00000      0.00000
 15.72      0.00000      0.00000      0.00000
 15.74      0.00000      0.00000      0.00000
 15.76      0.00000      0.00000      0.00000
 15.78      0.00000      0.00000      0.00000
 15.80      0.00000      0.00000      0.00000
 15.82      0.00000      0.00000      0.00000
 15.84      0.00000      0.00000      0.00000
 15.86      0.00000      0.00000      0.00000
 15.88      0.00000      0.00000      0.00000
 15.90      0.00000      0.00000      0.00000
 15.92      0.00000      0.00000      0.00000
 15.94      0.00000      0.00000      0.00000
 15.96      0.00000      0.00000      0.00000
 15.98      0.00000      0.00000      0.00000
 16.00      0.00000      0.00000      0.00000
 16.02      0.00000      0.00000      0.00000
 16.04      0.00000      0.00000      0.00000
 16.06      0.00000      0.00000      0.00000
 16.08      0.00000      0.00000      0.00000
 16.10      0.00000      0.00000      0.00000
 16.12      0.00000      0.00000      0.00000
 16.14      0.00000      0.00000      0.00000
 16.16      0.00000      0.00000      0.00000
 16.18      0.00000      0.00000      0.00000
 16.20      0.00000      0.00000      0.00000
 16.22      0.00000      0.00000      0.00000
 16.24      0.00000      0.00000      0.00000
 16.26      0.00000      0.00000      0.00000
 16.28      0.00000      0.00000      0.00000
 16.30      0.00000      0.00000      0.00000
 16.32      0.00000      0.00000      0.00000
 16.34      0.00000      0.00000      0.00000
 16.36      0.00000      0.00000      0.00000
 16.38      0.00000      0.00000      0.00000
 16.40      0.00000      0.00000      0.00000
 16.42      0.00000      0.00000      0.00000
 16.44      0.00000      0.00000      0.00000
 16.46      0.00000      0.00000      0.00000
 16.48      0.00000      0.00000      0.00000
 16.50      0.00000      0.00000      0.00000
 16.52      0.00000      0.00000      0.00000
 16.54      0.00000      0.00000      0.00000
 16.56      0.00000      0.00000      0.00000
 16.58      0.00000      0.00000      0.00000
 16.60      0.00000      0.00000      0.00000
 16.62      0.00000      0.00000      0.00000
 16.64      0.00000      0.00000      0.00000
 16.66      0.00000      0.00000      0.00000
 16.68      0.00000      0.00000      0.00000
 16.70      0.00000      0.00000      0.00000
 16.72      0.00000      0.00000      0.00000
 16.74      0.00000      0.00000      0.00000
 16.76      0.00000      0.00000      0.00000
 16.78      0.00000      0.00000      0.00000
 16.80      0.00000      0.00000      0.00000
 16.82      0.00000      0.00000      0.00000
 16.84      0.00000      0.00000      0.00000
 16.86      0.00000      0.00000      0.00000
 16.88      0.00000      0.00000      0.00000
 16.90      0.00000      0.00000      0.00000
 16.92      0.00000      0.00000      0.00000
 16.94      0.00000      0.00000      0.00000
 16.96      0.00000      0.00000      0.00000
 16.98      0.00000      0.00000      0.00000
 17.00      0.00000      0.00000      0.00000
 17.02      0.00000      0.00000      0.00000
 17.04      0.00000      0.00000      0.00000
 17.06      0.00000      0.00000      0.00000
 17.08      0.00000      0.00000      0.00000
 17.10      0.00000      0.00000      0.00000
 17.12      0.00000      0.00000      0.00000
 17.14      0.00000      0.00000      0.00000
 17.16      0.00000      0.00000      0.00000
 17.18      0.00000      0.00000      0.00000
 17.20      0.00000      0.00000      0.00000
 17.22      0.00000      0.00000      0.00000
 17.24      0.00000      0.00000      0.00000
 17.26      0.00000      0.00000      0.00000
 17.28      0.00000      0.00000      0.00000
 17.30      0.00000      0.00000      0.00000
 17.32      0.00000      0.00000      0.00000
 17.34      0.00000      0.00000      0.00000
 17.36      0.00000      0.00000      0.00000
 17.38      0.00000      0.00000      0.00000
 17.40      0.00000      0.00000      0.00000
 17.42      0.00000      0.00000      0.00000
 17.44      0.00000      0.00000      0.00000
 17.46      0.00000      0.00000      0.00000
 17.48      0.00000      0.00000      0.00000
 17.50      0.00000      0.00000      0.00000
 17.52      0.00000      0.00000      0.00000
 17.54      0.00000      0.00000      0.00000
 17.56      0.00000      0.00000      0.00000
 17.58      0.00000      0.00000      0.00000
 17.60      0.00000      0.00000      0.00000
 17.62      0.00000      0.00000      0.00000
 17.64      0.00000      0.00000      0.00000
 17.66      0.00000      0.00000      0.00000
 17.68      0.00000      0.00000      0.00000
 17.70      0.00000      0.00000      0.00000
 17.72      0.00000      0.00000      0.00000
 17.74      0.00000      0.00000      0.00000
 17.76      0.00000      0.00000      0.00000
 17.78      0.00000      0.00000      0.00000
 17.80      0.00000      0.00000      0.00000
 17.82      0.00000      0.00000      0.00000
 17.84      0.00000      0.00000      0.00000
 17.86      0.00000      0.00000      0.00000
 17.88      0.00000      0.00000      0.00000
 17.90      0.00000      0.00000      0.00000
 17.92      0.00000      0.00000      0.00000
 17.94      0.00000      0.00000      0.00000
 17.96      0.00000      0.00000      0.00000
 17.98      0.00000      0.00000      0.00000
 18.00      0.00000      0.00000      0.00000
 18.02      0.00000      0.00000      0.00000
 18.04      0.00000      0.00000      0.00000
 18.06      0.00000      0.00000      0.00000
 18.08      0.00000      0.00000      0.00000
 18.10      0.00000      0.00000      0.00000
 18.12      0.00000      0.00000      0.00000
 18.14      0.00000      0.00000      0.00000
 18.16      0.00000      0.00000      0.00000
 18.18      0.00000      0.00000      0.00000
 18.20      0.00000      0.00000      0.00000
 18.22      0.00000      0.00000      0.00000
 18.24      0.00000      0.00000      0.00000
 18.26      0.00000      0.00000      0.00000
 18.28      0.00000      0.00000      0.00000
 18.30      0.00000      0.00000      0.00000
 18.32      0.00000      0.00000      0.00000
 18.34      0.00000      0.00000      0.00000
 18.36      0.00000      0.00000      0.00000
 18.38      0.00000      0.00000      0.00000
 18.40      0.00000      0.00000      0.00000
 18.42      0.00000      0.00000      0.00000
 18.44      0.00000      0.00000      0.00000
 18.46      0.00000      0.00000      0.00000
 18.48      0.00000      0.00000      0.00000
 18.50      0.00000      0.00000      0.00000
 18.52      0.00000      0.00000      0.00000
 18.54      0.00000      0.00000      0.00000
 18.56      0.00000      0.00000      0.00000
 18.58      0.00000      0.00000      0.00000
 18.60      0.00000      0.00000      0.00000
 18.62      0.00000      0.00000      0.00000
 18.64      0.00000      0.00000      0.00000
 18.66      0.00000      0.00000      0.00000
 18.68      0.00000      0.00000      0.00000
 18.70      0.00000      0.00000      0.00000
 18.72      0.00000      0.00000      0.00000
 18.74      0.00000      0.00000      0.00000
 18.76      0.00000      0.00000      0.00000
 18.78      0.00000      0.00000      0.00000
 18.80      0.00000      0.00000      0.00000
 18.82      0.00000      0.00000      0.00000
 18.84      0.00000      0.00000      0.00000
 18.86      0.00000      0.00000      0.00000
 18.88      0.00000      0.00000      0.00000
 18.90      0.00000      0.00000      0.00000
 18.92      0.00000      0.00000      0.00000
 18.94      0.00000      0.00000      0.00000
 18.96      0.00000      0.00000      0.00000
 18.98      0.00000      0.00000      0.00000
 19.00      0.00000      0.00000      0.00000
 19.02      0.00000      0.00000      0.00000
 19.04      0.00000      0.00000      0.00000
 19.06      0.00000      0.00000      0.00000
 19.08      0.00000      0.00000      0.00000
 19.10      0.00000      0.00000      0.00000
 19.12      0.00000      0.00000      0.00000
 19.14      0.00000      0.00000      0.00000
 19.16      0.00000      0.00000      0.00000
 19.18      0.00000      0.00000      0.00000
 19.20      0.00000      0.00000      0.00000
 19.22      0.00000      0.00000      0.00000
 19.24      0.00000      0.00000      0.00000
 19.26      0.00000      0.00000      0.00000
 19.28      0.00000      0.00000      0.00000
 19.30      0.00000      0.00000      0.00000
 19.32      0.00000      0.00000      0.00000
 19.34      0.00000      0.00000      0.00000
 19.36      0.00000      0.00000      0.00000
 19.38      0.00000      0.00000      0.00000
 19.40      0.00000      0.00000      0.00000
 19.42      0.00000      0.00000      0.00000
 19.44      0.00000      0.00000      0.00000
 19.46      0.00000      0.00000      0.00000
 19.48      0.00000      0.00000      0.00000
 19.50      0.00000      0.00000      0.00000
 19.52      0.00000      0.00000      0.00000
 19.54      0.00000      0.00000      0.00000
 19.56      0.00000      0.00000      0.00000
 19.58      0.00000      0.00000      0.00000
 19.60      0.00000      0.00000      0.00000
 19.62      0.00000      0.00000      0.00000
 19.64      0.00000      0.00000      0.00000
 19.66      0.00000      0.00000      0.00000
 19.68      0.00000      0.00000      0.00000
 19.70      0.00000      0.00000      0.00000
 19.72      0.00000      0.00000      0.00000
 19.74      0.00000      0.00000      0.00000
 19.76      0.00000      0.00000      0.00000
 19.78      0.00000      0.00000      0.00000
 19.80      0.00000      0.00000      0.00000
 19.82      0.00000      0.00000      0.00000
 19.84      0.00000      0.00000      0.00000
 19.86      0.00000      0.00000      0.00000
 19.88      0.00000      0.00000      0.00000
 19.90      0.00000      0.00000      0.00000
 19.92      0.00000      0.00000      0.00000
 19.94      0.00000      0.00000      0.00000
 19.96      0.00000      0.00000      0.00000
 19.98      0.00000      0.00000      0.00000
 20.00      0.00000      0.00000      0.00000
 20.02      0.00000      0.00000      0.00000
 20.04      0.00000      0.00000      0.00000
 20.06      0.00000      0.00000      0.00000
 20.08      0.00000      0.00000      0.00000
 20.10      0.00000      0.00000      0.00000
 20.12      0.00000      0.00000      0.00000
 20.14      0.00000      0.00000      0.00000
 20.16      0.00000      0.00000      0.00000
 20.18      0.00000      0.00000      0.00000
 20.20      0.00000      0.00000      0.00000
 20.22      0.00000      0.00000      0.00000
 20.24      0.00000      0.00000      0.00000
 20.26      0.00000      0.00000      0.00000
 20.28      0.00000      0.00000      0.00000
 20.30      0.00000      0.00000      0.00000
 20.32      0.00000      0.00000      0.00000
 20.34      0.00000      0.00000      0.00000
 20.36      0.00000      0.00000      0.00000
 20.38      0.00000      0.00000      0.00000
 20.40      0.00000      0.00000      0.00000
 20.42      0.00000      0.00000      0.00000
 20.44      0.00000      0.00000      0.00000
 20.46      0.00000      0.00000      0.00000
 20.48      0.00000      0.00000      0.00000
 20.50      0.00000      0.00000      0.00000
 20.52      0.00000      0.00000      0.00000
 20.54      0.00000      0.00000      0.00000
 20.56      0.00000      0.00000      0.00000
 20.58      0.00000      0.00000      0.00000
 20.60      0.00000      0.00000      0.00000
 20.62      0.00000      0.00000      0.00000
 20.64      0.00000      0.00000      0.00000
 20.66      0.00000      0.00000      0.00000
 20.68      0.00000      0.00000      0.00000
 20.70      0.00000      0.00000      0.00000
 20.72      0.00000      0.00000      0.00000
 20.74      0.00000      0.00000      0.00000
 20.76      0.00000      0.00000      0.00000
 20.78      0.00000      0.00000      0.00000
 20.80      0.00000      0.00000      0.00000
 20.82      0.00000      0.00000      0.00000
 20.84      0.00000      0.00000      0.00000
 20.86      0.00000      0.00000      0.00000
 20.88      0.00000      0.00000      0.00000
 20.90      0.00000      0.00000      0.00000
 20.92      0.00000      0.00000      0.00000
 20.94      0.00000      0.00000      0.00000
 20.96      0.00000      0.00000      0.00000
 20.98      0.00000      0.00000      0.00000
 21.00      0.00000      0.00000      0.00000
 21.02      0.00000      0.00000      0.00000
 21.04      0.00000      0.00000      0.00000
 21.06      0.00000      0.00000      0.00000
 21.08      0.00000      0.00000      0.00000
 21.10      0.00000      0.00000      0.00000
 21.12      0.00000      0.00000      0.00000
 21.14      0.00000      0.00000      0.00000
 21.16      0.00000      0.00000      0.00000
 21.18      0.00000      0.00000      0.00000
 21.20      0.00000      0.00000      0.00000
 21.22      0.00000      0.00000      0.00000
 21.24      0.00000      0.00000      0.00000
 21.26      0.00000      0.00000      0.00000
 21.28      0.00000      0.00000      0.00000
 21.30      0.00000      0.00000      0.00000
 21.32      0.00000      0.00000      0.00000
 21.34      0.00000      0.00000      0.00000
 21.36      0.00000      0.00000      0.00000
 21.38      0.00000      0.00000      0.00000
 21.40      0.00000      0.00000      0.00000
 21.42      0.00000      0.00000      0.00000
 21.44      0.00000      0.00000      0.00000
 21.46      0.00000      0.00000      0.00000
 21.48      0.00000      0.00000      0.00000
 21.50      0.00000      0.00000      0.00000
 21.52      0.00000      0.00000      0.00000
 21.54      0.00000      0.00000      0.00000
 21.56      0.00000      0.00000      0.00000
 21.58      0.00000      0.00000      0.00000
 21.60      0.00000      0.00000      0.00000
 21.62      0.00000      0.00000      0.00000
 21.64      0.00000      0.00000      0.00000
 21.66      0.00000      0.00000      0.00000
 21.68      0.00000      0.00000      0.00000
 21.70      0.00000      0.00000      0.00000
 21.72      0.00000      0.00000      0.00000
 21.74      0.00000      0.00000      0.00000
 21.76      0.00000      0.00000      0.00000
 21.78      0.00000      0.00000      0.00000
 21.80      0.00000      0.00000      0.00000
 21.82      0.00000      0.00000      0.00000
 21.84      0.00000      0.00000      0.00000
 21.86      0.00000      0.00000      0.00000
 21.88      0.00000      0.00000      0.00000
 21.90      0.00000      0.00000      0.00000
 21.92      0.00000      0.00000      0.00000
 21.94      0.00000      0.00000      0.00000
 21.96      0.00000      0.00000      0.00000
 21.98      0.00000      0.00000      0.00000
 22.00      0.00000      0.00000      0.00000
 22.02      0.00000      0.00000      0.00000
 22.04      0.00000      0.00000      0.00000
 22.06      0.00000      0.00000      0.00000
 22.08      0.00000      0.00000      0.00000
 22.10      0.00000      0.00000      0.00000
 22.12      0.00000      0.00000      0.00000
 22.14      0.00000      0.00000      0.00000
 22.16      0.00000      0.00000      0.00000
 22.18      0.00000      0.00000      0.00000
 22.20      0.00000      0.00000      0.00000
 22.22      0.00000      0.00000      0.00000
 22.24      0.00000      0.00000      0.00000
 22.26      0.00000      0.00000      0.00000
 22.28      0.00000      0.00000      0.00000
 22.30      0.00000      0.00000      0.00000
 22.32      0.00000      0.00000      0.00000
 22.34      0.00000      0.00000      0.00000
 22.36      0.00000      0.00000      0.00000
 22.38      0.00000      0.00000      0.00000
 22.40      0.00000      0.00000      0.00000
 22.42      0.00000      0.00000      0.00000
 22.44      0.00000      0.00000      0.00000
 22.46      0.00000      0.00000      0.00000
 22.48      0.00000      0.00000      0.00000
 22.50      0.00000      0.00000      0.00000
 22.52      0.00000      0.00000      0.00000
 22.54      0.00000      0.00000      0.00000
 22.56      0.00000      0.00000      0.00000
 22.58      0.00000      0.00000      0.00000
 22.60      0.00000      0.00000      0.00000
 22.62      0.00000      0.00000      0.00000
 22.64      0.00000      0.00000      0.00000
 22.66      0.00000      0.00000      0.00000
 22.68      0.00000      0.00000      0.00000
 22.70      0.00000      0.00000      0.00000
 22.72      0.00000      0.00000      0.00000
 22.74      0.00000      0.00000      0.00000
 22.76      0.00000      0.00000      0.00000
 22.78      0.00000      0.00000      0.00000
 22.80      0.00000      0.00000      0.00000
 22.82      0.00000      0.00000      0.00000
 22.84      0.00000      0.00000      0.00000
 22.86      0.00000      0.00000      0.00000
 22.88      0.00000      0.00000      0.00000
 22.90      0.00000      0.00000      0.00000
 22.92      0.00000      0.00000      0.00000
 22.94      0.00000      0.00000      0.00000
 22.96      0.00000      0.00000      0.00000
 22.98      0.00000      0.00000      0.00000
 23.00      0.00000      0.00000      0.00000
 23.02      0.00000      0.00000      0.00000
 23.04      0.00000      0.00000      0.00000
 23.06      0.00000      0.00000      0.00000
 23.08      0.00000      0.00000      0.00000
 23.10      0.00000      0.00000      0.00000
 23.12      0.00000      0.00000      0.00000
 23.14      0.00000      0.00000      0.00000
 23.16      0.00000      0.00000      0.00000
 23.18      0.00000      0.00000      0.00000
 23.20      0.00000      0.00000      0.00000
 23.22      0.00000      0.00000      0.00000
 23.24      0.00000      0.00000      0.00000
 23.26      0.00000      0.00000      0.00000
 23.28      0.00000      0.00000      0.00000
 23.30      0.00000      0.00000      0.00000
 23.32      0.00000      0.00000      0.00000
 23.34      0.00000      0.00000      0.00000
 23.36      0.00000      0.00000      0.00000
 23.38      0.00000      0.00000      0.00000
 23.40      0.00000      0.00000      0.00000
 23.42      0.00000      0.00000      0.00000
 23.44      0.00000      0.00000      0.00000
 23.46      0.00000      0.00000      0.00000
 23.48      0.00000      0.00000      0.00000
 23.50      0.00000      0.00000      0.00000
 23.52      0.00000      0.00000      0.00000
 23.54      0.00000      0.00000      0.00000
 23.56      0.00000      0.00000      0.00000
 23.58      0.00000      0.00000      0.00000
 23.60      0.00000      0.00000      0.00000
 23.62      0.00000      0.00000      0.00000
 23.64      0.00000      0.00000      0.00000
 23.66      0.00000      0.00000      0.00000
 23.68      0.00000      0.00000      0.00000
 23.70      0.00000      0.00000      0.00000
 23.72      0.00000      0.00000      0.00000
 23.74      0.00000      0.00000      0.00000
 23.76      0.00000      0.00000      0.00000
 23.78      0.00000      0.00000      0.00000
 23.80      0.00000      0.00000      0.00000
 23.82      0.00000      0.00000      0.00000
 23.84      0.00000      0.00000      0.00000
 23.86      0.00000      0.00000      0.00000
 23.88      0.00000      0.00000      0.00000
 23.90      0.00000      0.00000      0.00000
 23.92      0.00000      0.00000      0.00000
 23.94      0.00000      0.00000      0.00000
 23.96      0.00000      0.00000      0.00000
 23.98      0.00000      0.00000      0.00000
 24.00      0.00000      0.00000      0.00000
 24.02      0.00000      0.00000      0.00000
 24.04      0.00000      0.00000      0.00000
 24.06      0.00000      0.00000      0.00000
 24.08      0.00000      0.00000      0.00000
 24.10      0.00000      0.00000      0.00000
 24.12      0.00000      0.00000      0.00000
 24.14      0.00000      0.00000      0.00000
 24.16      0.00000      0.00000      0.00000
 24.18      0.00000      0.00000      0.00000
 24.20      0.00000      0.00000      0.00000
 24.22      0.00000      0.00000      0.00000
 24.24      0.00000      0.00000      0.00000
 24.26      0.00000      0.00000      0.00000
 24.28      0.00000      0.00000      0.00000
 24.30      0.00000      0.00000      0.00000
 24.32      0.00000      0.00000      0.00000
 24.34      0.00000      0.00000      0.00000
 24.36      0.00000      0.00000      0.00000
 24.38      0.00000      0.00000      0.00000
 24.40      0.00000      0.00000      0.00000
 24.42      0.00000      0.00000      0.00000
 24.44      0.00000      0.00000      0.00000
 24.46      0.00000      0.00000      0.00000
 24.48      0.00000      0.00000      0.00000
 24.50      0.00000      0.00000      0.00000
 24.52      0.00000      0.00000      0.00000
 24.54      0.00000      0.00000      0.00000
 24.56      0.00000      0.00000      0.00000
 24.58      0.00000      0.00000      0.00000
 24.60      0.00000      0.00000      0.00000
 24.62      0.00000      0.00000      0.00000
 24.64      0.00000      0.00000      0.00000
 24.66      0.00000      0.00000      0.00000
 24.68      0.00000      0.00000      0.00000
 24.70      0.00000      0.00000      0.00000
 24.72      0.00000      0.00000      0.00000
 24.74      0.00000      0.00000      0.00000
 24.76      0.00000      0.00000      0.00000
 24.78      0.00000      0.00000      0.00000
 24.80      0.00000      0.00000      0.00000
 24.82      0.00000      0.00000      0.00000
 24.84      0.00000      0.00000      0.00000
 24.86      0.00000      0.00000      0.00000
 24.88      0.00000      0.00000      0.00000
 24.90      0.00000      0.00000      0.00000
 24.92      0.00000      0.00000      0.00000
 24.94      0.00000      0.00000      0.00000
 24.96      0.00000      0.00000      0.00000
 24.98      0.00000      0.00000      0.00000
 25.00      0.00000      0.00000      0.00000
 25.02      0.00000      0.00000      0.00000
 25.04      0.00000      0.00000      0.00000
 25.06      0.00000      0.00000      0.00000
 25.08      0.00000      0.00000      0.00000
 25.10      0.00000      0.00000      0.00000
 25.12      0.00000      0.00000      0.00000
 25.14      0.00000      0.00000      0.00000
 25.16      0.00000      0.00000      0.00000
 25.18      0.00000      0.00000      0.00000
 25.20      0.00000      0.00000      0.00000
 25.22      0.00000      0.00000      0.00000
 25.24      0.00000      0.00000      0.00000
 25.26      0.00000      0.00000      0.00000
 25.28      0.00000      0.00000      0.00000
 25.30      0.00000      0.00000      0.00000
 25.32      0.00000      0.00000      0.00000
 25.34      0.00000      0.00000      0.00000
 25.36      0.00000      0.00000      0.00000
 25.38      0.00000      0.00000      0.00000
 25.40      0.00000      0.00000      0.00000
 25.42      0.00000      0.00000      0.00000
 25.44      0.00000      0.00000      0.00000
 25.46      0.00000      0.00000      0.00000
 25.48      0.00000      0.00000      0.00000
 25.50      0.00000      0.00000      0.00000
 25.52      0.00000      0.00000      0.00000
 25.54      0.00000      0.00000      0.00000
 25.56      0.00000      0.00000      0.00000
 25.58      0.00000      0.00000      0.00000
 25.60      0.00000      0.00000      0.00000
 25.62      0.00000      0.00000      0.00000
 25.64      0.00000      0.00000      0.00000
 25.66      0.00000      0.00000      0.00000
 25.68      0.00000      0.00000      0.00000
 25.70      0.00000      0.00000      0.00000
 25.72      0.00000      0.00000      0.00000
 25.74      0.00000      0.00000      0.00000
 25.76      0.00000      0.00000      0.00000
 25.78      0.00000      0.00000      0.00000
 25.80      0.00000      0.00000      0.00000
 25.82      0.00000      0.00000      0.00000
 25.84      0.00000      0.00000      0.00000
 25.86      0.00000      0.00000      0.00000
 25.88      0.00000      0.00000      0.00000
 25.90      0.00000      0.00000      0.00000
 25.92      0.00000      0.00000      0.00000
 25.94      0.00000      0.00000      0.00000
 25.96      0.00000      0.00000      0.00000
 25.98      0.00000      0.00000      0.00000
 26.00      0.00000      0.00000      0.00000
 26.02      0.00000      0.00000      0.00000
 26.04      0.00000      0.00000      0.00000
 26.06      0.00000      0.00000      0.00000
 26.08      0.00000      0.00000      0.00000
 26.10      0.00000      0.00000      0.00000
 26.12      0.00000      0.00000      0.00000
 26.14      0.00000      0.00000      0.00000
 26.16      0.00000      0.00000      0.00000
 26.18      0.00000      0.00000      0.00000
 26.20      0.00000      0.00000      0.00000
 26.22      0.00000      0.00000      0.00000
 26.24      0.00000      0.00000      0.00000
 26.26      0.00000      0.00000      0.00000
 26.28      0.00000      0.00000      0.00000
 26.30      0.00000      0.00000      0.00000
 26.32      0.00000      0.00000      0.00000
 26.34      0.00000      0.00000      0.00000
 26.36      0.00000      0.00000      0.00000
 26.38      0.00000      0.00000      0.00000
 26.40      0.00000      0.00000      0.00000
 26.42      0.00000      0.00000      0.00000
 26.44      0.00000      0.00000      0.00000
 26.46      0.00000      0.00000      0.00000
 26.48      0.00000      0.00000      0.00000
 26.50      0.00000      0.00000      0.00000
 26.52      0.00000      0.00000      0.00000
 26.54      0.00000      0.00000      0.00000
 26.56      0.00000      0.00000      0.00000
 26.58      0.00000      0.00000      0.00000
 26.60      0.00000      0.00000      0.00000
 26.62      0.00000      0.00000      0.00000
 26.64      0.00000      0.00000      0.00000
 26.66      0.00000      0.00000      0.00000
 26.68      0.00000      0.00000      0.00000
 26.70      0.00000      0.00000      0.00000
 26.72      0.00000      0.00000      0.00000
 26.74      0.00000      0.00000      0.00000
 26.76      0.00000      0.00000      0.00000
 26.78      0.00000      0.00000      0.00000
 26.80      0.00000      0.00000      0.00000
 26.82      0.00000      0.00000      0.00000
 26.84      0.00000      0.00000      0.00000
 26.86      0.00000      0.00000      0.00000
 26.88      0.00000      0.00000      0.00000
 26.90      0.00000      0.00000      0.00000
 26.92      0.00000      0.00000      0.00000
 26.94      0.00000      0.00000      0.00000
 26.96      0.00000      0.00000      0.00000
 26.98      0.00000      0.00000      0.00000
 27.00      0.00000      0.00000      0.00000
 27.02      0.00000      0.00000      0.00000
 27.04      0.00000      0.00000      0.00000
 27.06      0.00000      0.00000      0.00000
 27.08      0.00000      0.00000      0.00000
 27.10      0.00000      0.00000      0.00000
 27.12      0.00000      0.00000      0.00000
 27.14      0.00000      0.00000      0.00000
 27.16      0.00000      0.00000      0.00000
 27.18      0.00000      0.00000      0.00000
 27.20      0.00000      0.00000      0.00000
 27.22      0.00000      0.00000      0.00000
 27.24      0.00000      0.00000      0.00000
 27.26      0.00000      0.00000      0.00000
 27.28      0.00000      0.00000      0.00000
 27.30      0.00000      0.00000      0.00000
 27.32      0.00000      0.00000      0.00000
 27.34      0.00000      0.00000      0.00000
 27.36      0.00000      0.00000      0.00000
 27.38      0.00000      0.00000      0.00000
 27.40      0.00000      0.00000      0.00000
 27.42      0.00000      0.00000      0.00000
 27.44      0.00000      0.00000      0.00000
 27.46      0.00000      0.00000      0.00000
 27.48      0.00000      0.00000      0.00000
 27.50      0.00000      0.00000      0.00000
 27.52      0.00000      0.00000      0.00000
 27.54      0.00000      0.00000      0.00000
 27.56      0.00000      0.00000      0.00000
 27.58      0.00000      0.00000      0.00000
 27.60      0.00000      0.00000      0.00000
 27.62      0.00000      0.00000      0.00000
 27.64      0.00000      0.00000      0.00000
 27.66      0.00000      0.00000      0.00000
 27.68      0.00000      0.00000      0.00000
 27.70      0.00000      0.00000      0.00000
 27.72      0.00000      0.00000      0.00000
 27.74      0.00000      0.00000      0.00000
 27.76      0.00000      0.00000      0.00000
 27.78      0.00000      0.00000      0.00000
 27.80      0.00000      0.00000      0.00000
 27.82      0.00000      0.00000      0.00000
 27.84      0.00000      0.00000      0.00000
 27.86      0.00000      0.00000      0.00000
 27.88      0.00000      0.00000      0.00000
 27.90      0.00000      0.00000      0.00000
 27.92      0.00000      0.00000      0.00000
 27.94      0.00000      0.00000      0.00000
 27.96      0.00000      0.00000      0.00000
 27.98      0.00000      0.00000      0.00000
 28.00      0.00000      0.00000      0.00000
 28.02      0.00000      0.00000      0.00000
 28.04      0.00000      0.00000      0.00000
 28.06      0.00000      0.00000      0.00000
 28.08      0.00000      0.00000      0.00000
 28.10      0.00000      0.00000      0.00000
 28.12      0.00000      0.00000      0.00000
 28.14      0.00000      0.00000      0.00000
 28.16      0.00000      0.00000      0.00000
 28.18      0.00000      0.00000      0.00000
 28.20      0.00000      0.00000      0.00000
 28.22      0.00000      0.00000      0.00000
 28.24      0.00000      0.00000      0.00000
 28.26      0.00000      0.00000      0.00000
 28.28      0.00000      0.00000      0.00000
 28.30      0.00000      0.00000      0.00000
 28.32      0.00000      0.00000      0.00000
 28.34      0.00000      0.00000      0.00000
 28.36      0.00000      0.00000      0.00000
 28.38      0.00000      0.00000      0.00000
 28.40      0.00000      0.00000      0.00000
 28.42      0.00000      0.00000      0.00000
 28.44      0.00000      0.00000      0.00000
 28.46      0.00000      0.00000      0.00000
 28.48      0.00000      0.00000      0.00000
 28.50      0.00000      0.00000      0.00000
 28.52      0.00000      0.00000      0.00000
 28.54      0.00000      0.00000      0.00000
 28.56      0.00000      0.00000      0.00000
 28.58      0.00000      0.00000      0.00000
 28.60      0.00000      0.00000      0.00000
 28.62      0.00000      0.00000      0.00000
 28.64      0.00000      0.00000      0.00000
 28.66      0.00000      0.00000      0.00000
 28.68      0.00000      0.00000      0.00000
 28.70      0.00000      0.00000      0.00000
 28.72      0.00000      0.00000      0.00000
 28.74      0.00000      0.00000      0.00000
 28.76      0.00000      0.00000      0.00000
 28.78      0.00000      0.00000      0.00000
 28.80      0.00000      0.00000      0.00000
 28.82      0.00000      0.00000      0.00000
 28.84      0.00000      0.00000      0.00000
 28.86      0.00000      0.00000      0.00000
 28.88      0.00000      0.00000      0.00000
 28.90      0.00000      0.00000      0.00000
 28.92      0.00000      0.00000      0.00000
 28.94      0.00000      0.00000      0.00000
 28.96      0.00000      0.00000      0.00000
 28.98      0.00000      0.00000      0.00000
 29.00      0.00000      0.00000      0.00000
 29.02      0.00000      0.00000      0.00000
 29.04      0.00000      0.00000      0.00000
 29.06      0.00000      0.00000      0.00000
 29.08      0.00000      0.00000      0.00000
 29.10      0.00000      0.00000      0.00000
 29.12      0.00000      0.00000      0.00000
 29.14      0.00000      0.00000      0.00000
 29.16      0.00000      0.00000      0.00000
 29.18      0.00000      0.00000      0.00000
 29.20      0.00000      0.00000      0.00000
 29.22      0.00000      0.00000      0.00000
 29.24      0.00000      0.00000      0.00000
 29.26      0.00000      0.00000      0.00000
 29.28      0.00000      0.00000      0.00000
 29.30      0.00000      0.00000      0.00000
 29.32      0.00000      0.00000      0.00000
 29.34      0.00000      0.00000      0.00000
 29.36      0.00000      0.00000      0.00000
 29.38      0.00000      0.00000      0.00000
 29.40      0.00000      0.00000      0.00000
 29.42      0.00000      0.00000      0.00000
 29.44      0.00000      0.00000      0.00000
 29.46      0.00000      0.00000      0.00000
 29.48      0.00000      0.00000      0.00000
 29.50      0.00000      0.00000      0.00000
 29.52      0.00000      0.00000      0.00000
 29.54      0.00000      0.00000      0.00000
 29.56      0.00000      0.00000      0.00000
 29.58      0.00000      0.00000      0.00000
 29.60      0.00000      0.00000      0.00000
 29.62      0.00000      0.00000      0.00000
 29.64      0.00000      0.00000      0.00000
 29.66      0.00000      0.00000      0.00000
 29.68      0.00000      0.00000      0.00000
 29.70      0.00000      0.00000      0.00000
 29.72      0.00000      0.00000      0.00000
 29.74      0.00000      0.00000      0.00000
 29.76      0.00000      0.00000      0.00000
 29.78      0.00000      0.00000      0.00000
 29.80      0.00000      0.00000      0.00000
 29.82      0.00000      0.00000      0.00000
 29.84      0.00000      0.00000      0.00000
 29.86      0.00000      0.00000      0.00000
 29.88      0.00000      0.00000      0.00000
 29.90      0.00000      0.00000      0.00000
 29.92      0.00000      0.00000      0.00000
 29.94      0.00000      0.00000      0.00000
 29.96      0.00000      0.00000      0.00000
 29.98      0.00000      0.00000      0.00000
 30.00      0.00000      0.00000      0.00000
 30.02      0.00000      0.00000      0.00000
 30.04      0.00000      0.00000      0.00000
 30.06      0.00000      0.00000      0.00000
 30.08      0.00000      0.00000      0.00000
 30.10      0.00000      0.00000      0.00000
 30.12      0.00000      0.00000      0.00000
 30.14      0.00000      0.00000      0.00000
 30.16      0.00000      0.00000      0.00000
 30.18      0.00000      0.00000      0.00000
 30.20      0.00000      0.00000      0.00000
 30.22      0.00000      0.00000      0.00000
 30.24      0.00000      0.00000      0.00000
 30.26      0.00000      0.00000      0.00000
 30.28      0.00000      0.00000      0.00000
 30.30      0.00000      0.00000      0.00000
 30.32      0.00000      0.00000      0.00000
 30.34      0.00000      0.00000      0.00000
 30.36      0.00000      0.00000      0.00000
 30.38      0.00000      0.00000      0.00000
 30.40      0.00000      0.00000      0.00000
 30.42      0.00000      0.00000      0.00000
 30.44      0.00000      0.00000      0.00000
 30.46      0.00000      0.00000      0.00000
 30.48      0.00000      0.00000      0.00000
 30.50      0.00000      0.00000      0.00000
 30.52      0.00000      0.00000      0.00000
 30.54      0.00000      0.00000      0.00000
 30.56      0.00000      0.00000      0.00000
 30.58      0.00000      0.00000      0.00000
 30.60      0.00000      0.00000      0.00000
 30.62      0.00000      0.00000      0.00000
 30.64      0.00000      0.00000      0.00000
 30.66      0.00000      0.00000      0.00000
 30.68      0.00000      0.00000      0.00000
 30.70      0.00000      0.00000      0.00000
 30.72      0.00000      0.00000      0.00000
 30.74      0.00000      0.00000      0.00000
 30.76      0.00000      0.00000      0.00000
 30.78      0.00000      0.00000      0.00000
 30.80      0.00000      0.00000      0.00000
 30.82      0.00000      0.00000      0.00000
 30.84      0.00000      0.00000      0.00000
 30.86      0.00000      0.00000      0.00000
 30.88      0.00000      0.00000      0.00000
 30.90      0.00000      0.00000      0.00000
 30.92      0.00000      0.00000      0.00000
 30.94      0.00000      0.00000      0.00000
 30.96      0.00000      0.00000      0.00000
 30.98      0.00000      0.00000      0.00000
 31.00      0.00000      0.00000      0.00000
 31.02      0.00000      0.00000      0.00000
 31.04      0.00000      0.00000      0.00000
 31.06      0.00000      0.00000      0.00000
 31.08      0.00000      0.00000      0.00000
 31.10      0.00000      0.00000      0.00000
 31.12      0.00000      0.00000      0.00000
 31.14      0.00000      0.00000      0.00000
 31.16      0.00000      0.00000      0.00000
 31.18      0.00000      0.00000      0.00000
 31.20      0.00000      0.00000      0.00000
 31.22      0.00000      0.00000      0.00000
 31.24      0.00000      0.00000      0.00000
 31.26      0.00000      0.00000      0.00000
 31.28      0.00000      0.00000      0.00000
 31.30      0.00000      0.00000      0.00000
 31.32      0.00000      0.00000      0.00000
 31.34      0.00000      0.00000      0.00000
 31.36      0.00000      0.00000      0.00000
 31.38      0.00000      0.00000      0.00000
 31.40      0.00000      0.00000      0.00000
 31.42      0.00000      0.00000      0.00000
 31.44      0.00000      0.00000      0.00000
 31.46      0.00000      0.00000      0.00000
 31.48      0.00000      0.00000      0.00000
 31.50      0.00000      0.00000      0.00000
 31.52      0.00000      0.00000      0.00000
 31.54      0.00000      0.00000      0.00000
 31.56      0.00000      0.00000      0.00000
 31.58      0.00000      0.00000      0.00000
 31.60      0.00000      0.00000      0.00000
 31.62      0.00000      0.00000      0.00000
 31.64      0.00000      0.00000      0.00000
 31.66      0.00000      0.00000      0.00000
 31.68      0.00000      0.00000      0.00000
 31.70      0.00000      0.00000      0.00000
 31.72      0.00000      0.00000      0.00000
 31.74      0.00000      0.00000      0.00000
 31.76      0.00000      0.00000      0.00000
 31.78      0.00000      0.00000      0.00000
 31.80      0.00000      0.00000      0.00000
 31.82      0.00000      0.00000      0.00000
 31.84      0.00000      0.00000      0.00000
 31.86      0.00000      0.00000      0.00000
 31.88      0.00000      0.00000      0.00000
 31.90      0.00000      0.00000      0.00000
 31.92      0.00000      0.00000      0.00000
 31.94      0.00000      0.00000      0.00000
 31.96      0.00000      0.00000      0.00000
 31.98      0.00000      0.00000      0.00000
 32.00      0.00000      0.00000      0.00000
