 #r(A)        G(r)
  0.02      0.00000
  0.04      0.00000
  0.06      0.00000
  0.08      0.00000
  0.10     -0.00000
  0.12     -0.00000
  0.14     -0.00000
  0.16     -0.00000
  0.18     -0.00000
  0.20     -0.00000
  0.22     -0.00000
  0.24     -0.00001
  0.26     -0.00001
  0.28     -0.00001
  0.30     -0.00002
  0.32     -0.00003
  0.34     -0.00004
  0.36     -0.00006
  0.38     -0.00008
  0.40     -0.00010
  0.42     -0.00012
  0.44     -0.00015
  0.46     -0.00018
  0.48     -0.00022
  0.50     -0.00026
  0.52     -0.00031
  0.54     -0.00035
  0.56     -0.00040
  0.58     -0.00046
  0.60     -0.00052
  0.62     -0.00060
  0.64     -0.00069
  0.66     -0.00081
  0.68     -0.00097
  0.70     -0.00117
  0.72     -0.00143
  0.74     -0.00175
  0.76     -0.00211
  0.78     -0.00253
  0.80     -0.00297
  0.82     -0.00344
  0.84     -0.00392
  0.86     -0.00441
  0.88     -0.00490
  0.90     -0.00539
  0.92     -0.00588
  0.94     -0.00638
  0.96     -0.00687
  0.98     -0.00737
  1.00     -0.00786
  1.02     -0.00836
  1.04     -0.00886
  1.06     -0.00935
  1.08     -0.00985
  1.10     -0.01035
  1.12     -0.01084
  1.14     -0.01134
  1.16     -0.01184
  1.18     -0.01233
  1.20     -0.01283
  1.22     -0.01333
  1.24     -0.01383
  1.26     -0.01433
  1.28     -0.01483
  1.30     -0.01533
  1.32     -0.01583
  1.34     -0.01633
  1.36     -0.01683
  1.38     -0.01733
  1.40     -0.01783
  1.42     -0.01834
  1.44     -0.01884
  1.46     -0.01935
  1.48     -0.01985
  1.50     -0.02036
  1.52     -0.02087
  1.54     -0.02138
  1.56     -0.02189
  1.58     -0.02240
  1.60     -0.02291
  1.62     -0.02342
  1.64     -0.02394
  1.66     -0.02445
  1.68     -0.02497
  1.70     -0.02549
  1.72     -0.02601
  1.74     -0.02654
  1.76     -0.02708
  1.78     -0.02762
  1.80     -0.02816
  1.82     -0.02873
  1.84     -0.02930
  1.86     -0.02989
  1.88     -0.03048
  1.90     -0.03110
  1.92     -0.03172
  1.94     -0.03235
  1.96     -0.03300
  1.98     -0.03365
  2.00     -0.03430
  2.02     -0.03496
  2.04     -0.03562
  2.06     -0.03624
  2.08     -0.03680
  2.10     -0.03727
  2.12     -0.03745
  2.14     -0.03783
  2.16     -0.03769
  2.18     -0.03727
  2.20     -0.03663
  2.22     -0.03587
  2.24     -0.03321
  2.26     -0.03075
  2.28     -0.02851
  2.30     -0.02546
  2.32     -0.02111
  2.34     -0.01789
  2.36     -0.01641
  2.38     -0.01440
  2.40     -0.01219
  2.42     -0.01174
  2.44     -0.01240
  2.46     -0.01113
  2.48     -0.01200
  2.50     -0.01440
  2.52     -0.01345
  2.54     -0.01100
  2.56     -0.00711
  2.58      0.01071
  2.60      0.04303
  2.62      0.07859
  2.64      0.14654
  2.66      0.22156
  2.68      0.31768
  2.70      0.39972
  2.72      0.45572
  2.74      0.46303
  2.76      0.44193
  2.78      0.36481
  2.80      0.27449
  2.82      0.18392
  2.84      0.10243
  2.86      0.03874
  2.88     -0.00473
  2.90     -0.03539
  2.92     -0.04632
  2.94     -0.05164
  2.96     -0.05512
  2.98     -0.05599
  3.00     -0.05716
  3.02     -0.05828
  3.04     -0.05853
  3.06     -0.05921
  3.08     -0.05999
  3.10     -0.05983
  3.12     -0.05987
  3.14     -0.05995
  3.16     -0.05991
  3.18     -0.05972
  3.20     -0.05981
  3.22     -0.05949
  3.24     -0.05935
  3.26     -0.05939
  3.28     -0.05948
  3.30     -0.05941
  3.32     -0.05907
  3.34     -0.05896
  3.36     -0.05796
  3.38     -0.05707
  3.40     -0.05686
  3.42     -0.05717
  3.44     -0.05692
  3.46     -0.05732
  3.48     -0.05756
  3.50     -0.05773
  3.52     -0.05746
  3.54     -0.05728
  3.56     -0.05689
  3.58     -0.05664
  3.60     -0.05618
  3.62     -0.05531
  3.64     -0.05456
  3.66     -0.05240
  3.68     -0.04980
  3.70     -0.04330
  3.72     -0.03562
  3.74     -0.02545
  3.76     -0.01215
  3.78      0.00659
  3.80      0.02200
  3.82      0.03794
  3.84      0.04644
  3.86      0.05837
  3.88      0.05571
  3.90      0.05220
  3.92      0.04211
  3.94      0.03265
  3.96      0.01173
  3.98     -0.00095
  4.00     -0.01784
  4.02     -0.03145
  4.04     -0.04064
  4.06     -0.04596
  4.08     -0.05223
  4.10     -0.05283
  4.12     -0.05375
  4.14     -0.05372
  4.16     -0.05429
  4.18     -0.05335
  4.20     -0.05245
  4.22     -0.05129
  4.24     -0.05069
  4.26     -0.04968
  4.28     -0.04862
  4.30     -0.04858
  4.32     -0.04843
  4.34     -0.04804
  4.36     -0.04806
  4.38     -0.04880
  4.40     -0.04852
  4.42     -0.04822
  4.44     -0.04824
  4.46     -0.04721
  4.48     -0.04546
  4.50     -0.04429
  4.52     -0.04086
  4.54     -0.03514
  4.56     -0.02181
  4.58     -0.00586
  4.60      0.01615
  4.62      0.04863
  4.64      0.08989
  4.66      0.12839
  4.68      0.17635
  4.70      0.22815
  4.72      0.27408
  4.74      0.30609
  4.76      0.31581
  4.78      0.30504
  4.80      0.27654
  4.82      0.22765
  4.84      0.17011
  4.86      0.12168
  4.88      0.07435
  4.90      0.02890
  4.92     -0.00582
  4.94     -0.03055
  4.96     -0.04779
  4.98     -0.05855
  5.00     -0.06352
  5.02     -0.06628
  5.04     -0.06721
  5.06     -0.06899
  5.08     -0.07068
  5.10     -0.07254
  5.12     -0.07233
  5.14     -0.07310
  5.16     -0.07341
  5.18     -0.07305
  5.20     -0.07199
  5.22     -0.07091
  5.24     -0.06794
  5.26     -0.06515
  5.28     -0.06098
  5.30     -0.05484
  5.32     -0.04639
  5.34     -0.03763
  5.36     -0.02742
  5.38     -0.01390
  5.40     -0.00040
  5.42      0.02217
  5.44      0.04379
  5.46      0.06298
  5.48      0.07262
  5.50      0.07984
  5.52      0.07030
  5.54      0.05743
  5.56      0.04023
  5.58      0.02561
  5.60      0.00594
  5.62     -0.01184
  5.64     -0.02859
  5.66     -0.04236
  5.68     -0.05437
  5.70     -0.06182
  5.72     -0.06681
  5.74     -0.07001
  5.76     -0.07042
  5.78     -0.07113
  5.80     -0.07168
  5.82     -0.07106
  5.84     -0.06894
  5.86     -0.06757
  5.88     -0.06389
  5.90     -0.05659
  5.92     -0.04875
  5.94     -0.03979
  5.96     -0.02474
  5.98     -0.00828
  6.00      0.00891
  6.02      0.02961
  6.04      0.05202
  6.06      0.07235
  6.08      0.08969
  6.10      0.11015
  6.12      0.12282
  6.14      0.13041
  6.16      0.12806
  6.18      0.12166
  6.20      0.10527
  6.22      0.08461
  6.24      0.05948
  6.26      0.03631
  6.28      0.01456
  6.30     -0.00864
  6.32     -0.02679
  6.34     -0.04202
  6.36     -0.05305
  6.38     -0.06088
  6.40     -0.06630
  6.42     -0.06837
  6.44     -0.06825
  6.46     -0.06834
  6.48     -0.06803
  6.50     -0.06473
  6.52     -0.06345
  6.54     -0.06142
  6.56     -0.05811
  6.58     -0.05372
  6.60     -0.04634
  6.62     -0.03782
  6.64     -0.02994
  6.66     -0.02252
  6.68     -0.01476
  6.70     -0.01114
  6.72     -0.00883
  6.74     -0.00645
  6.76     -0.00229
  6.78     -0.00549
  6.80     -0.00994
  6.82     -0.01692
  6.84     -0.02448
  6.86     -0.03664
  6.88     -0.04329
  6.90     -0.04972
  6.92     -0.05260
  6.94     -0.05671
  6.96     -0.05695
  6.98     -0.05779
  7.00     -0.05470
  7.02     -0.05187
  7.04     -0.04546
  7.06     -0.03474
  7.08     -0.01987
  7.10     -0.00414
  7.12      0.01755
  7.14      0.04387
  7.16      0.07672
  7.18      0.10892
  7.20      0.14053
  7.22      0.17266
  7.24      0.19979
  7.26      0.21676
  7.28      0.22760
  7.30      0.22978
  7.32      0.21946
  7.34      0.19763
  7.36      0.16643
  7.38      0.12889
  7.40      0.09185
  7.42      0.05306
  7.44      0.02102
  7.46     -0.00789
  7.48     -0.03044
  7.50     -0.04827
  7.52     -0.05727
  7.54     -0.06427
  7.56     -0.06737
  7.58     -0.06648
  7.60     -0.06632
  7.62     -0.06493
  7.64     -0.06286
  7.66     -0.05950
  7.68     -0.05817
  7.70     -0.05499
  7.72     -0.05538
  7.74     -0.05405
  7.76     -0.05436
  7.78     -0.05340
  7.80     -0.05225
  7.82     -0.05197
  7.84     -0.05281
  7.86     -0.05340
  7.88     -0.05393
  7.90     -0.05636
  7.92     -0.05728
  7.94     -0.05774
  7.96     -0.05651
  7.98     -0.05494
  8.00     -0.05177
  8.02     -0.04492
  8.04     -0.03768
  8.06     -0.02917
  8.08     -0.01967
  8.10     -0.00696
  8.12      0.00518
  8.14      0.02074
  8.16      0.03712
  8.18      0.05366
  8.20      0.06782
  8.22      0.07673
  8.24      0.08459
  8.26      0.08397
  8.28      0.07967
  8.30      0.07224
  8.32      0.06699
  8.34      0.05212
  8.36      0.03920
  8.38      0.02512
  8.40      0.00947
  8.42     -0.00681
  8.44     -0.01703
  8.46     -0.02651
  8.48     -0.03497
  8.50     -0.03752
  8.52     -0.03678
  8.54     -0.03535
  8.56     -0.03092
  8.58     -0.02298
  8.60     -0.01322
  8.62     -0.00644
  8.64     -0.00002
  8.66      0.00727
  8.68      0.00845
  8.70      0.00975
  8.72      0.01085
  8.74      0.00978
  8.76      0.00702
  8.78      0.00596
  8.80     -0.00383
  8.82     -0.01102
  8.84     -0.01802
  8.86     -0.02689
  8.88     -0.03349
  8.90     -0.03708
  8.92     -0.04157
  8.94     -0.04363
  8.96     -0.04122
  8.98     -0.03806
  9.00     -0.03099
  9.02     -0.02304
  9.04     -0.01358
  9.06     -0.00450
  9.08      0.00616
  9.10      0.01314
  9.12      0.02074
  9.14      0.02265
  9.16      0.02489
  9.18      0.02009
  9.20      0.01502
  9.22      0.00440
  9.24     -0.00337
  9.26     -0.01331
  9.28     -0.02105
  9.30     -0.02825
  9.32     -0.03260
  9.34     -0.03668
  9.36     -0.03730
  9.38     -0.03507
  9.40     -0.03070
  9.42     -0.02448
  9.44     -0.01837
  9.46     -0.01025
  9.48     -0.00337
  9.50     -0.00028
  9.52      0.00507
  9.54      0.01307
  9.56      0.01092
  9.58      0.01316
  9.60      0.01672
  9.62      0.01530
  9.64      0.01243
  9.66      0.01092
  9.68      0.00732
  9.70      0.00693
  9.72      0.01096
  9.74      0.01679
  9.76      0.02611
  9.78      0.03792
  9.80      0.05284
  9.82      0.06835
  9.84      0.08282
  9.86      0.09873
  9.88      0.10996
  9.90      0.11027
  9.92      0.11109
  9.94      0.10840
  9.96      0.10699
  9.98      0.09927
 10.00      0.09655
 10.02      0.08284
 10.04      0.06558
 10.06      0.04312
 10.08      0.02649
 10.10      0.00646
 10.12     -0.01236
 10.14     -0.02648
 10.16     -0.04077
 10.18     -0.05375
 10.20     -0.06355
 10.22     -0.06729
 10.24     -0.07134
 10.26     -0.07211
 10.28     -0.07367
 10.30     -0.07321
 10.32     -0.07286
 10.34     -0.06979
 10.36     -0.06775
 10.38     -0.06347
 10.40     -0.05903
 10.42     -0.05401
 10.44     -0.04986
 10.46     -0.03981
 10.48     -0.03013
 10.50     -0.02192
 10.52     -0.01059
 10.54      0.00198
 10.56      0.00908
 10.58      0.01466
 10.60      0.02268
 10.62      0.02538
 10.64      0.02693
 10.66      0.02525
 10.68      0.02703
 10.70      0.02515
 10.72      0.02361
 10.74      0.01769
 10.76      0.01431
 10.78      0.00748
 10.80      0.00223
 10.82     -0.00440
 10.84     -0.00985
 10.86     -0.01500
 10.88     -0.02091
 10.90     -0.02825
 10.92     -0.03394
 10.94     -0.03514
 10.96     -0.03763
 10.98     -0.03868
 11.00     -0.03698
 11.02     -0.03621
 11.04     -0.03901
 11.06     -0.03815
 11.08     -0.03595
 11.10     -0.03620
 11.12     -0.03364
 11.14     -0.02921
 11.16     -0.02437
 11.18     -0.01946
 11.20     -0.01395
 11.22     -0.00894
 11.24     -0.00064
 11.26      0.00724
 11.28      0.01023
 11.30      0.01834
 11.32      0.02401
 11.34      0.02804
 11.36      0.02855
 11.38      0.03197
 11.40      0.02982
 11.42      0.02951
 11.44      0.02398
 11.46      0.02206
 11.48      0.01751
 11.50      0.01326
 11.52      0.00868
 11.54      0.00572
 11.56     -0.00048
 11.58     -0.00311
 11.60     -0.00478
 11.62     -0.00505
 11.64     -0.00368
 11.66     -0.00196
 11.68     -0.00101
 11.70      0.00303
 11.72      0.00383
 11.74      0.00439
 11.76      0.00630
 11.78      0.00984
 11.80      0.01127
 11.82      0.01567
 11.84      0.02139
 11.86      0.02741
 11.88      0.03333
 11.90      0.03811
 11.92      0.03812
 11.94      0.03873
 11.96      0.04018
 11.98      0.04231
 12.00      0.03976
 12.02      0.04574
 12.04      0.04746
 12.06      0.04600
 12.08      0.03999
 12.10      0.03885
 12.12      0.03280
 12.14      0.02700
 12.16      0.02206
 12.18      0.01716
 12.20      0.00959
 12.22      0.00023
 12.24     -0.00856
 12.26     -0.01703
 12.28     -0.02332
 12.30     -0.02841
 12.32     -0.03021
 12.34     -0.03001
 12.36     -0.03033
 12.38     -0.02943
 12.40     -0.02662
 12.42     -0.02491
 12.44     -0.02049
 12.46     -0.01479
 12.48     -0.01093
 12.50     -0.00717
 12.52     -0.00461
 12.54     -0.00416
 12.56     -0.00165
 12.58     -0.00002
 12.60      0.00013
 12.62      0.00085
 12.64      0.00013
 12.66     -0.00119
 12.68     -0.00093
 12.70      0.00062
 12.72      0.00030
 12.74      0.00069
 12.76     -0.00198
 12.78     -0.00521
 12.80     -0.01026
 12.82     -0.01284
 12.84     -0.01610
 12.86     -0.01878
 12.88     -0.02086
 12.90     -0.02065
 12.92     -0.02074
 12.94     -0.01949
 12.96     -0.01949
 12.98     -0.01671
 13.00     -0.01610
 13.02     -0.01184
 13.04     -0.00892
 13.06     -0.00578
 13.08     -0.00478
 13.10     -0.00226
 13.12     -0.00439
 13.14     -0.00690
 13.16     -0.00580
 13.18     -0.00509
 13.20     -0.00744
 13.22     -0.00753
 13.24     -0.00667
 13.26     -0.00708
 13.28     -0.00731
 13.30     -0.00592
 13.32     -0.00646
 13.34     -0.00758
 13.36     -0.00962
 13.38     -0.01218
 13.40     -0.01486
 13.42     -0.01655
 13.44     -0.01786
 13.46     -0.01964
 13.48     -0.01873
 13.50     -0.01808
 13.52     -0.01623
 13.54     -0.01521
 13.56     -0.01294
 13.58     -0.00895
 13.60     -0.00589
 13.62     -0.00356
 13.64      0.00131
 13.66      0.00733
 13.68      0.01033
 13.70      0.01633
 13.72      0.02432
 13.74      0.03022
 13.76      0.03241
 13.78      0.03380
 13.80      0.03228
 13.82      0.02898
 13.84      0.02475
 13.86      0.02438
 13.88      0.02056
 13.90      0.02024
 13.92      0.01823
 13.94      0.01581
 13.96      0.01249
 13.98      0.01062
 14.00      0.00686
 14.02      0.00435
 14.04      0.00333
 14.06      0.00039
 14.08      0.00015
 14.10      0.00113
 14.12      0.00340
 14.14      0.00600
 14.16      0.00868
 14.18      0.01120
 14.20      0.01317
 14.22      0.01469
 14.24      0.01697
 14.26      0.02265
 14.28      0.02308
 14.30      0.02561
 14.32      0.02574
 14.34      0.02691
 14.36      0.02411
 14.38      0.02691
 14.40      0.02636
 14.42      0.02583
 14.44      0.02519
 14.46      0.02502
 14.48      0.02313
 14.50      0.01984
 14.52      0.01702
 14.54      0.01060
 14.56      0.00646
 14.58      0.00117
 14.60     -0.00181
 14.62     -0.00426
 14.64     -0.00658
 14.66     -0.01086
 14.68     -0.01204
 14.70     -0.01451
 14.72     -0.01693
 14.74     -0.01800
 14.76     -0.01996
 14.78     -0.02359
 14.80     -0.02517
 14.82     -0.02800
 14.84     -0.03023
 14.86     -0.03123
 14.88     -0.03203
 14.90     -0.03423
 14.92     -0.03370
 14.94     -0.03384
 14.96     -0.03262
 14.98     -0.03186
 15.00     -0.03086
 15.02     -0.02903
 15.04     -0.02851
 15.06     -0.02754
 15.08     -0.02651
 15.10     -0.02373
 15.12     -0.02093
 15.14     -0.01556
 15.16     -0.01372
 15.18     -0.00880
 15.20     -0.00541
 15.22     -0.00405
 15.24     -0.00243
 15.26      0.00166
 15.28      0.00550
 15.30      0.00757
 15.32      0.00902
 15.34      0.01096
 15.36      0.01346
 15.38      0.01265
 15.40      0.01343
 15.42      0.01399
 15.44      0.01366
 15.46      0.01013
 15.48      0.01002
 15.50      0.00960
 15.52      0.00852
 15.54      0.00559
 15.56      0.00470
 15.58      0.00083
 15.60     -0.00046
 15.62     -0.00157
 15.64     -0.00138
 15.66      0.00019
 15.68      0.00130
 15.70      0.00207
 15.72      0.00255
 15.74      0.00460
 15.76      0.00618
 15.78      0.00842
 15.80      0.00893
 15.82      0.01193
 15.84      0.01267
 15.86      0.01368
 15.88      0.01558
 15.90      0.01694
 15.92      0.01625
 15.94      0.01815
 15.96      0.01850
 15.98      0.01679
 16.00      0.01449
 16.02      0.01305
 16.04      0.00990
 16.06      0.00658
 16.08      0.00283
 16.10      0.00047
 16.12     -0.00106
 16.14     -0.00285
 16.16     -0.00477
 16.18     -0.00445
 16.20     -0.00226
 16.22     -0.00125
 16.24     -0.00212
 16.26     -0.00091
 16.28     -0.00199
 16.30     -0.00187
 16.32     -0.00371
 16.34     -0.00428
 16.36     -0.00604
 16.38     -0.00413
 16.40     -0.00618
 16.42     -0.00475
 16.44     -0.00261
 16.46     -0.00227
 16.48     -0.00202
 16.50     -0.00213
 16.52     -0.00157
 16.54     -0.00195
 16.56     -0.00158
 16.58     -0.00045
 16.60      0.00132
 16.62      0.00224
 16.64      0.00337
 16.66      0.00683
 16.68      0.00716
 16.70      0.00848
 16.72      0.00876
 16.74      0.01050
 16.76      0.00954
 16.78      0.01140
 16.80      0.01179
 16.82      0.01226
 16.84      0.00960
 16.86      0.00906
 16.88      0.00789
 16.90      0.00747
 16.92      0.00481
 16.94      0.00528
 16.96      0.00476
 16.98      0.00051
 17.00     -0.00231
 17.02     -0.00301
 17.04     -0.00543
 17.06     -0.00746
 17.08     -0.00768
 17.10     -0.01019
 17.12     -0.01237
 17.14     -0.01377
 17.16     -0.01438
 17.18     -0.01359
 17.20     -0.01178
 17.22     -0.01141
 17.24     -0.01093
 17.26     -0.01038
 17.28     -0.01129
 17.30     -0.01247
 17.32     -0.01173
 17.34     -0.01062
 17.36     -0.00943
 17.38     -0.00893
 17.40     -0.00827
 17.42     -0.00846
 17.44     -0.00749
 17.46     -0.01030
 17.48     -0.01045
 17.50     -0.00900
 17.52     -0.00690
 17.54     -0.00799
 17.56     -0.00607
 17.58     -0.00594
 17.60     -0.00747
 17.62     -0.00767
 17.64     -0.00557
 17.66     -0.00473
 17.68     -0.00221
 17.70      0.00093
 17.72      0.00148
 17.74      0.00150
 17.76      0.00350
 17.78      0.00551
 17.80      0.00563
 17.82      0.00660
 17.84      0.00804
 17.86      0.00782
 17.88      0.00649
 17.90      0.00673
 17.92      0.00761
 17.94      0.00793
 17.96      0.00758
 17.98      0.00915
 18.00      0.00965
 18.02      0.01013
 18.04      0.01029
 18.06      0.01245
 18.08      0.01338
 18.10      0.01228
 18.12      0.01203
 18.14      0.01198
 18.16      0.01175
 18.18      0.01011
 18.20      0.01120
 18.22      0.01058
 18.24      0.00885
 18.26      0.00756
 18.28      0.00471
 18.30      0.00305
 18.32      0.00141
 18.34      0.00053
 18.36     -0.00069
 18.38     -0.00024
 18.40     -0.00047
 18.42     -0.00007
 18.44      0.00003
 18.46     -0.00116
 18.48     -0.00113
 18.50     -0.00105
 18.52     -0.00203
 18.54     -0.00186
 18.56     -0.00063
 18.58     -0.00129
 18.60     -0.00127
 18.62     -0.00127
 18.64     -0.00069
 18.66     -0.00205
 18.68     -0.00224
 18.70     -0.00248
 18.72     -0.00373
 18.74     -0.00605
 18.76     -0.00742
 18.78     -0.00784
 18.80     -0.00857
 18.82     -0.00830
 18.84     -0.00760
 18.86     -0.00700
 18.88     -0.00630
 18.90     -0.00512
 18.92     -0.00431
 18.94     -0.00316
 18.96     -0.00165
 18.98     -0.00108
 19.00     -0.00117
 19.02     -0.00013
 19.04      0.00014
 19.06      0.00132
 19.08      0.00231
 19.10      0.00225
 19.12      0.00304
 19.14      0.00304
 19.16      0.00158
 19.18      0.00025
 19.20      0.00105
 19.22     -0.00033
 19.24     -0.00035
 19.26      0.00124
 19.28      0.00144
 19.30      0.00004
 19.32      0.00178
 19.34      0.00226
 19.36      0.00204
 19.38      0.00182
 19.40      0.00406
 19.42      0.00350
 19.44      0.00288
 19.46      0.00216
 19.48      0.00280
 19.50      0.00022
 19.52     -0.00123
 19.54     -0.00140
 19.56     -0.00304
 19.58     -0.00484
 19.60     -0.00485
 19.62     -0.00559
 19.64     -0.00576
 19.66     -0.00477
 19.68     -0.00481
 19.70     -0.00533
 19.72     -0.00455
 19.74     -0.00588
 19.76     -0.00547
 19.78     -0.00285
 19.80     -0.00192
 19.82     -0.00097
 19.84     -0.00051
 19.86      0.00001
 19.88     -0.00064
 19.90      0.00049
 19.92      0.00068
 19.94      0.00161
 19.96      0.00246
 19.98      0.00217
 20.00      0.00185
 20.02      0.00282
 20.04      0.00461
 20.06      0.00436
 20.08      0.00487
 20.10      0.00473
 20.12      0.00352
 20.14      0.00360
 20.16      0.00307
 20.18      0.00337
 20.20      0.00229
 20.22      0.00256
 20.24      0.00140
 20.26      0.00162
 20.28      0.00202
 20.30      0.00281
 20.32      0.00282
 20.34      0.00323
 20.36      0.00360
 20.38      0.00420
 20.40      0.00358
 20.42      0.00405
 20.44      0.00360
 20.46      0.00494
 20.48      0.00470
 20.50      0.00510
 20.52      0.00393
 20.54      0.00313
 20.56      0.00186
 20.58     -0.00080
 20.60     -0.00175
 20.62     -0.00220
 20.64     -0.00262
 20.66     -0.00482
 20.68     -0.00409
 20.70     -0.00429
 20.72     -0.00538
 20.74     -0.00581
 20.76     -0.00523
 20.78     -0.00554
 20.80     -0.00462
 20.82     -0.00482
 20.84     -0.00399
 20.86     -0.00440
 20.88     -0.00392
 20.90     -0.00371
 20.92     -0.00154
 20.94     -0.00097
 20.96     -0.00081
 20.98     -0.00120
 21.00     -0.00145
 21.02     -0.00101
 21.04     -0.00142
 21.06     -0.00023
 21.08     -0.00076
 21.10     -0.00037
 21.12     -0.00044
 21.14     -0.00087
 21.16     -0.00040
 21.18      0.00038
 21.20      0.00070
 21.22      0.00038
 21.24      0.00144
 21.26      0.00021
 21.28      0.00049
 21.30      0.00012
 21.32     -0.00077
 21.34     -0.00072
 21.36     -0.00024
 21.38     -0.00039
 21.40      0.00006
 21.42      0.00099
 21.44      0.00109
 21.46      0.00137
 21.48      0.00246
 21.50      0.00197
 21.52      0.00264
 21.54      0.00228
 21.56      0.00257
 21.58      0.00285
 21.60      0.00381
 21.62      0.00353
 21.64      0.00328
 21.66      0.00285
 21.68      0.00313
 21.70      0.00199
 21.72      0.00085
 21.74      0.00149
 21.76      0.00098
 21.78      0.00048
 21.80      0.00037
 21.82     -0.00033
 21.84     -0.00132
 21.86     -0.00102
 21.88     -0.00186
 21.90     -0.00213
 21.92     -0.00054
 21.94     -0.00013
 21.96     -0.00028
 21.98     -0.00045
 22.00     -0.00064
 22.02     -0.00146
 22.04     -0.00261
 22.06     -0.00313
 22.08     -0.00456
 22.10     -0.00424
 22.12     -0.00377
 22.14     -0.00388
 22.16     -0.00448
 22.18     -0.00282
 22.20     -0.00226
 22.22     -0.00197
 22.24     -0.00050
 22.26      0.00071
 22.28      0.00046
 22.30      0.00016
 22.32      0.00048
 22.34      0.00109
 22.36      0.00254
 22.38      0.00314
 22.40      0.00408
 22.42      0.00419
 22.44      0.00377
 22.46      0.00256
 22.48      0.00315
 22.50      0.00305
 22.52      0.00308
 22.54      0.00270
 22.56      0.00271
 22.58      0.00240
 22.60      0.00224
 22.62      0.00233
 22.64      0.00237
 22.66      0.00217
 22.68      0.00187
 22.70      0.00096
 22.72      0.00043
 22.74     -0.00022
 22.76     -0.00042
 22.78     -0.00125
 22.80     -0.00101
 22.82     -0.00191
 22.84     -0.00207
 22.86     -0.00212
 22.88     -0.00190
 22.90     -0.00112
 22.92     -0.00073
 22.94      0.00033
 22.96     -0.00043
 22.98     -0.00075
 23.00     -0.00211
 23.02     -0.00273
 23.04     -0.00402
 23.06     -0.00415
 23.08     -0.00466
 23.10     -0.00457
 23.12     -0.00493
 23.14     -0.00521
 23.16     -0.00483
 23.18     -0.00417
 23.20     -0.00444
 23.22     -0.00383
 23.24     -0.00344
 23.26     -0.00261
 23.28     -0.00261
 23.30     -0.00187
 23.32     -0.00182
 23.34     -0.00094
 23.36     -0.00078
 23.38     -0.00051
 23.40     -0.00009
 23.42      0.00053
 23.44      0.00054
 23.46      0.00013
 23.48      0.00093
 23.50      0.00123
 23.52      0.00189
 23.54      0.00225
 23.56      0.00355
 23.58      0.00375
 23.60      0.00316
 23.62      0.00315
 23.64      0.00271
 23.66      0.00220
 23.68      0.00218
 23.70      0.00303
 23.72      0.00189
 23.74      0.00253
 23.76      0.00170
 23.78      0.00079
 23.80      0.00066
 23.82      0.00180
 23.84      0.00141
 23.86      0.00174
 23.88      0.00282
 23.90      0.00274
 23.92      0.00228
 23.94      0.00178
 23.96      0.00121
 23.98      0.00021
 24.00      0.00027
 24.02      0.00017
 24.04      0.00050
 24.06      0.00078
 24.08      0.00099
 24.10      0.00058
 24.12      0.00042
 24.14     -0.00008
 24.16     -0.00028
 24.18     -0.00043
 24.20     -0.00131
 24.22     -0.00219
 24.24     -0.00250
 24.26     -0.00270
 24.28     -0.00297
 24.30     -0.00293
 24.32     -0.00255
 24.34     -0.00248
 24.36     -0.00210
 24.38     -0.00230
 24.40     -0.00178
 24.42     -0.00182
 24.44     -0.00160
 24.46     -0.00143
 24.48     -0.00121
 24.50     -0.00150
 24.52     -0.00079
 24.54     -0.00028
 24.56     -0.00045
 24.58     -0.00022
 24.60      0.00017
 24.62      0.00013
 24.64     -0.00000
 24.66     -0.00025
 24.68     -0.00044
 24.70     -0.00013
 24.72     -0.00012
 24.74      0.00027
 24.76      0.00100
 24.78      0.00120
 24.80      0.00079
 24.82      0.00048
 24.84      0.00035
 24.86      0.00022
 24.88      0.00011
 24.90      0.00032
 24.92      0.00046
 24.94      0.00023
 24.96      0.00027
 24.98      0.00031
 25.00      0.00036
 25.02      0.00026
 25.04      0.00111
 25.06      0.00097
 25.08      0.00091
 25.10      0.00065
 25.12      0.00017
 25.14     -0.00055
 25.16     -0.00082
 25.18     -0.00082
 25.20     -0.00082
 25.22     -0.00065
 25.24     -0.00099
 25.26     -0.00109
 25.28     -0.00114
 25.30     -0.00135
 25.32     -0.00100
 25.34     -0.00095
 25.36     -0.00050
 25.38     -0.00021
 25.40     -0.00015
 25.42     -0.00045
 25.44     -0.00050
 25.46     -0.00115
 25.48     -0.00126
 25.50     -0.00120
 25.52     -0.00104
 25.54     -0.00071
 25.56     -0.00054
 25.58     -0.00077
 25.60     -0.00077
 25.62     -0.00050
 25.64     -0.00096
 25.66     -0.00136
 25.68     -0.00119
 25.70     -0.00108
 25.72     -0.00057
 25.74     -0.00065
 25.76      0.00020
 25.78      0.00005
 25.80      0.00011
 25.82     -0.00063
 25.84      0.00001
 25.86      0.00002
 25.88      0.00001
 25.90     -0.00015
 25.92      0.00007
 25.94     -0.00009
 25.96     -0.00026
 25.98      0.00023
 26.00     -0.00002
 26.02      0.00066
 26.04      0.00050
 26.06      0.00054
 26.08      0.00055
 26.10      0.00111
 26.12      0.00055
 26.14      0.00074
 26.16      0.00048
 26.18      0.00003
 26.20      0.00015
 26.22     -0.00013
 26.24     -0.00044
 26.26     -0.00016
 26.28     -0.00012
 26.30     -0.00025
 26.32     -0.00029
 26.34     -0.00017
 26.36      0.00003
 26.38      0.00021
 26.40     -0.00024
 26.42     -0.00025
 26.44     -0.00035
 26.46     -0.00087
 26.48     -0.00146
 26.50     -0.00101
 26.52     -0.00107
 26.54     -0.00093
 26.56     -0.00079
 26.58     -0.00060
 26.60     -0.00076
 26.62     -0.00046
 26.64     -0.00058
 26.66     -0.00079
 26.68     -0.00046
 26.70     -0.00060
 26.72     -0.00079
 26.74     -0.00078
 26.76     -0.00084
 26.78     -0.00114
 26.80     -0.00109
 26.82     -0.00108
 26.84     -0.00107
 26.86     -0.00133
 26.88     -0.00121
 26.90     -0.00112
 26.92     -0.00135
 26.94     -0.00104
 26.96     -0.00016
 26.98      0.00032
 27.00      0.00040
 27.02      0.00098
 27.04      0.00107
 27.06      0.00065
 27.08      0.00025
 27.10      0.00049
 27.12      0.00042
 27.14      0.00033
 27.16      0.00031
 27.18      0.00051
 27.20     -0.00016
 27.22     -0.00067
 27.24     -0.00049
 27.26     -0.00049
 27.28     -0.00075
 27.30     -0.00054
 27.32     -0.00032
 27.34     -0.00057
 27.36     -0.00043
 27.38     -0.00025
 27.40     -0.00008
 27.42     -0.00011
 27.44      0.00001
 27.46      0.00019
 27.48      0.00020
 27.50      0.00003
 27.52     -0.00008
 27.54     -0.00024
 27.56     -0.00048
 27.58     -0.00062
 27.60     -0.00055
 27.62     -0.00049
 27.64     -0.00045
 27.66     -0.00048
 27.68     -0.00052
 27.70     -0.00024
 27.72     -0.00010
 27.74     -0.00015
 27.76      0.00007
 27.78      0.00013
 27.80     -0.00029
 27.82     -0.00016
 27.84     -0.00043
 27.86     -0.00070
 27.88     -0.00067
 27.90     -0.00075
 27.92     -0.00103
 27.94     -0.00061
 27.96     -0.00024
 27.98     -0.00036
 28.00     -0.00060
 28.02     -0.00040
 28.04     -0.00062
 28.06     -0.00105
 28.08     -0.00118
 28.10     -0.00113
 28.12     -0.00134
 28.14     -0.00129
 28.16     -0.00105
 28.18     -0.00066
 28.20     -0.00038
 28.22     -0.00051
 28.24     -0.00042
 28.26     -0.00045
 28.28     -0.00068
 28.30     -0.00058
 28.32     -0.00042
 28.34     -0.00039
 28.36     -0.00032
 28.38     -0.00002
 28.40      0.00005
 28.42      0.00029
 28.44      0.00023
 28.46      0.00015
 28.48      0.00003
 28.50     -0.00023
 28.52     -0.00045
 28.54     -0.00058
 28.56     -0.00058
 28.58     -0.00070
 28.60     -0.00065
 28.62     -0.00052
 28.64     -0.00032
 28.66     -0.00029
 28.68     -0.00006
 28.70      0.00024
 28.72      0.00026
 28.74      0.00010
 28.76      0.00011
 28.78      0.00023
 28.80      0.00001
 28.82     -0.00015
 28.84     -0.00023
 28.86     -0.00047
 28.88     -0.00087
 28.90     -0.00090
 28.92     -0.00095
 28.94     -0.00087
 28.96     -0.00068
 28.98     -0.00079
 29.00     -0.00077
 29.02     -0.00072
 29.04     -0.00074
 29.06     -0.00092
 29.08     -0.00077
 29.10     -0.00093
 29.12     -0.00096
 29.14     -0.00087
 29.16     -0.00066
 29.18     -0.00059
 29.20     -0.00048
 29.22     -0.00022
 29.24     -0.00027
 29.26     -0.00028
 29.28     -0.00037
 29.30     -0.00029
 29.32     -0.00042
 29.34     -0.00055
 29.36     -0.00073
 29.38     -0.00069
 29.40     -0.00081
 29.42     -0.00089
 29.44     -0.00085
 29.46     -0.00074
 29.48     -0.00078
 29.50     -0.00074
 29.52     -0.00073
 29.54     -0.00068
 29.56     -0.00078
 29.58     -0.00067
 29.60     -0.00066
 29.62     -0.00051
 29.64     -0.00042
 29.66     -0.00039
 29.68     -0.00053
 29.70     -0.00037
 29.72     -0.00056
 29.74     -0.00071
 29.76     -0.00061
 29.78     -0.00064
 29.80     -0.00077
 29.82     -0.00070
 29.84     -0.00066
 29.86     -0.00072
 29.88     -0.00070
 29.90     -0.00064
 29.92     -0.00050
 29.94     -0.00051
 29.96     -0.00046
 29.98     -0.00039
 30.00     -0.00041
