 #r(A)        G(r)
  0.02      0.00000
  0.04      0.00000
  0.06      0.00000
  0.08     -0.00000
  0.10     -0.00000
  0.12     -0.00000
  0.14     -0.00000
  0.16     -0.00000
  0.18     -0.00000
  0.20     -0.00000
  0.22     -0.00001
  0.24     -0.00001
  0.26     -0.00002
  0.28     -0.00002
  0.30     -0.00004
  0.32     -0.00005
  0.34     -0.00007
  0.36     -0.00009
  0.38     -0.00012
  0.40     -0.00014
  0.42     -0.00017
  0.44     -0.00021
  0.46     -0.00024
  0.48     -0.00028
  0.50     -0.00032
  0.52     -0.00037
  0.54     -0.00041
  0.56     -0.00046
  0.58     -0.00051
  0.60     -0.00058
  0.62     -0.00065
  0.64     -0.00075
  0.66     -0.00088
  0.68     -0.00106
  0.70     -0.00129
  0.72     -0.00159
  0.74     -0.00193
  0.76     -0.00234
  0.78     -0.00278
  0.80     -0.00325
  0.82     -0.00375
  0.84     -0.00426
  0.86     -0.00478
  0.88     -0.00531
  0.90     -0.00584
  0.92     -0.00638
  0.94     -0.00692
  0.96     -0.00746
  0.98     -0.00800
  1.00     -0.00854
  1.02     -0.00908
  1.04     -0.00962
  1.06     -0.01016
  1.08     -0.01071
  1.10     -0.01125
  1.12     -0.01180
  1.14     -0.01235
  1.16     -0.01289
  1.18     -0.01344
  1.20     -0.01399
  1.22     -0.01454
  1.24     -0.01509
  1.26     -0.01564
  1.28     -0.01619
  1.30     -0.01674
  1.32     -0.01730
  1.34     -0.01785
  1.36     -0.01840
  1.38     -0.01896
  1.40     -0.01951
  1.42     -0.02007
  1.44     -0.02062
  1.46     -0.02118
  1.48     -0.02174
  1.50     -0.02230
  1.52     -0.02286
  1.54     -0.02342
  1.56     -0.02398
  1.58     -0.02454
  1.60     -0.02510
  1.62     -0.02567
  1.64     -0.02623
  1.66     -0.02680
  1.68     -0.02737
  1.70     -0.02794
  1.72     -0.02852
  1.74     -0.02911
  1.76     -0.02970
  1.78     -0.03030
  1.80     -0.03091
  1.82     -0.03153
  1.84     -0.03217
  1.86     -0.03282
  1.88     -0.03349
  1.90     -0.03417
  1.92     -0.03487
  1.94     -0.03558
  1.96     -0.03629
  1.98     -0.03702
  2.00     -0.03775
  2.02     -0.03848
  2.04     -0.03917
  2.06     -0.03991
  2.08     -0.04052
  2.10     -0.04116
  2.12     -0.04155
  2.14     -0.04145
  2.16     -0.04061
  2.18     -0.03933
  2.20     -0.03707
  2.22     -0.03404
  2.24     -0.02996
  2.26     -0.02615
  2.28     -0.02247
  2.30     -0.02007
  2.32     -0.01897
  2.34     -0.01902
  2.36     -0.01992
  2.38     -0.02099
  2.40     -0.02231
  2.42     -0.02305
  2.44     -0.02542
  2.46     -0.02721
  2.48     -0.02928
  2.50     -0.03149
  2.52     -0.03208
  2.54     -0.02685
  2.56     -0.01399
  2.58      0.01158
  2.60      0.05059
  2.62      0.10532
  2.64      0.19496
  2.66      0.28201
  2.68      0.37320
  2.70      0.44488
  2.72      0.49013
  2.74      0.47588
  2.76      0.43151
  2.78      0.34940
  2.80      0.26618
  2.82      0.18231
  2.84      0.10805
  2.86      0.05302
  2.88      0.01566
  2.90     -0.01399
  2.92     -0.03412
  2.94     -0.04602
  2.96     -0.05180
  2.98     -0.05447
  3.00     -0.05657
  3.02     -0.05918
  3.04     -0.05856
  3.06     -0.05892
  3.08     -0.05922
  3.10     -0.06021
  3.12     -0.05981
  3.14     -0.06114
  3.16     -0.06188
  3.18     -0.06289
  3.20     -0.06315
  3.22     -0.06446
  3.24     -0.06515
  3.26     -0.06575
  3.28     -0.06534
  3.30     -0.06601
  3.32     -0.06646
  3.34     -0.06598
  3.36     -0.06632
  3.38     -0.06718
  3.40     -0.06675
  3.42     -0.06619
  3.44     -0.06686
  3.46     -0.06673
  3.48     -0.06634
  3.50     -0.06605
  3.52     -0.06590
  3.54     -0.06506
  3.56     -0.06438
  3.58     -0.06485
  3.60     -0.06497
  3.62     -0.06388
  3.64     -0.06191
  3.66     -0.05715
  3.68     -0.04972
  3.70     -0.04251
  3.72     -0.03259
  3.74     -0.02105
  3.76     -0.00439
  3.78      0.01172
  3.80      0.02830
  3.82      0.04542
  3.84      0.05999
  3.86      0.06338
  3.88      0.06701
  3.90      0.06281
  3.92      0.04978
  3.94      0.03096
  3.96      0.01590
  3.98     -0.00214
  4.00     -0.01945
  4.02     -0.03140
  4.04     -0.03937
  4.06     -0.04913
  4.08     -0.05731
  4.10     -0.05865
  4.12     -0.06116
  4.14     -0.06323
  4.16     -0.06363
  4.18     -0.06496
  4.20     -0.06673
  4.22     -0.06849
  4.24     -0.06916
  4.26     -0.07029
  4.28     -0.07105
  4.30     -0.06969
  4.32     -0.06949
  4.34     -0.06785
  4.36     -0.06639
  4.38     -0.06478
  4.40     -0.06592
  4.42     -0.06363
  4.44     -0.06281
  4.46     -0.06095
  4.48     -0.05746
  4.50     -0.05071
  4.52     -0.04610
  4.54     -0.03566
  4.56     -0.02191
  4.58      0.00134
  4.60      0.03250
  4.62      0.07659
  4.64      0.12374
  4.66      0.18375
  4.68      0.24694
  4.70      0.30837
  4.72      0.34494
  4.74      0.37282
  4.76      0.36986
  4.78      0.33643
  4.80      0.28243
  4.82      0.22414
  4.84      0.15863
  4.86      0.09856
  4.88      0.05195
  4.90      0.01146
  4.92     -0.01447
  4.94     -0.03652
  4.96     -0.04881
  4.98     -0.05898
  5.00     -0.06457
  5.02     -0.06901
  5.04     -0.07126
  5.06     -0.07385
  5.08     -0.07509
  5.10     -0.07588
  5.12     -0.07641
  5.14     -0.07545
  5.16     -0.07704
  5.18     -0.07801
  5.20     -0.07885
  5.22     -0.07902
  5.24     -0.07790
  5.26     -0.07501
  5.28     -0.06928
  5.30     -0.06299
  5.32     -0.05441
  5.34     -0.04171
  5.36     -0.02194
  5.38     -0.00272
  5.40      0.02490
  5.42      0.04936
  5.44      0.07266
  5.46      0.08509
  5.48      0.09090
  5.50      0.08423
  5.52      0.07402
  5.54      0.05198
  5.56      0.02958
  5.58      0.00553
  5.60     -0.01850
  5.62     -0.03993
  5.64     -0.05625
  5.66     -0.06879
  5.68     -0.07598
  5.70     -0.08047
  5.72     -0.08372
  5.74     -0.08460
  5.76     -0.08537
  5.78     -0.08688
  5.80     -0.08559
  5.82     -0.08456
  5.84     -0.08328
  5.86     -0.08010
  5.88     -0.07471
  5.90     -0.07140
  5.92     -0.06444
  5.94     -0.05021
  5.96     -0.03454
  5.98     -0.01355
  6.00      0.01672
  6.02      0.04670
  6.04      0.07932
  6.06      0.11217
  6.08      0.14045
  6.10      0.16697
  6.12      0.17932
  6.14      0.18324
  6.16      0.17482
  6.18      0.15433
  6.20      0.12203
  6.22      0.09399
  6.24      0.05604
  6.26      0.02262
  6.28     -0.00246
  6.30     -0.02598
  6.32     -0.04570
  6.34     -0.05642
  6.36     -0.06436
  6.38     -0.07225
  6.40     -0.07699
  6.42     -0.07998
  6.44     -0.08246
  6.46     -0.08359
  6.48     -0.08419
  6.50     -0.08267
  6.52     -0.07986
  6.54     -0.07569
  6.56     -0.07004
  6.58     -0.06288
  6.60     -0.05492
  6.62     -0.04308
  6.64     -0.03316
  6.66     -0.02372
  6.68     -0.01205
  6.70     -0.00478
  6.72     -0.00315
  6.74     -0.00633
  6.76     -0.01160
  6.78     -0.02352
  6.80     -0.03376
  6.82     -0.04449
  6.84     -0.05227
  6.86     -0.06022
  6.88     -0.06533
  6.90     -0.07128
  6.92     -0.07479
  6.94     -0.07702
  6.96     -0.07599
  6.98     -0.07313
  7.00     -0.07035
  7.02     -0.06498
  7.04     -0.05718
  7.06     -0.04401
  7.08     -0.02674
  7.10      0.00567
  7.12      0.04130
  7.14      0.08488
  7.16      0.13342
  7.18      0.18877
  7.20      0.23758
  7.22      0.28969
  7.24      0.31582
  7.26      0.33153
  7.28      0.32157
  7.30      0.29283
  7.32      0.24218
  7.34      0.19502
  7.36      0.13939
  7.38      0.08992
  7.40      0.04572
  7.42      0.00920
  7.44     -0.01900
  7.46     -0.04089
  7.48     -0.05857
  7.50     -0.07169
  7.52     -0.07900
  7.54     -0.08434
  7.56     -0.08753
  7.58     -0.08692
  7.60     -0.08450
  7.62     -0.08186
  7.64     -0.07684
  7.66     -0.07154
  7.68     -0.06617
  7.70     -0.06258
  7.72     -0.05725
  7.74     -0.05645
  7.76     -0.05400
  7.78     -0.05646
  7.80     -0.05576
  7.82     -0.06056
  7.84     -0.06329
  7.86     -0.06957
  7.88     -0.07181
  7.90     -0.07697
  7.92     -0.07997
  7.94     -0.08022
  7.96     -0.07963
  7.98     -0.07767
  8.00     -0.07372
  8.02     -0.06749
  8.04     -0.05968
  8.06     -0.04754
  8.08     -0.02980
  8.10     -0.00914
  8.12      0.01654
  8.14      0.04786
  8.16      0.08091
  8.18      0.10970
  8.20      0.13078
  8.22      0.14616
  8.24      0.14988
  8.26      0.14162
  8.28      0.12386
  8.30      0.10130
  8.32      0.07368
  8.34      0.04290
  8.36      0.01342
  8.38     -0.01066
  8.40     -0.03006
  8.42     -0.04694
  8.44     -0.05520
  8.46     -0.06069
  8.48     -0.06274
  8.50     -0.05792
  8.52     -0.05057
  8.54     -0.04418
  8.56     -0.02998
  8.58     -0.01646
  8.60      0.00070
  8.62      0.01819
  8.64      0.03370
  8.66      0.04259
  8.68      0.04998
  8.70      0.04470
  8.72      0.03543
  8.74      0.02490
  8.76      0.00876
  8.78     -0.00974
  8.80     -0.02275
  8.82     -0.03659
  8.84     -0.05005
  8.86     -0.05840
  8.88     -0.06366
  8.90     -0.06840
  8.92     -0.06664
  8.94     -0.06174
  8.96     -0.05392
  8.98     -0.04271
  9.00     -0.02511
  9.02     -0.00945
  9.04      0.00681
  9.06      0.02269
  9.08      0.03387
  9.10      0.03825
  9.12      0.03738
  9.14      0.03215
  9.16      0.02133
  9.18      0.00775
  9.20     -0.00879
  9.22     -0.02429
  9.24     -0.03930
  9.26     -0.05104
  9.28     -0.05817
  9.30     -0.06190
  9.32     -0.06057
  9.34     -0.05712
  9.36     -0.05122
  9.38     -0.04341
  9.40     -0.03340
  9.42     -0.02039
  9.44     -0.00186
  9.46      0.01209
  9.48      0.02271
  9.50      0.02776
  9.52      0.03121
  9.54      0.02300
  9.56      0.01444
  9.58      0.00383
  9.60     -0.00367
  9.62     -0.01951
  9.64     -0.02708
  9.66     -0.03133
  9.68     -0.02979
  9.70     -0.02555
  9.72     -0.01194
  9.74      0.00634
  9.76      0.02704
  9.78      0.05535
  9.80      0.09361
  9.82      0.12946
  9.84      0.16643
  9.86      0.20028
  9.88      0.22149
  9.90      0.22846
  9.92      0.22683
  9.94      0.20854
  9.96      0.17881
  9.98      0.14483
 10.00      0.10589
 10.02      0.06841
 10.04      0.03253
 10.06      0.00538
 10.08     -0.02034
 10.10     -0.04211
 10.12     -0.05925
 10.14     -0.07122
 10.16     -0.08029
 10.18     -0.08481
 10.20     -0.08839
 10.22     -0.09230
 10.24     -0.09342
 10.26     -0.09473
 10.28     -0.09571
 10.30     -0.09552
 10.32     -0.09300
 10.34     -0.09221
 10.36     -0.09059
 10.38     -0.08821
 10.40     -0.08259
 10.42     -0.07672
 10.44     -0.06750
 10.46     -0.05617
 10.48     -0.04174
 10.50     -0.02711
 10.52     -0.00775
 10.54      0.01314
 10.56      0.03662
 10.58      0.05721
 10.60      0.07524
 10.62      0.08411
 10.64      0.08658
 10.66      0.08267
 10.68      0.07274
 10.70      0.05351
 10.72      0.03799
 10.74      0.02060
 10.76      0.00022
 10.78     -0.01764
 10.80     -0.02907
 10.82     -0.04074
 10.84     -0.04993
 10.86     -0.05605
 10.88     -0.05812
 10.90     -0.05545
 10.92     -0.05549
 10.94     -0.05442
 10.96     -0.05093
 10.98     -0.04949
 11.00     -0.05110
 11.02     -0.05059
 11.04     -0.05185
 11.06     -0.05392
 11.08     -0.05566
 11.10     -0.05752
 11.12     -0.05660
 11.14     -0.05257
 11.16     -0.04395
 11.18     -0.03171
 11.20     -0.01407
 11.22      0.00142
 11.24      0.01946
 11.26      0.03369
 11.28      0.04664
 11.30      0.05487
 11.32      0.06233
 11.34      0.06092
 11.36      0.05634
 11.38      0.04704
 11.40      0.03594
 11.42      0.02106
 11.44      0.00706
 11.46     -0.00560
 11.48     -0.01450
 11.50     -0.02190
 11.52     -0.02518
 11.54     -0.02298
 11.56     -0.01653
 11.58     -0.01340
 11.60     -0.00633
 11.62      0.00053
 11.64      0.00584
 11.66      0.00579
 11.68      0.00894
 11.70      0.00321
 11.72     -0.00033
 11.74     -0.00421
 11.76     -0.00602
 11.78     -0.00833
 11.80     -0.00280
 11.82      0.00486
 11.84      0.01578
 11.86      0.03083
 11.88      0.04758
 11.90      0.07381
 11.92      0.08973
 11.94      0.10558
 11.96      0.11560
 11.98      0.12344
 12.00      0.11317
 12.02      0.10550
 12.04      0.08876
 12.06      0.06808
 12.08      0.04451
 12.10      0.02423
 12.12      0.00700
 12.14     -0.00490
 12.16     -0.01204
 12.18     -0.01883
 12.20     -0.01978
 12.22     -0.02181
 12.24     -0.02080
 12.26     -0.01918
 12.28     -0.01682
 12.30     -0.01845
 12.32     -0.01978
 12.34     -0.02419
 12.36     -0.02765
 12.38     -0.03031
 12.40     -0.03038
 12.42     -0.02930
 12.44     -0.02504
 12.46     -0.02036
 12.48     -0.01062
 12.50     -0.00129
 12.52      0.00782
 12.54      0.01691
 12.56      0.02691
 12.58      0.02850
 12.60      0.02771
 12.62      0.02632
 12.64      0.02116
 12.66      0.00924
 12.68      0.00020
 12.70     -0.00850
 12.72     -0.01692
 12.74     -0.02533
 12.76     -0.03037
 12.78     -0.03354
 12.80     -0.03480
 12.82     -0.03527
 12.84     -0.03277
 12.86     -0.03037
 12.88     -0.02854
 12.90     -0.02757
 12.92     -0.02739
 12.94     -0.03038
 12.96     -0.03152
 12.98     -0.03236
 13.00     -0.03286
 13.02     -0.03209
 13.04     -0.02739
 13.06     -0.01948
 13.08     -0.01353
 13.10     -0.00330
 13.12      0.00640
 13.14      0.01032
 13.16      0.01403
 13.18      0.01755
 13.20      0.01322
 13.22      0.00572
 13.24      0.00137
 13.26     -0.00923
 13.28     -0.01928
 13.30     -0.02705
 13.32     -0.03390
 13.34     -0.04103
 13.36     -0.04710
 13.38     -0.05076
 13.40     -0.05285
 13.42     -0.05309
 13.44     -0.05332
 13.46     -0.05251
 13.48     -0.05141
 13.50     -0.05044
 13.52     -0.04751
 13.54     -0.04087
 13.56     -0.03210
 13.58     -0.02185
 13.60     -0.00910
 13.62      0.00755
 13.64      0.02535
 13.66      0.04039
 13.68      0.05457
 13.70      0.06819
 13.72      0.07652
 13.74      0.07983
 13.76      0.08012
 13.78      0.07542
 13.80      0.06384
 13.82      0.05037
 13.84      0.03661
 13.86      0.02447
 13.88      0.01083
 13.90      0.00145
 13.92     -0.00621
 13.94     -0.01093
 13.96     -0.01619
 13.98     -0.01436
 14.00     -0.01355
 14.02     -0.01593
 14.04     -0.01556
 14.06     -0.01212
 14.08     -0.01014
 14.10     -0.00514
 14.12      0.00470
 14.14      0.01358
 14.16      0.02512
 14.18      0.03724
 14.20      0.05045
 14.22      0.06388
 14.24      0.07420
 14.26      0.08360
 14.28      0.08853
 14.30      0.08738
 14.32      0.08330
 14.34      0.07346
 14.36      0.06091
 14.38      0.04828
 14.40      0.03940
 14.42      0.03043
 14.44      0.02530
 14.46      0.02124
 14.48      0.01950
 14.50      0.01755
 14.52      0.01443
 14.54      0.01225
 14.56      0.00818
 14.58      0.00292
 14.60     -0.00404
 14.62     -0.00997
 14.64     -0.01493
 14.66     -0.01968
 14.68     -0.02495
 14.70     -0.02721
 14.72     -0.02942
 14.74     -0.03105
 14.76     -0.03308
 14.78     -0.03487
 14.80     -0.03772
 14.82     -0.04015
 14.84     -0.04519
 14.86     -0.04819
 14.88     -0.04967
 14.90     -0.05415
 14.92     -0.05715
 14.94     -0.05954
 14.96     -0.06129
 14.98     -0.06357
 15.00     -0.06328
 15.02     -0.06396
 15.04     -0.06213
 15.06     -0.06028
 15.08     -0.05652
 15.10     -0.05256
 15.12     -0.04396
 15.14     -0.03593
 15.16     -0.02469
 15.18     -0.01261
 15.20      0.00004
 15.22      0.01322
 15.24      0.02579
 15.26      0.03776
 15.28      0.04470
 15.30      0.04991
 15.32      0.05063
 15.34      0.04867
 15.36      0.03796
 15.38      0.02733
 15.40      0.01504
 15.42      0.00164
 15.44     -0.01004
 15.46     -0.01885
 15.48     -0.02542
 15.50     -0.02953
 15.52     -0.03446
 15.54     -0.03716
 15.56     -0.03565
 15.58     -0.03307
 15.60     -0.02906
 15.62     -0.02231
 15.64     -0.01449
 15.66     -0.00758
 15.68      0.00265
 15.70      0.01302
 15.72      0.02488
 15.74      0.03483
 15.76      0.04416
 15.78      0.04830
 15.80      0.04989
 15.82      0.04733
 15.84      0.04366
 15.86      0.03842
 15.88      0.03235
 15.90      0.02758
 15.92      0.02256
 15.94      0.01808
 15.96      0.01389
 15.98      0.01300
 16.00      0.00920
 16.02      0.00634
 16.04      0.00424
 16.06      0.00203
 16.08     -0.00150
 16.10     -0.00235
 16.12     -0.00349
 16.14     -0.00347
 16.16     -0.00097
 16.18     -0.00108
 16.20     -0.00049
 16.22      0.00010
 16.24     -0.00023
 16.26     -0.00346
 16.28     -0.00410
 16.30     -0.00519
 16.32     -0.00689
 16.34     -0.00933
 16.36     -0.00950
 16.38     -0.00885
 16.40     -0.00958
 16.42     -0.01040
 16.44     -0.00882
 16.46     -0.00792
 16.48     -0.00633
 16.50     -0.00298
 16.52      0.00193
 16.54      0.00510
 16.56      0.00976
 16.58      0.01479
 16.60      0.02115
 16.62      0.02859
 16.64      0.03565
 16.66      0.04293
 16.68      0.04906
 16.70      0.04989
 16.72      0.05058
 16.74      0.04998
 16.76      0.04567
 16.78      0.03726
 16.80      0.03187
 16.82      0.02456
 16.84      0.01440
 16.86      0.00680
 16.88      0.00073
 16.90     -0.00712
 16.92     -0.01357
 16.94     -0.01768
 16.96     -0.02256
 16.98     -0.02484
 17.00     -0.02428
 17.02     -0.02345
 17.04     -0.02315
 17.06     -0.02149
 17.08     -0.01977
 17.10     -0.01797
 17.12     -0.01686
 17.14     -0.01527
 17.16     -0.01494
 17.18     -0.01523
 17.20     -0.01683
 17.22     -0.01855
 17.24     -0.01983
 17.26     -0.02200
 17.28     -0.02381
 17.30     -0.02427
 17.32     -0.02483
 17.34     -0.02630
 17.36     -0.02627
 17.38     -0.02686
 17.40     -0.02697
 17.42     -0.02750
 17.44     -0.02648
 17.46     -0.02483
 17.48     -0.02273
 17.50     -0.02153
 17.52     -0.01974
 17.54     -0.01712
 17.56     -0.01544
 17.58     -0.01228
 17.60     -0.01122
 17.62     -0.00941
 17.64     -0.00908
 17.66     -0.00852
 17.68     -0.00962
 17.70     -0.00778
 17.72     -0.00652
 17.74     -0.00366
 17.76     -0.00258
 17.78      0.00029
 17.80      0.00164
 17.82      0.00326
 17.84      0.00458
 17.86      0.00931
 17.88      0.01264
 17.90      0.01586
 17.92      0.02007
 17.94      0.02401
 17.96      0.02667
 17.98      0.02921
 18.00      0.03087
 18.02      0.03310
 18.04      0.03191
 18.06      0.02855
 18.08      0.02513
 18.10      0.02212
 18.12      0.01555
 18.14      0.01218
 18.16      0.00775
 18.18      0.00367
 18.20     -0.00090
 18.22     -0.00138
 18.24     -0.00230
 18.26     -0.00026
 18.28      0.00178
 18.30      0.00444
 18.32      0.00709
 18.34      0.00998
 18.36      0.01337
 18.38      0.01681
 18.40      0.02018
 18.42      0.02179
 18.44      0.02263
 18.46      0.02025
 18.48      0.01736
 18.50      0.01293
 18.52      0.00651
 18.54      0.00062
 18.56     -0.00231
 18.58     -0.00795
 18.60     -0.01189
 18.62     -0.01388
 18.64     -0.01451
 18.66     -0.01666
 18.68     -0.01558
 18.70     -0.01297
 18.72     -0.00963
 18.74     -0.00742
 18.76     -0.00412
 18.78     -0.00158
 18.80      0.00134
 18.82      0.00186
 18.84      0.00406
 18.86      0.00465
 18.88      0.00593
 18.90      0.00592
 18.92      0.00530
 18.94      0.00266
 18.96      0.00028
 18.98     -0.00259
 19.00     -0.00501
 19.02     -0.00640
 19.04     -0.00733
 19.06     -0.00610
 19.08     -0.00546
 19.10     -0.00582
 19.12     -0.00290
 19.14     -0.00012
 19.16      0.00285
 19.18      0.00599
 19.20      0.00913
 19.22      0.01095
 19.24      0.01119
 19.26      0.00942
 19.28      0.00774
 19.30      0.00492
 19.32      0.00163
 19.34     -0.00047
 19.36     -0.00338
 19.38     -0.00647
 19.40     -0.00736
 19.42     -0.00999
 19.44     -0.01143
 19.46     -0.01241
 19.48     -0.01258
 19.50     -0.01304
 19.52     -0.01277
 19.54     -0.01295
 19.56     -0.01166
 19.58     -0.01274
 19.60     -0.01213
 19.62     -0.01096
 19.64     -0.01105
 19.66     -0.01052
 19.68     -0.00805
 19.70     -0.00718
 19.72     -0.00558
 19.74     -0.00249
 19.76     -0.00243
 19.78     -0.00165
 19.80     -0.00164
 19.82     -0.00213
 19.84     -0.00223
 19.86     -0.00123
 19.88     -0.00015
 19.90      0.00063
 19.92      0.00022
 19.94     -0.00006
 19.96      0.00076
 19.98      0.00056
 20.00      0.00075
 20.02      0.00109
 20.04      0.00030
 20.06      0.00055
 20.08     -0.00076
 20.10     -0.00158
 20.12     -0.00104
 20.14     -0.00092
 20.16     -0.00191
 20.18     -0.00046
 20.20      0.00095
 20.22      0.00181
 20.24      0.00500
 20.26      0.00758
 20.28      0.00920
 20.30      0.01131
 20.32      0.01208
 20.34      0.01153
 20.36      0.01284
 20.38      0.01271
 20.40      0.01153
 20.42      0.01010
 20.44      0.00910
 20.46      0.00576
 20.48      0.00271
 20.50      0.00026
 20.52     -0.00149
 20.54     -0.00377
 20.56     -0.00584
 20.58     -0.00440
 20.60     -0.00517
 20.62     -0.00480
 20.64     -0.00451
 20.66     -0.00261
 20.68     -0.00293
 20.70     -0.00100
 20.72      0.00047
 20.74      0.00244
 20.76      0.00330
 20.78      0.00464
 20.80      0.00595
 20.82      0.00621
 20.84      0.00601
 20.86      0.00513
 20.88      0.00380
 20.90      0.00244
 20.92      0.00169
 20.94      0.00074
 20.96      0.00138
 20.98      0.00187
 21.00      0.00176
 21.02      0.00096
 21.04      0.00145
 21.06      0.00113
 21.08      0.00040
 21.10     -0.00005
 21.12      0.00000
 21.14     -0.00139
 21.16     -0.00087
 21.18      0.00064
 21.20     -0.00019
 21.22      0.00013
 21.24     -0.00025
 21.26     -0.00223
 21.28     -0.00325
 21.30     -0.00220
 21.32     -0.00208
 21.34     -0.00156
 21.36     -0.00005
 21.38      0.00088
 21.40      0.00096
 21.42      0.00138
 21.44      0.00240
 21.46      0.00174
 21.48      0.00050
 21.50      0.00060
 21.52      0.00014
 21.54     -0.00076
 21.56     -0.00168
 21.58     -0.00303
 21.60     -0.00320
 21.62     -0.00356
 21.64     -0.00370
 21.66     -0.00342
 21.68     -0.00292
 21.70     -0.00281
 21.72     -0.00190
 21.74     -0.00155
 21.76     -0.00041
 21.78      0.00087
 21.80      0.00041
 21.82     -0.00036
 21.84      0.00062
 21.86     -0.00030
 21.88     -0.00120
 21.90     -0.00106
 21.92     -0.00151
 21.94     -0.00372
 21.96     -0.00448
 21.98     -0.00512
 22.00     -0.00589
 22.02     -0.00687
 22.04     -0.00650
 22.06     -0.00698
 22.08     -0.00758
 22.10     -0.00773
 22.12     -0.00724
 22.14     -0.00708
 22.16     -0.00646
 22.18     -0.00588
 22.20     -0.00557
 22.22     -0.00528
 22.24     -0.00458
 22.26     -0.00337
 22.28     -0.00144
 22.30     -0.00081
 22.32      0.00082
 22.34      0.00187
 22.36      0.00200
 22.38      0.00283
 22.40      0.00417
 22.42      0.00481
 22.44      0.00524
 22.46      0.00643
 22.48      0.00604
 22.50      0.00605
 22.52      0.00611
 22.54      0.00624
 22.56      0.00545
 22.58      0.00508
 22.60      0.00461
 22.62      0.00362
 22.64      0.00325
 22.66      0.00347
 22.68      0.00254
 22.70      0.00186
 22.72      0.00137
 22.74      0.00072
 22.76      0.00049
 22.78      0.00125
 22.80      0.00195
 22.82      0.00254
 22.84      0.00273
 22.86      0.00189
 22.88      0.00082
 22.90     -0.00019
 22.92     -0.00104
 22.94     -0.00180
 22.96     -0.00225
 22.98     -0.00227
 23.00     -0.00245
 23.02     -0.00261
 23.04     -0.00284
 23.06     -0.00293
 23.08     -0.00337
 23.10     -0.00301
 23.12     -0.00289
 23.14     -0.00276
 23.16     -0.00215
 23.18     -0.00186
 23.20     -0.00219
 23.22     -0.00254
 23.24     -0.00231
 23.26     -0.00265
 23.28     -0.00209
 23.30     -0.00072
 23.32      0.00035
 23.34      0.00089
 23.36      0.00218
 23.38      0.00198
 23.40      0.00142
 23.42      0.00149
 23.44      0.00174
 23.46      0.00109
 23.48      0.00159
 23.50      0.00156
 23.52      0.00165
 23.54      0.00122
 23.56      0.00144
 23.58      0.00149
 23.60      0.00178
 23.62      0.00144
 23.64      0.00115
 23.66      0.00102
 23.68      0.00126
 23.70      0.00044
 23.72      0.00013
 23.74      0.00029
 23.76      0.00026
 23.78     -0.00000
 23.80     -0.00008
 23.82      0.00022
 23.84      0.00019
 23.86     -0.00034
 23.88     -0.00065
 23.90     -0.00030
 23.92     -0.00088
 23.94     -0.00105
 23.96     -0.00122
 23.98     -0.00173
 24.00     -0.00178
 24.02     -0.00185
 24.04     -0.00193
 24.06     -0.00186
 24.08     -0.00169
 24.10     -0.00216
 24.12     -0.00225
 24.14     -0.00230
 24.16     -0.00213
 24.18     -0.00229
 24.20     -0.00225
 24.22     -0.00240
 24.24     -0.00282
 24.26     -0.00281
 24.28     -0.00252
 24.30     -0.00219
 24.32     -0.00197
 24.34     -0.00174
 24.36     -0.00190
 24.38     -0.00168
 24.40     -0.00204
 24.42     -0.00152
 24.44     -0.00118
 24.46     -0.00114
 24.48     -0.00157
 24.50     -0.00119
 24.52     -0.00142
 24.54     -0.00167
 24.56     -0.00143
 24.58     -0.00135
 24.60     -0.00133
 24.62     -0.00165
 24.64     -0.00172
 24.66     -0.00137
 24.68     -0.00092
 24.70     -0.00093
 24.72     -0.00028
 24.74      0.00023
 24.76     -0.00024
 24.78     -0.00039
 24.80     -0.00030
 24.82     -0.00036
 24.84     -0.00042
 24.86     -0.00001
 24.88      0.00004
 24.90      0.00011
 24.92     -0.00015
 24.94     -0.00012
 24.96     -0.00032
 24.98     -0.00021
 25.00     -0.00007
 25.02      0.00039
 25.04      0.00045
 25.06      0.00066
 25.08      0.00114
 25.10      0.00119
 25.12      0.00150
 25.14      0.00139
 25.16      0.00108
 25.18      0.00076
 25.20      0.00015
 25.22     -0.00048
 25.24     -0.00055
 25.26     -0.00051
 25.28     -0.00051
 25.30     -0.00003
 25.32      0.00014
 25.34      0.00036
 25.36      0.00025
 25.38      0.00001
 25.40     -0.00006
 25.42     -0.00035
 25.44     -0.00044
 25.46     -0.00033
 25.48     -0.00027
 25.50     -0.00038
 25.52     -0.00036
 25.54     -0.00034
 25.56     -0.00041
 25.58     -0.00044
 25.60     -0.00041
 25.62     -0.00022
 25.64     -0.00021
 25.66     -0.00020
 25.68     -0.00009
 25.70     -0.00001
 25.72     -0.00011
 25.74     -0.00006
 25.76      0.00017
 25.78      0.00004
 25.80      0.00016
 25.82      0.00042
 25.84      0.00033
 25.86      0.00052
 25.88      0.00029
 25.90      0.00026
 25.92      0.00003
 25.94     -0.00017
 25.96     -0.00038
 25.98     -0.00021
 26.00     -0.00053
 26.02     -0.00026
 26.04      0.00000
 26.06     -0.00027
 26.08     -0.00024
 26.10      0.00013
 26.12     -0.00002
 26.14     -0.00022
 26.16     -0.00004
 26.18     -0.00004
 26.20     -0.00030
 26.22     -0.00052
 26.24     -0.00046
 26.26     -0.00069
 26.28     -0.00075
 26.30     -0.00086
 26.32     -0.00091
 26.34     -0.00101
 26.36     -0.00119
 26.38     -0.00134
 26.40     -0.00126
 26.42     -0.00128
 26.44     -0.00134
 26.46     -0.00120
 26.48     -0.00114
 26.50     -0.00134
 26.52     -0.00136
 26.54     -0.00131
 26.56     -0.00125
 26.58     -0.00110
 26.60     -0.00112
 26.62     -0.00102
 26.64     -0.00115
 26.66     -0.00101
 26.68     -0.00133
 26.70     -0.00126
 26.72     -0.00117
 26.74     -0.00097
 26.76     -0.00108
 26.78     -0.00094
 26.80     -0.00098
 26.82     -0.00103
 26.84     -0.00118
 26.86     -0.00119
 26.88     -0.00125
 26.90     -0.00122
 26.92     -0.00122
 26.94     -0.00119
 26.96     -0.00105
 26.98     -0.00091
 27.00     -0.00083
 27.02     -0.00072
 27.04     -0.00061
 27.06     -0.00062
 27.08     -0.00074
 27.10     -0.00066
 27.12     -0.00070
 27.14     -0.00073
 27.16     -0.00071
 27.18     -0.00058
 27.20     -0.00063
 27.22     -0.00065
 27.24     -0.00056
 27.26     -0.00062
 27.28     -0.00055
 27.30     -0.00049
 27.32     -0.00048
 27.34     -0.00052
 27.36     -0.00063
 27.38     -0.00075
 27.40     -0.00071
 27.42     -0.00076
 27.44     -0.00070
 27.46     -0.00067
 27.48     -0.00065
 27.50     -0.00071
 27.52     -0.00062
 27.54     -0.00071
 27.56     -0.00059
 27.58     -0.00054
 27.60     -0.00050
 27.62     -0.00050
 27.64     -0.00043
 27.66     -0.00040
 27.68     -0.00030
 27.70     -0.00027
 27.72     -0.00023
 27.74     -0.00021
 27.76     -0.00023
 27.78     -0.00024
 27.80     -0.00023
 27.82     -0.00020
 27.84     -0.00016
 27.86     -0.00017
 27.88     -0.00014
 27.90     -0.00022
 27.92     -0.00021
 27.94     -0.00022
 27.96     -0.00020
 27.98     -0.00020
 28.00     -0.00002
 28.02     -0.00009
 28.04     -0.00010
 28.06     -0.00007
 28.08      0.00003
 28.10     -0.00002
 28.12      0.00000
 28.14      0.00002
 28.16     -0.00005
 28.18     -0.00016
 28.20     -0.00015
 28.22     -0.00019
 28.24     -0.00019
 28.26     -0.00006
 28.28      0.00005
 28.30      0.00002
 28.32      0.00015
 28.34      0.00017
 28.36      0.00013
 28.38      0.00004
 28.40      0.00003
 28.42      0.00004
 28.44      0.00005
 28.46      0.00006
 28.48      0.00000
 28.50      0.00001
 28.52     -0.00009
 28.54     -0.00008
 28.56     -0.00013
 28.58     -0.00003
 28.60     -0.00004
 28.62     -0.00004
 28.64     -0.00013
 28.66     -0.00017
 28.68     -0.00025
 28.70     -0.00028
 28.72     -0.00026
 28.74     -0.00021
 28.76     -0.00012
 28.78     -0.00012
 28.80     -0.00016
 28.82     -0.00015
 28.84     -0.00018
 28.86     -0.00028
 28.88     -0.00026
 28.90     -0.00030
 28.92     -0.00037
 28.94     -0.00034
 28.96     -0.00032
 28.98     -0.00038
 29.00     -0.00036
 29.02     -0.00037
 29.04     -0.00041
 29.06     -0.00036
 29.08     -0.00036
 29.10     -0.00035
 29.12     -0.00033
 29.14     -0.00035
 29.16     -0.00036
 29.18     -0.00032
 29.20     -0.00033
 29.22     -0.00037
 29.24     -0.00033
 29.26     -0.00036
 29.28     -0.00040
 29.30     -0.00038
 29.32     -0.00034
 29.34     -0.00037
 29.36     -0.00039
 29.38     -0.00037
 29.40     -0.00038
 29.42     -0.00042
 29.44     -0.00043
 29.46     -0.00041
 29.48     -0.00045
 29.50     -0.00045
 29.52     -0.00040
 29.54     -0.00042
 29.56     -0.00040
 29.58     -0.00035
 29.60     -0.00034
 29.62     -0.00036
 29.64     -0.00035
 29.66     -0.00037
 29.68     -0.00038
 29.70     -0.00040
 29.72     -0.00038
 29.74     -0.00038
 29.76     -0.00036
 29.78     -0.00036
 29.80     -0.00037
 29.82     -0.00038
 29.84     -0.00035
 29.86     -0.00036
 29.88     -0.00035
 29.90     -0.00034
 29.92     -0.00033
 29.94     -0.00034
 29.96     -0.00031
 29.98     -0.00031
 30.00     -0.00030
