 #r(A)        G(r)
  0.02      0.00000
  0.04      0.00000
  0.06      0.00000
  0.08      0.00000
  0.10      0.00000
  0.12      0.00000
  0.14      0.00000
  0.16     -0.00000
  0.18     -0.00000
  0.20     -0.00000
  0.22     -0.00000
  0.24     -0.00000
  0.26     -0.00000
  0.28     -0.00000
  0.30     -0.00001
  0.32     -0.00001
  0.34     -0.00001
  0.36     -0.00002
  0.38     -0.00002
  0.40     -0.00003
  0.42     -0.00004
  0.44     -0.00005
  0.46     -0.00006
  0.48     -0.00008
  0.50     -0.00009
  0.52     -0.00011
  0.54     -0.00013
  0.56     -0.00016
  0.58     -0.00019
  0.60     -0.00022
  0.62     -0.00027
  0.64     -0.00034
  0.66     -0.00043
  0.68     -0.00055
  0.70     -0.00071
  0.72     -0.00092
  0.74     -0.00118
  0.76     -0.00148
  0.78     -0.00181
  0.80     -0.00219
  0.82     -0.00259
  0.84     -0.00301
  0.86     -0.00345
  0.88     -0.00389
  0.90     -0.00434
  0.92     -0.00479
  0.94     -0.00525
  0.96     -0.00570
  0.98     -0.00616
  1.00     -0.00661
  1.02     -0.00707
  1.04     -0.00753
  1.06     -0.00798
  1.08     -0.00844
  1.10     -0.00890
  1.12     -0.00936
  1.14     -0.00982
  1.16     -0.01027
  1.18     -0.01073
  1.20     -0.01119
  1.22     -0.01165
  1.24     -0.01211
  1.26     -0.01257
  1.28     -0.01303
  1.30     -0.01349
  1.32     -0.01395
  1.34     -0.01441
  1.36     -0.01487
  1.38     -0.01534
  1.40     -0.01580
  1.42     -0.01626
  1.44     -0.01672
  1.46     -0.01719
  1.48     -0.01765
  1.50     -0.01811
  1.52     -0.01858
  1.54     -0.01904
  1.56     -0.01950
  1.58     -0.01997
  1.60     -0.02043
  1.62     -0.02090
  1.64     -0.02137
  1.66     -0.02183
  1.68     -0.02230
  1.70     -0.02278
  1.72     -0.02325
  1.74     -0.02373
  1.76     -0.02421
  1.78     -0.02470
  1.80     -0.02520
  1.82     -0.02570
  1.84     -0.02621
  1.86     -0.02674
  1.88     -0.02728
  1.90     -0.02782
  1.92     -0.02838
  1.94     -0.02895
  1.96     -0.02953
  1.98     -0.03012
  2.00     -0.03071
  2.02     -0.03131
  2.04     -0.03191
  2.06     -0.03252
  2.08     -0.03312
  2.10     -0.03373
  2.12     -0.03417
  2.14     -0.03471
  2.16     -0.03515
  2.18     -0.03543
  2.20     -0.03549
  2.22     -0.03544
  2.24     -0.03508
  2.26     -0.03430
  2.28     -0.03410
  2.30     -0.03324
  2.32     -0.03270
  2.34     -0.03193
  2.36     -0.03116
  2.38     -0.03022
  2.40     -0.02977
  2.42     -0.02843
  2.44     -0.02751
  2.46     -0.02715
  2.48     -0.02660
  2.50     -0.02549
  2.52     -0.02087
  2.54     -0.01732
  2.56     -0.00734
  2.58      0.01430
  2.60      0.04180
  2.62      0.08439
  2.64      0.13707
  2.66      0.21027
  2.68      0.27769
  2.70      0.33489
  2.72      0.37380
  2.74      0.39231
  2.76      0.37658
  2.78      0.33905
  2.80      0.28690
  2.82      0.22144
  2.84      0.16039
  2.86      0.09750
  2.88      0.04612
  2.90      0.01162
  2.92     -0.01219
  2.94     -0.03038
  2.96     -0.04004
  2.98     -0.04464
  3.00     -0.04844
  3.02     -0.05059
  3.04     -0.05173
  3.06     -0.05233
  3.08     -0.05308
  3.10     -0.05349
  3.12     -0.05394
  3.14     -0.05413
  3.16     -0.05379
  3.18     -0.05388
  3.20     -0.05381
  3.22     -0.05385
  3.24     -0.05363
  3.26     -0.05401
  3.28     -0.05423
  3.30     -0.05442
  3.32     -0.05454
  3.34     -0.05484
  3.36     -0.05492
  3.38     -0.05529
  3.40     -0.05577
  3.42     -0.05644
  3.44     -0.05650
  3.46     -0.05685
  3.48     -0.05687
  3.50     -0.05677
  3.52     -0.05674
  3.54     -0.05672
  3.56     -0.05645
  3.58     -0.05575
  3.60     -0.05452
  3.62     -0.05240
  3.64     -0.05087
  3.66     -0.04758
  3.68     -0.04472
  3.70     -0.04039
  3.72     -0.03247
  3.74     -0.02413
  3.76     -0.01628
  3.78     -0.00353
  3.80      0.01000
  3.82      0.02234
  3.84      0.03271
  3.86      0.04354
  3.88      0.04604
  3.90      0.04696
  3.92      0.04178
  3.94      0.03611
  3.96      0.02737
  3.98      0.01716
  4.00      0.00073
  4.02     -0.01205
  4.04     -0.02490
  4.06     -0.03629
  4.08     -0.04308
  4.10     -0.04601
  4.12     -0.04948
  4.14     -0.05123
  4.16     -0.05324
  4.18     -0.05507
  4.20     -0.05546
  4.22     -0.05638
  4.24     -0.05696
  4.26     -0.05753
  4.28     -0.05741
  4.30     -0.05776
  4.32     -0.05745
  4.34     -0.05676
  4.36     -0.05537
  4.38     -0.05500
  4.40     -0.05469
  4.42     -0.05397
  4.44     -0.05282
  4.46     -0.05123
  4.48     -0.04954
  4.50     -0.04478
  4.52     -0.04025
  4.54     -0.03385
  4.56     -0.02496
  4.58     -0.00899
  4.60      0.00704
  4.62      0.03102
  4.64      0.05848
  4.66      0.09728
  4.68      0.13311
  4.70      0.17837
  4.72      0.22006
  4.74      0.25857
  4.76      0.27774
  4.78      0.28402
  4.80      0.26670
  4.82      0.23465
  4.84      0.19272
  4.86      0.15200
  4.88      0.10967
  4.90      0.07135
  4.92      0.04072
  4.94      0.01178
  4.96     -0.01478
  4.98     -0.03218
  5.00     -0.04267
  5.02     -0.05165
  5.04     -0.05631
  5.06     -0.05961
  5.08     -0.06155
  5.10     -0.06323
  5.12     -0.06400
  5.14     -0.06414
  5.16     -0.06500
  5.18     -0.06504
  5.20     -0.06540
  5.22     -0.06481
  5.24     -0.06369
  5.26     -0.06111
  5.28     -0.05881
  5.30     -0.05345
  5.32     -0.04875
  5.34     -0.04052
  5.36     -0.03047
  5.38     -0.01598
  5.40     -0.00201
  5.42      0.01329
  5.44      0.02702
  5.46      0.04013
  5.48      0.04831
  5.50      0.05378
  5.52      0.05702
  5.54      0.05311
  5.56      0.04439
  5.58      0.03201
  5.60      0.01697
  5.62     -0.00021
  5.64     -0.01279
  5.66     -0.02582
  5.68     -0.03859
  5.70     -0.04978
  5.72     -0.05806
  5.74     -0.06583
  5.76     -0.07183
  5.78     -0.07305
  5.80     -0.07243
  5.82     -0.07183
  5.84     -0.07079
  5.86     -0.06763
  5.88     -0.06536
  5.90     -0.06058
  5.92     -0.05462
  5.94     -0.04843
  5.96     -0.03898
  5.98     -0.02733
  6.00     -0.01190
  6.02      0.00185
  6.04      0.02045
  6.06      0.04027
  6.08      0.06182
  6.10      0.07753
  6.12      0.09842
  6.14      0.11310
  6.16      0.11999
  6.18      0.11990
  6.20      0.11368
  6.22      0.10205
  6.24      0.08431
  6.26      0.06758
  6.28      0.04548
  6.30      0.02687
  6.32      0.00385
  6.34     -0.01355
  6.36     -0.02998
  6.38     -0.04082
  6.40     -0.05070
  6.42     -0.05596
  6.44     -0.05960
  6.46     -0.06368
  6.48     -0.06466
  6.50     -0.06452
  6.52     -0.06346
  6.54     -0.06255
  6.56     -0.05938
  6.58     -0.05622
  6.60     -0.05153
  6.62     -0.04675
  6.64     -0.04024
  6.66     -0.03365
  6.68     -0.02639
  6.70     -0.02088
  6.72     -0.01112
  6.74     -0.00812
  6.76     -0.00335
  6.78     -0.00306
  6.80     -0.00454
  6.82     -0.01208
  6.84     -0.01630
  6.86     -0.02588
  6.88     -0.03306
  6.90     -0.03870
  6.92     -0.04424
  6.94     -0.04718
  6.96     -0.04868
  6.98     -0.04833
  7.00     -0.04743
  7.02     -0.04332
  7.04     -0.04074
  7.06     -0.03558
  7.08     -0.02745
  7.10     -0.01427
  7.12     -0.00061
  7.14      0.01695
  7.16      0.04153
  7.18      0.07096
  7.20      0.09782
  7.22      0.12569
  7.24      0.15611
  7.26      0.18034
  7.28      0.19635
  7.30      0.20239
  7.32      0.20445
  7.34      0.19516
  7.36      0.17697
  7.38      0.14903
  7.40      0.12166
  7.42      0.08872
  7.44      0.05729
  7.46      0.02849
  7.48      0.00519
  7.50     -0.01462
  7.52     -0.02888
  7.54     -0.04232
  7.56     -0.05233
  7.58     -0.05809
  7.60     -0.06134
  7.62     -0.06417
  7.64     -0.06421
  7.66     -0.06202
  7.68     -0.06148
  7.70     -0.05958
  7.72     -0.05769
  7.74     -0.05569
  7.76     -0.05540
  7.78     -0.05351
  7.80     -0.05079
  7.82     -0.04949
  7.84     -0.04886
  7.86     -0.04902
  7.88     -0.04989
  7.90     -0.05228
  7.92     -0.05417
  7.94     -0.05554
  7.96     -0.05640
  7.98     -0.05700
  8.00     -0.05617
  8.02     -0.05544
  8.04     -0.05285
  8.06     -0.04712
  8.08     -0.04009
  8.10     -0.03124
  8.12     -0.01777
  8.14     -0.00375
  8.16      0.01069
  8.18      0.02572
  8.20      0.03804
  8.22      0.04790
  8.24      0.05771
  8.26      0.06566
  8.28      0.07246
  8.30      0.07771
  8.32      0.07444
  8.34      0.06767
  8.36      0.05668
  8.38      0.04017
  8.40      0.02361
  8.42      0.01310
  8.44      0.00126
  8.46     -0.00856
  8.48     -0.01486
  8.50     -0.02073
  8.52     -0.02542
  8.54     -0.02671
  8.56     -0.02528
  8.58     -0.02265
  8.60     -0.01856
  8.62     -0.01222
  8.64     -0.00491
  8.66      0.00076
  8.68      0.00707
  8.70      0.01361
  8.72      0.01793
  8.74      0.01801
  8.76      0.01781
  8.78      0.01634
  8.80      0.01321
  8.82      0.00691
  8.84      0.00210
  8.86     -0.00770
  8.88     -0.01589
  8.90     -0.02521
  8.92     -0.03089
  8.94     -0.03682
  8.96     -0.03415
  8.98     -0.03392
  9.00     -0.02999
  9.02     -0.02612
  9.04     -0.01974
  9.06     -0.01436
  9.08     -0.00599
  9.10      0.00284
  9.12      0.00887
  9.14      0.01512
  9.16      0.01931
  9.18      0.01894
  9.20      0.01773
  9.22      0.01461
  9.24      0.01008
  9.26      0.00296
  9.28     -0.00310
  9.30     -0.01051
  9.32     -0.01612
  9.34     -0.02209
  9.36     -0.02629
  9.38     -0.02832
  9.40     -0.02931
  9.42     -0.02690
  9.44     -0.02482
  9.46     -0.02129
  9.48     -0.01447
  9.50     -0.00950
  9.52     -0.00555
  9.54     -0.00026
  9.56      0.00318
  9.58      0.00256
  9.60      0.00288
  9.62      0.00249
  9.64      0.00289
  9.66      0.00096
  9.68     -0.00217
  9.70     -0.00516
  9.72     -0.00546
  9.74     -0.00555
  9.76     -0.00108
  9.78      0.00750
  9.80      0.01883
  9.82      0.03045
  9.84      0.04224
  9.86      0.05805
  9.88      0.07014
  9.90      0.08400
  9.92      0.09294
  9.94      0.10098
  9.96      0.10540
  9.98      0.10687
 10.00      0.10085
 10.02      0.09583
 10.04      0.08592
 10.06      0.06916
 10.08      0.05240
 10.10      0.03342
 10.12      0.01508
 10.14     -0.00283
 10.16     -0.01915
 10.18     -0.03262
 10.20     -0.04298
 10.22     -0.05218
 10.24     -0.05815
 10.26     -0.06258
 10.28     -0.06567
 10.30     -0.06709
 10.32     -0.06745
 10.34     -0.06825
 10.36     -0.06690
 10.38     -0.06517
 10.40     -0.06246
 10.42     -0.05950
 10.44     -0.05588
 10.46     -0.05116
 10.48     -0.04630
 10.50     -0.03970
 10.52     -0.03238
 10.54     -0.02543
 10.56     -0.01827
 10.58     -0.01049
 10.60     -0.00081
 10.62      0.00736
 10.64      0.01850
 10.66      0.02759
 10.68      0.03721
 10.70      0.04265
 10.72      0.04455
 10.74      0.04443
 10.76      0.04090
 10.78      0.03448
 10.80      0.02548
 10.82      0.01947
 10.84      0.01074
 10.86      0.00628
 10.88      0.00013
 10.90     -0.00377
 10.92     -0.01041
 10.94     -0.01466
 10.96     -0.01892
 10.98     -0.02158
 11.00     -0.02442
 11.02     -0.02465
 11.04     -0.02548
 11.06     -0.02577
 11.08     -0.02533
 11.10     -0.02411
 11.12     -0.02316
 11.14     -0.02218
 11.16     -0.02174
 11.18     -0.02094
 11.20     -0.01937
 11.22     -0.01697
 11.24     -0.01160
 11.26     -0.00935
 11.28     -0.00470
 11.30     -0.00252
 11.32      0.00463
 11.34      0.00874
 11.36      0.01403
 11.38      0.01946
 11.40      0.02410
 11.42      0.02435
 11.44      0.02293
 11.46      0.01929
 11.48      0.01511
 11.50      0.01193
 11.52      0.00650
 11.54      0.00262
 11.56     -0.00029
 11.58     -0.00508
 11.60     -0.01007
 11.62     -0.01215
 11.64     -0.01475
 11.66     -0.01242
 11.68     -0.00955
 11.70     -0.00492
 11.72     -0.00243
 11.74      0.00057
 11.76      0.00306
 11.78      0.00435
 11.80      0.00605
 11.82      0.00727
 11.84      0.00987
 11.86      0.01124
 11.88      0.01413
 11.90      0.01457
 11.92      0.02075
 11.94      0.02326
 11.96      0.02643
 11.98      0.03170
 12.00      0.03737
 12.02      0.04296
 12.04      0.04892
 12.06      0.05307
 12.08      0.05088
 12.10      0.04983
 12.12      0.04181
 12.14      0.03479
 12.16      0.02519
 12.18      0.01940
 12.20      0.01084
 12.22      0.00343
 12.24     -0.00430
 12.26     -0.00940
 12.28     -0.01456
 12.30     -0.01756
 12.32     -0.01998
 12.34     -0.01989
 12.36     -0.02023
 12.38     -0.01955
 12.40     -0.01949
 12.42     -0.01862
 12.44     -0.01889
 12.46     -0.01833
 12.48     -0.02063
 12.50     -0.02092
 12.52     -0.02191
 12.54     -0.01963
 12.56     -0.01895
 12.58     -0.01548
 12.60     -0.01293
 12.62     -0.00808
 12.64     -0.00812
 12.66     -0.00743
 12.68     -0.00635
 12.70     -0.00542
 12.72     -0.00723
 12.74     -0.00655
 12.76     -0.00613
 12.78     -0.00675
 12.80     -0.00831
 12.82     -0.00794
 12.84     -0.00793
 12.86     -0.00842
 12.88     -0.00944
 12.90     -0.00900
 12.92     -0.00875
 12.94     -0.00911
 12.96     -0.00819
 12.98     -0.00812
 13.00     -0.00714
 13.02     -0.00674
 13.04     -0.00576
 13.06     -0.00415
 13.08     -0.00255
 13.10     -0.00157
 13.12     -0.00120
 13.14      0.00048
 13.16      0.00346
 13.18      0.00582
 13.20      0.00838
 13.22      0.01058
 13.24      0.01127
 13.26      0.00988
 13.28      0.00983
 13.30      0.00973
 13.32      0.01159
 13.34      0.01085
 13.36      0.01105
 13.38      0.00951
 13.40      0.00547
 13.42     -0.00183
 13.44     -0.00437
 13.46     -0.00939
 13.48     -0.01385
 13.50     -0.01650
 13.52     -0.01648
 13.54     -0.01630
 13.56     -0.01705
 13.58     -0.01562
 13.60     -0.01300
 13.62     -0.01209
 13.64     -0.01231
 13.66     -0.00937
 13.68     -0.00457
 13.70     -0.00238
 13.72      0.00210
 13.74      0.00674
 13.76      0.01204
 13.78      0.01557
 13.80      0.01991
 13.82      0.02216
 13.84      0.02596
 13.86      0.02760
 13.88      0.02676
 13.90      0.02556
 13.92      0.02449
 13.94      0.02074
 13.96      0.01487
 13.98      0.00984
 14.00      0.00397
 14.02     -0.00127
 14.04     -0.00768
 14.06     -0.01045
 14.08     -0.01507
 14.10     -0.01599
 14.12     -0.01909
 14.14     -0.01923
 14.16     -0.01870
 14.18     -0.01609
 14.20     -0.01517
 14.22     -0.01090
 14.24     -0.00548
 14.26     -0.00163
 14.28      0.00409
 14.30      0.01131
 14.32      0.01669
 14.34      0.01844
 14.36      0.02341
 14.38      0.02778
 14.40      0.02911
 14.42      0.03298
 14.44      0.03368
 14.46      0.03306
 14.48      0.02983
 14.50      0.02834
 14.52      0.02356
 14.54      0.02342
 14.56      0.01873
 14.58      0.01717
 14.60      0.01359
 14.62      0.01222
 14.64      0.00807
 14.66      0.00560
 14.68      0.00220
 14.70     -0.00211
 14.72     -0.00601
 14.74     -0.01120
 14.76     -0.01355
 14.78     -0.01622
 14.80     -0.01744
 14.82     -0.02049
 14.84     -0.02012
 14.86     -0.02009
 14.88     -0.01945
 14.90     -0.01868
 14.92     -0.01866
 14.94     -0.01970
 14.96     -0.02171
 14.98     -0.02384
 15.00     -0.02528
 15.02     -0.02540
 15.04     -0.02479
 15.06     -0.02521
 15.08     -0.02612
 15.10     -0.02627
 15.12     -0.02619
 15.14     -0.02592
 15.16     -0.02534
 15.18     -0.02443
 15.20     -0.02286
 15.22     -0.02026
 15.24     -0.01805
 15.26     -0.01363
 15.28     -0.00971
 15.30     -0.00542
 15.32     -0.00241
 15.34      0.00071
 15.36      0.00317
 15.38      0.00525
 15.40      0.00735
 15.42      0.00970
 15.44      0.01448
 15.46      0.01589
 15.48      0.01913
 15.50      0.01754
 15.52      0.01606
 15.54      0.01314
 15.56      0.01367
 15.58      0.01093
 15.60      0.00996
 15.62      0.00943
 15.64      0.00817
 15.66      0.00548
 15.68      0.00383
 15.70      0.00337
 15.72      0.00264
 15.74      0.00392
 15.76      0.00667
 15.78      0.00747
 15.80      0.00983
 15.82      0.01373
 15.84      0.01559
 15.86      0.01591
 15.88      0.01901
 15.90      0.02206
 15.92      0.02457
 15.94      0.02496
 15.96      0.02462
 15.98      0.02372
 16.00      0.02230
 16.02      0.01786
 16.04      0.01454
 16.06      0.01268
 16.08      0.01065
 16.10      0.00672
 16.12      0.00453
 16.14      0.00258
 16.16     -0.00087
 16.18     -0.00485
 16.20     -0.00592
 16.22     -0.00745
 16.24     -0.00848
 16.26     -0.00881
 16.28     -0.00871
 16.30     -0.00969
 16.32     -0.01031
 16.34     -0.01052
 16.36     -0.01037
 16.38     -0.01045
 16.40     -0.00990
 16.42     -0.01047
 16.44     -0.01057
 16.46     -0.00939
 16.48     -0.00833
 16.50     -0.00780
 16.52     -0.00616
 16.54     -0.00410
 16.56     -0.00282
 16.58     -0.00146
 16.60     -0.00036
 16.62      0.00155
 16.64      0.00145
 16.66      0.00118
 16.68      0.00259
 16.70      0.00445
 16.72      0.00362
 16.74      0.00321
 16.76      0.00349
 16.78      0.00447
 16.80      0.00255
 16.82      0.00360
 16.84      0.00472
 16.86      0.00445
 16.88      0.00358
 16.90      0.00344
 16.92      0.00211
 16.94     -0.00003
 16.96     -0.00119
 16.98     -0.00315
 17.00     -0.00530
 17.02     -0.00783
 17.04     -0.00856
 17.06     -0.01007
 17.08     -0.01097
 17.10     -0.01144
 17.12     -0.01093
 17.14     -0.00992
 17.16     -0.01022
 17.18     -0.01125
 17.20     -0.01170
 17.22     -0.01176
 17.24     -0.01256
 17.26     -0.01137
 17.28     -0.00946
 17.30     -0.00759
 17.32     -0.00649
 17.34     -0.00540
 17.36     -0.00479
 17.38     -0.00469
 17.40     -0.00291
 17.42     -0.00182
 17.44     -0.00042
 17.46      0.00092
 17.48      0.00132
 17.50     -0.00003
 17.52      0.00149
 17.54      0.00036
 17.56      0.00075
 17.58      0.00213
 17.60      0.00380
 17.62      0.00164
 17.64      0.00315
 17.66      0.00424
 17.68      0.00357
 17.70      0.00377
 17.72      0.00434
 17.74      0.00462
 17.76      0.00337
 17.78      0.00414
 17.80      0.00362
 17.82      0.00463
 17.84      0.00556
 17.86      0.00657
 17.88      0.00714
 17.90      0.00840
 17.92      0.00979
 17.94      0.01132
 17.96      0.01117
 17.98      0.01118
 18.00      0.01089
 18.02      0.00949
 18.04      0.00758
 18.06      0.00890
 18.08      0.01014
 18.10      0.01040
 18.12      0.01088
 18.14      0.00965
 18.16      0.00784
 18.18      0.00715
 18.20      0.00622
 18.22      0.00554
 18.24      0.00763
 18.26      0.00835
 18.28      0.00655
 18.30      0.00479
 18.32      0.00387
 18.34      0.00212
 18.36      0.00130
 18.38      0.00190
 18.40      0.00346
 18.42      0.00377
 18.44      0.00298
 18.46      0.00296
 18.48      0.00211
 18.50      0.00234
 18.52      0.00233
 18.54      0.00241
 18.56      0.00104
 18.58      0.00195
 18.60      0.00078
 18.62     -0.00002
 18.64      0.00033
 18.66      0.00058
 18.68     -0.00168
 18.70     -0.00120
 18.72     -0.00271
 18.74     -0.00535
 18.76     -0.00697
 18.78     -0.00773
 18.80     -0.01173
 18.82     -0.01241
 18.84     -0.01185
 18.86     -0.01303
 18.88     -0.01318
 18.90     -0.01082
 18.92     -0.00862
 18.94     -0.00906
 18.96     -0.00660
 18.98     -0.00485
 19.00     -0.00467
 19.02     -0.00521
 19.04     -0.00409
 19.06     -0.00376
 19.08     -0.00540
 19.10     -0.00381
 19.12     -0.00322
 19.14     -0.00286
 19.16     -0.00224
 19.18     -0.00088
 19.20     -0.00169
 19.22     -0.00043
 19.24     -0.00022
 19.26     -0.00180
 19.28     -0.00002
 19.30     -0.00074
 19.32     -0.00166
 19.34     -0.00244
 19.36     -0.00168
 19.38     -0.00312
 19.40     -0.00169
 19.42     -0.00232
 19.44     -0.00175
 19.46     -0.00127
 19.48     -0.00115
 19.50     -0.00188
 19.52     -0.00258
 19.54     -0.00323
 19.56     -0.00461
 19.58     -0.00695
 19.60     -0.00749
 19.62     -0.00761
 19.64     -0.00909
 19.66     -0.00961
 19.68     -0.00835
 19.70     -0.00871
 19.72     -0.00892
 19.74     -0.00763
 19.76     -0.00657
 19.78     -0.00617
 19.80     -0.00387
 19.82     -0.00150
 19.84      0.00033
 19.86      0.00237
 19.88      0.00377
 19.90      0.00346
 19.92      0.00483
 19.94      0.00590
 19.96      0.00605
 19.98      0.00670
 20.00      0.00892
 20.02      0.01046
 20.04      0.01256
 20.06      0.01464
 20.08      0.01639
 20.10      0.01774
 20.12      0.01738
 20.14      0.01615
 20.16      0.01565
 20.18      0.01546
 20.20      0.01432
 20.22      0.01270
 20.24      0.01218
 20.26      0.01133
 20.28      0.01068
 20.30      0.01050
 20.32      0.01050
 20.34      0.01045
 20.36      0.01037
 20.38      0.00935
 20.40      0.00811
 20.42      0.00787
 20.44      0.00736
 20.46      0.00602
 20.48      0.00605
 20.50      0.00467
 20.52      0.00445
 20.54      0.00341
 20.56      0.00296
 20.58      0.00006
 20.60     -0.00194
 20.62     -0.00401
 20.64     -0.00607
 20.66     -0.00823
 20.68     -0.00792
 20.70     -0.00744
 20.72     -0.00676
 20.74     -0.00606
 20.76     -0.00473
 20.78     -0.00333
 20.80     -0.00221
 20.82     -0.00067
 20.84     -0.00043
 20.86      0.00159
 20.88      0.00219
 20.90      0.00309
 20.92      0.00126
 20.94      0.00159
 20.96     -0.00165
 20.98     -0.00224
 21.00     -0.00451
 21.02     -0.00564
 21.04     -0.00713
 21.06     -0.00755
 21.08     -0.01036
 21.10     -0.01127
 21.12     -0.01229
 21.14     -0.01257
 21.16     -0.01237
 21.18     -0.01171
 21.20     -0.01115
 21.22     -0.01035
 21.24     -0.01030
 21.26     -0.01050
 21.28     -0.01054
 21.30     -0.01023
 21.32     -0.01021
 21.34     -0.00983
 21.36     -0.00937
 21.38     -0.00804
 21.40     -0.00875
 21.42     -0.00811
 21.44     -0.00751
 21.46     -0.00605
 21.48     -0.00590
 21.50     -0.00399
 21.52     -0.00243
 21.54     -0.00072
 21.56      0.00030
 21.58      0.00152
 21.60      0.00217
 21.62      0.00211
 21.64      0.00167
 21.66      0.00159
 21.68      0.00178
 21.70      0.00262
 21.72      0.00328
 21.74      0.00340
 21.76      0.00366
 21.78      0.00399
 21.80      0.00437
 21.82      0.00657
 21.84      0.00856
 21.86      0.01026
 21.88      0.01149
 21.90      0.01240
 21.92      0.01237
 21.94      0.01109
 21.96      0.01036
 21.98      0.00989
 22.00      0.00894
 22.02      0.00656
 22.04      0.00622
 22.06      0.00401
 22.08      0.00203
 22.10      0.00072
 22.12     -0.00016
 22.14     -0.00141
 22.16     -0.00246
 22.18     -0.00250
 22.20     -0.00345
 22.22     -0.00370
 22.24     -0.00465
 22.26     -0.00473
 22.28     -0.00558
 22.30     -0.00551
 22.32     -0.00598
 22.34     -0.00599
 22.36     -0.00593
 22.38     -0.00610
 22.40     -0.00615
 22.42     -0.00561
 22.44     -0.00493
 22.46     -0.00303
 22.48     -0.00043
 22.50      0.00135
 22.52      0.00365
 22.54      0.00610
 22.56      0.00888
 22.58      0.00944
 22.60      0.01099
 22.62      0.01198
 22.64      0.01302
 22.66      0.01213
 22.68      0.01299
 22.70      0.01180
 22.72      0.01151
 22.74      0.01024
 22.76      0.00852
 22.78      0.00840
 22.80      0.00812
 22.82      0.00649
 22.84      0.00515
 22.86      0.00537
 22.88      0.00365
 22.90      0.00315
 22.92      0.00261
 22.94      0.00344
 22.96      0.00344
 22.98      0.00198
 23.00      0.00150
 23.02      0.00186
 23.04      0.00020
 23.06     -0.00082
 23.08     -0.00114
 23.10     -0.00199
 23.12     -0.00302
 23.14     -0.00346
 23.16     -0.00383
 23.18     -0.00377
 23.20     -0.00413
 23.22     -0.00432
 23.24     -0.00471
 23.26     -0.00602
 23.28     -0.00666
 23.30     -0.00753
 23.32     -0.00927
 23.34     -0.00997
 23.36     -0.00968
 23.38     -0.01048
 23.40     -0.00979
 23.42     -0.00877
 23.44     -0.00826
 23.46     -0.00804
 23.48     -0.00705
 23.50     -0.00662
 23.52     -0.00614
 23.54     -0.00479
 23.56     -0.00461
 23.58     -0.00413
 23.60     -0.00455
 23.62     -0.00446
 23.64     -0.00452
 23.66     -0.00426
 23.68     -0.00397
 23.70     -0.00354
 23.72     -0.00334
 23.74     -0.00310
 23.76     -0.00319
 23.78     -0.00342
 23.80     -0.00305
 23.82     -0.00339
 23.84     -0.00315
 23.86     -0.00229
 23.88     -0.00232
 23.90     -0.00189
 23.92     -0.00191
 23.94     -0.00238
 23.96     -0.00251
 23.98     -0.00184
 24.00     -0.00208
 24.02     -0.00205
 24.04     -0.00153
 24.06     -0.00205
 24.08     -0.00223
 24.10     -0.00185
 24.12     -0.00055
 24.14     -0.00002
 24.16      0.00121
 24.18      0.00349
 24.20      0.00437
 24.22      0.00508
 24.24      0.00530
 24.26      0.00614
 24.28      0.00504
 24.30      0.00566
 24.32      0.00551
 24.34      0.00714
 24.36      0.00766
 24.38      0.00900
 24.40      0.00913
 24.42      0.00994
 24.44      0.00954
 24.46      0.00856
 24.48      0.00813
 24.50      0.00769
 24.52      0.00707
 24.54      0.00650
 24.56      0.00586
 24.58      0.00430
 24.60      0.00372
 24.62      0.00283
 24.64      0.00137
 24.66      0.00135
 24.68      0.00140
 24.70      0.00142
 24.72      0.00088
 24.74      0.00058
 24.76      0.00012
 24.78     -0.00077
 24.80     -0.00179
 24.82     -0.00202
 24.84     -0.00151
 24.86     -0.00125
 24.88     -0.00157
 24.90     -0.00141
 24.92     -0.00071
 24.94     -0.00128
 24.96     -0.00133
 24.98     -0.00089
 25.00     -0.00124
 25.02     -0.00169
 25.04     -0.00187
 25.06     -0.00221
 25.08     -0.00163
 25.10     -0.00139
 25.12     -0.00195
 25.14     -0.00220
 25.16     -0.00207
 25.18     -0.00343
 25.20     -0.00315
 25.22     -0.00270
 25.24     -0.00175
 25.26     -0.00220
 25.28     -0.00053
 25.30     -0.00098
 25.32     -0.00045
 25.34     -0.00084
 25.36      0.00048
 25.38      0.00081
 25.40      0.00221
 25.42      0.00281
 25.44      0.00278
 25.46      0.00271
 25.48      0.00229
 25.50      0.00189
 25.52      0.00157
 25.54      0.00231
 25.56      0.00271
 25.58      0.00353
 25.60      0.00270
 25.62      0.00318
 25.64      0.00218
 25.66      0.00100
 25.68     -0.00050
 25.70     -0.00121
 25.72     -0.00319
 25.74     -0.00361
 25.76     -0.00446
 25.78     -0.00480
 25.80     -0.00470
 25.82     -0.00450
 25.84     -0.00479
 25.86     -0.00483
 25.88     -0.00549
 25.90     -0.00584
 25.92     -0.00655
 25.94     -0.00620
 25.96     -0.00592
 25.98     -0.00614
 26.00     -0.00596
 26.02     -0.00574
 26.04     -0.00580
 26.06     -0.00570
 26.08     -0.00487
 26.10     -0.00455
 26.12     -0.00350
 26.14     -0.00295
 26.16     -0.00257
 26.18     -0.00164
 26.20     -0.00093
 26.22     -0.00029
 26.24     -0.00026
 26.26      0.00026
 26.28      0.00041
 26.30      0.00067
 26.32      0.00125
 26.34      0.00217
 26.36      0.00257
 26.38      0.00309
 26.40      0.00416
 26.42      0.00386
 26.44      0.00427
 26.46      0.00424
 26.48      0.00399
 26.50      0.00340
 26.52      0.00329
 26.54      0.00287
 26.56      0.00238
 26.58      0.00157
 26.60      0.00055
 26.62     -0.00038
 26.64     -0.00129
 26.66     -0.00135
 26.68     -0.00122
 26.70     -0.00130
 26.72     -0.00100
 26.74     -0.00093
 26.76     -0.00101
 26.78     -0.00140
 26.80     -0.00093
 26.82     -0.00033
 26.84      0.00068
 26.86      0.00145
 26.88      0.00206
 26.90      0.00219
 26.92      0.00195
 26.94      0.00151
 26.96      0.00091
 26.98      0.00121
 27.00      0.00097
 27.02      0.00155
 27.04      0.00128
 27.06      0.00103
 27.08      0.00043
 27.10      0.00098
 27.12      0.00032
 27.14      0.00029
 27.16      0.00063
 27.18      0.00128
 27.20      0.00054
 27.22      0.00049
 27.24      0.00072
 27.26      0.00115
 27.28      0.00123
 27.30      0.00189
 27.32      0.00237
 27.34      0.00244
 27.36      0.00238
 27.38      0.00180
 27.40      0.00167
 27.42      0.00125
 27.44      0.00104
 27.46      0.00065
 27.48      0.00051
 27.50     -0.00017
 27.52     -0.00059
 27.54     -0.00073
 27.56     -0.00120
 27.58     -0.00112
 27.60     -0.00066
 27.62     -0.00073
 27.64     -0.00109
 27.66     -0.00112
 27.68     -0.00147
 27.70     -0.00190
 27.72     -0.00213
 27.74     -0.00226
 27.76     -0.00214
 27.78     -0.00225
 27.80     -0.00248
 27.82     -0.00263
 27.84     -0.00243
 27.86     -0.00287
 27.88     -0.00256
 27.90     -0.00249
 27.92     -0.00197
 27.94     -0.00188
 27.96     -0.00079
 27.98     -0.00069
 28.00     -0.00023
 28.02     -0.00004
 28.04      0.00021
 28.06     -0.00027
 28.08     -0.00047
 28.10     -0.00054
 28.12     -0.00064
 28.14     -0.00104
 28.16     -0.00115
 28.18     -0.00077
 28.20     -0.00111
 28.22     -0.00123
 28.24     -0.00114
 28.26     -0.00128
 28.28     -0.00140
 28.30     -0.00120
 28.32     -0.00119
 28.34     -0.00142
 28.36     -0.00133
 28.38     -0.00150
 28.40     -0.00161
 28.42     -0.00152
 28.44     -0.00109
 28.46     -0.00148
 28.48     -0.00113
 28.50     -0.00118
 28.52     -0.00129
 28.54     -0.00160
 28.56     -0.00116
 28.58     -0.00162
 28.60     -0.00153
 28.62     -0.00117
 28.64     -0.00089
 28.66     -0.00068
 28.68     -0.00066
 28.70     -0.00036
 28.72     -0.00045
 28.74     -0.00043
 28.76     -0.00068
 28.78     -0.00032
 28.80     -0.00023
 28.82     -0.00036
 28.84     -0.00025
 28.86      0.00020
 28.88      0.00031
 28.90      0.00054
 28.92      0.00106
 28.94      0.00123
 28.96      0.00123
 28.98      0.00113
 29.00      0.00094
 29.02      0.00088
 29.04      0.00067
 29.06      0.00077
 29.08      0.00105
 29.10      0.00071
 29.12      0.00063
 29.14      0.00059
 29.16      0.00041
 29.18     -0.00013
 29.20     -0.00001
 29.22     -0.00041
 29.24     -0.00045
 29.26     -0.00075
 29.28     -0.00073
 29.30     -0.00068
 29.32     -0.00078
 29.34     -0.00101
 29.36     -0.00103
 29.38     -0.00110
 29.40     -0.00130
 29.42     -0.00137
 29.44     -0.00137
 29.46     -0.00137
 29.48     -0.00131
 29.50     -0.00125
 29.52     -0.00108
 29.54     -0.00087
 29.56     -0.00049
 29.58     -0.00034
 29.60     -0.00016
 29.62     -0.00018
 29.64     -0.00000
 29.66     -0.00015
 29.68     -0.00026
 29.70     -0.00036
 29.72      0.00004
 29.74     -0.00002
 29.76     -0.00001
 29.78      0.00009
 29.80      0.00023
 29.82     -0.00014
 29.84     -0.00032
 29.86     -0.00038
 29.88     -0.00037
 29.90     -0.00061
 29.92     -0.00051
 29.94     -0.00032
 29.96     -0.00035
 29.98     -0.00047
 30.00     -0.00054
