 #r(A)        h(r)         Base         G(r)
  0.02      0.00000      0.00000      0.00000
  0.04      0.00000      0.00000      0.00000
  0.06      0.00000      0.00000      0.00000
  0.08      0.00000      0.00000      0.00000
  0.10      0.00000      0.00000      0.00000
  0.12      0.00000      0.00000      0.00000
  0.14      0.00000      0.00000     -0.00000
  0.16      0.00000      0.00000     -0.00000
  0.18      0.00000      0.00000     -0.00000
  0.20      0.00000      0.00001     -0.00001
  0.22      0.00000      0.00001     -0.00001
  0.24      0.00000      0.00002     -0.00002
  0.26      0.00000      0.00003     -0.00003
  0.28      0.00000      0.00005     -0.00005
  0.30      0.00000      0.00008     -0.00008
  0.32      0.00000      0.00011     -0.00011
  0.34      0.00000      0.00015     -0.00015
  0.36      0.00000      0.00020     -0.00020
  0.38      0.00000      0.00026     -0.00026
  0.40      0.00000      0.00033     -0.00033
  0.42      0.00000      0.00041     -0.00041
  0.44      0.00000      0.00051     -0.00051
  0.46      0.00000      0.00061     -0.00061
  0.48      0.00000      0.00073     -0.00073
  0.50      0.00000      0.00086     -0.00086
  0.52      0.00000      0.00100     -0.00100
  0.54      0.00000      0.00115     -0.00115
  0.56      0.00000      0.00132     -0.00132
  0.58      0.00000      0.00149     -0.00149
  0.60      0.00000      0.00168     -0.00168
  0.62      0.00000      0.00189     -0.00189
  0.64      0.00000      0.00212     -0.00212
  0.66      0.00000      0.00237     -0.00237
  0.68      0.00000      0.00266     -0.00266
  0.70      0.00000      0.00298     -0.00298
  0.72      0.00000      0.00334     -0.00334
  0.74      0.00000      0.00373     -0.00373
  0.76      0.00000      0.00416     -0.00416
  0.78      0.00000      0.00462     -0.00462
  0.80      0.00000      0.00509     -0.00509
  0.82      0.00000      0.00559     -0.00559
  0.84      0.00000      0.00610     -0.00610
  0.86      0.00000      0.00663     -0.00663
  0.88      0.00000      0.00716     -0.00716
  0.90      0.00000      0.00771     -0.00771
  0.92      0.00000      0.00825     -0.00825
  0.94      0.00000      0.00880     -0.00880
  0.96      0.00000      0.00935     -0.00935
  0.98      0.00000      0.00990     -0.00990
  1.00      0.00000      0.01046     -0.01046
  1.02      0.00000      0.01101     -0.01101
  1.04      0.00000      0.01157     -0.01157
  1.06      0.00000      0.01212     -0.01212
  1.08      0.00000      0.01268     -0.01268
  1.10      0.00000      0.01323     -0.01323
  1.12      0.00000      0.01379     -0.01379
  1.14      0.00000      0.01435     -0.01435
  1.16      0.00000      0.01491     -0.01491
  1.18      0.00000      0.01547     -0.01547
  1.20      0.00000      0.01603     -0.01603
  1.22      0.00000      0.01659     -0.01659
  1.24      0.00000      0.01715     -0.01715
  1.26      0.00000      0.01771     -0.01771
  1.28      0.00000      0.01827     -0.01827
  1.30      0.00000      0.01883     -0.01883
  1.32      0.00000      0.01940     -0.01940
  1.34      0.00000      0.01997     -0.01997
  1.36      0.00000      0.02054     -0.02054
  1.38      0.00000      0.02111     -0.02111
  1.40      0.00000      0.02168     -0.02168
  1.42      0.00000      0.02225     -0.02225
  1.44      0.00000      0.02283     -0.02283
  1.46      0.00000      0.02341     -0.02341
  1.48      0.00000      0.02399     -0.02399
  1.50      0.00000      0.02458     -0.02458
  1.52      0.00000      0.02517     -0.02517
  1.54      0.00000      0.02577     -0.02577
  1.56      0.00000      0.02636     -0.02636
  1.58      0.00000      0.02697     -0.02697
  1.60      0.00000      0.02757     -0.02757
  1.62      0.00000      0.02818     -0.02818
  1.64      0.00000      0.02879     -0.02879
  1.66      0.00000      0.02941     -0.02941
  1.68      0.00000      0.03003     -0.03003
  1.70      0.00000      0.03066     -0.03066
  1.72      0.00000      0.03129     -0.03129
  1.74      0.00000      0.03192     -0.03192
  1.76      0.00000      0.03256     -0.03256
  1.78      0.00000      0.03321     -0.03321
  1.80      0.00000      0.03387     -0.03387
  1.82      0.00000      0.03453     -0.03453
  1.84      0.00000      0.03520     -0.03520
  1.86      0.00000      0.03588     -0.03588
  1.88      0.00000      0.03657     -0.03657
  1.90      0.00000      0.03727     -0.03727
  1.92      0.00000      0.03798     -0.03798
  1.94      0.00000      0.03870     -0.03870
  1.96      0.00000      0.03943     -0.03943
  1.98      0.00000      0.04017     -0.04017
  2.00      0.00000      0.04091     -0.04091
  2.02      0.00000      0.04165     -0.04165
  2.04      0.00000      0.04241     -0.04241
  2.06      0.00000      0.04317     -0.04317
  2.08      0.00000      0.04393     -0.04393
  2.10      0.00000      0.04470     -0.04435
  2.12      0.00000      0.04548     -0.04444
  2.14      0.00174      0.04626     -0.04294
  2.16      0.00346      0.04704     -0.03988
  2.18      0.01141      0.04784     -0.03610
  2.20      0.01921      0.04863     -0.03103
  2.22      0.02285      0.04943     -0.02349
  2.24      0.03110      0.05024     -0.01571
  2.26      0.04514      0.05104     -0.00728
  2.28      0.05430      0.05185      0.00043
  2.30      0.06544      0.05266      0.01080
  2.32      0.06543      0.05346      0.01890
  2.34      0.08695      0.05426      0.02763
  2.36      0.08968      0.05505      0.03734
  2.38      0.10197      0.05584      0.05185
  2.40      0.11791      0.05661      0.05776
  2.42      0.14190      0.05736      0.06083
  2.44      0.12037      0.05809      0.06451
  2.46      0.10879      0.05881      0.06353
  2.48      0.12406      0.05952      0.05600
  2.50      0.11660      0.06020      0.05296
  2.52      0.10775      0.06088      0.05275
  2.54      0.10861      0.06154      0.05245
  2.56      0.11112      0.06219      0.05694
  2.58      0.12586      0.06283      0.07064
  2.60      0.14230      0.06345      0.09939
  2.62      0.17944      0.06407      0.12806
  2.64      0.25547      0.06466      0.16757
  2.66      0.25757      0.06523      0.20418
  2.68      0.32636      0.06576      0.24426
  2.70      0.32817      0.06626      0.26539
  2.72      0.38256      0.06671      0.27778
  2.74      0.36357      0.06711      0.27421
  2.76      0.32178      0.06747      0.25030
  2.78      0.31055      0.06778      0.21650
  2.80      0.21035      0.06806      0.17574
  2.82      0.21515      0.06832      0.14012
  2.84      0.16116      0.06856      0.09214
  2.86      0.14500      0.06878      0.06413
  2.88      0.07181      0.06899      0.02743
  2.90      0.07142      0.06920      0.00246
  2.92      0.03270      0.06942     -0.02108
  2.94      0.03739      0.06963     -0.03241
  2.96      0.02836      0.06985     -0.04587
  2.98      0.01626      0.07007     -0.05014
  3.00      0.00520      0.07030     -0.05688
  3.02      0.01244      0.07053     -0.06205
  3.04      0.00483      0.07077     -0.06434
  3.06      0.00367      0.07100     -0.06489
  3.08      0.00598      0.07125     -0.06616
  3.10      0.00362      0.07149     -0.06615
  3.12      0.00734      0.07174     -0.06571
  3.14      0.00610      0.07199     -0.06598
  3.16      0.00710      0.07225     -0.06603
  3.18      0.00589      0.07250     -0.06630
  3.20      0.00468      0.07276     -0.06633
  3.22      0.00727      0.07302     -0.06648
  3.24      0.00723      0.07328     -0.06535
  3.26      0.00765      0.07355     -0.06428
  3.28      0.01284      0.07382     -0.06316
  3.30      0.01134      0.07409     -0.06101
  3.32      0.01419      0.07436     -0.06016
  3.34      0.01934      0.07464     -0.05905
  3.36      0.01329      0.07492     -0.05802
  3.38      0.01978      0.07521     -0.05635
  3.40      0.01791      0.07550     -0.05537
  3.42      0.02400      0.07581     -0.05092
  3.44      0.02568      0.07612     -0.04895
  3.46      0.03707      0.07644     -0.04546
  3.48      0.03117      0.07676     -0.04418
  3.50      0.03697      0.07710     -0.04167
  3.52      0.03203      0.07743     -0.04196
  3.54      0.03987      0.07778     -0.04074
  3.56      0.03732      0.07813     -0.03869
  3.58      0.03901      0.07849     -0.03996
  3.60      0.04899      0.07885     -0.04154
  3.62      0.02747      0.07921     -0.04183
  3.64      0.03374      0.07958     -0.04054
  3.66      0.03770      0.07995     -0.04159
  3.68      0.04732      0.08032     -0.03806
  3.70      0.04559      0.08069     -0.03724
  3.72      0.04694      0.08105     -0.03020
  3.74      0.03971      0.08142     -0.02606
  3.76      0.07470      0.08178     -0.02049
  3.78      0.06985      0.08213     -0.01353
  3.80      0.07523      0.08247     -0.00682
  3.82      0.08351      0.08280     -0.00405
  3.84      0.07498      0.08313      0.00619
  3.86      0.09019      0.08344      0.00751
  3.88      0.12270      0.08374      0.00801
  3.90      0.08337      0.08403      0.01442
  3.92      0.08751      0.08430      0.01558
  3.94      0.10848      0.08457      0.00405
  3.96      0.09735      0.08483      0.00041
  3.98      0.06640      0.08508     -0.00670
  4.00      0.06648      0.08533     -0.01477
  4.02      0.05318      0.08557     -0.02348
  4.04      0.06937      0.08582     -0.02691
  4.06      0.05505      0.08607     -0.02814
  4.08      0.05050      0.08632     -0.02901
  4.10      0.06155      0.08658     -0.03213
  4.12      0.05013      0.08685     -0.03053
  4.14      0.05505      0.08712     -0.02944
  4.16      0.06437      0.08740     -0.02831
  4.18      0.05733      0.08768     -0.02344
  4.20      0.06855      0.08796     -0.01704
  4.22      0.07592      0.08825     -0.01069
  4.24      0.08847      0.08853     -0.00325
  4.26      0.09750      0.08882      0.00175
  4.28      0.09597      0.08910      0.00503
  4.30      0.09498      0.08937      0.00669
  4.32      0.09369      0.08964      0.00543
  4.34      0.09817      0.08991      0.00485
  4.36      0.09255      0.09017      0.00040
  4.38      0.09439      0.09043     -0.00464
  4.40      0.07402      0.09068     -0.00999
  4.42      0.06979      0.09094     -0.01353
  4.44      0.07273      0.09121     -0.01483
  4.46      0.07611      0.09148     -0.01616
  4.48      0.08926      0.09176     -0.01411
  4.50      0.06874      0.09204     -0.01192
  4.52      0.08140      0.09233     -0.00336
  4.54      0.08508      0.09263      0.00076
  4.56      0.12041      0.09293      0.01300
  4.58      0.11133      0.09323      0.02463
  4.60      0.13141      0.09353      0.04114
  4.62      0.14108      0.09383      0.05736
  4.64      0.16911      0.09413      0.07952
  4.66      0.20304      0.09442      0.10121
  4.68      0.22361      0.09471      0.11912
  4.70      0.24131      0.09500      0.13069
  4.72      0.23211      0.09528      0.13501
  4.74      0.22836      0.09555      0.14306
  4.76      0.22606      0.09583      0.14616
  4.78      0.26523      0.09612      0.14118
  4.80      0.25819      0.09639      0.13437
  4.82      0.20861      0.09665      0.12797
  4.84      0.19569      0.09690      0.10988
  4.86      0.19537      0.09714      0.08626
  4.88      0.17604      0.09737      0.07417
  4.90      0.14131      0.09759      0.05517
  4.92      0.14928      0.09779      0.03474
  4.94      0.10180      0.09798      0.01721
  4.96      0.09424      0.09817      0.00335
  4.98      0.08931      0.09834     -0.01218
  5.00      0.07293      0.09851     -0.01985
  5.02      0.07253      0.09868     -0.03022
  5.04      0.06429      0.09884     -0.03821
  5.06      0.04321      0.09901     -0.04482
  5.08      0.05018      0.09917     -0.05056
  5.10      0.04070      0.09934     -0.05646
  5.12      0.04467      0.09951     -0.05821
  5.14      0.03563      0.09969     -0.06172
  5.16      0.03534      0.09988     -0.06323
  5.18      0.03352      0.10008     -0.06548
  5.20      0.03411      0.10029     -0.06563
  5.22      0.03445      0.10052     -0.06425
  5.24      0.03589      0.10075     -0.06224
  5.26      0.04335      0.10101     -0.05922
  5.28      0.04476      0.10127     -0.05420
  5.30      0.05050      0.10155     -0.05087
  5.32      0.06086      0.10183     -0.04142
  5.34      0.05389      0.10212     -0.02909
  5.36      0.09204      0.10242     -0.02255
  5.38      0.10787      0.10272     -0.01123
  5.40      0.08470      0.10301      0.00413
  5.42      0.11894      0.10331      0.01425
  5.44      0.13216      0.10360      0.01913
  5.46      0.14411      0.10388      0.02914
  5.48      0.13372      0.10415      0.03146
  5.50      0.13617      0.10441      0.03274
  5.52      0.13191      0.10466      0.03278
  5.54      0.13985      0.10489      0.03132
  5.56      0.14550      0.10511      0.02564
  5.58      0.12760      0.10531      0.02113
  5.60      0.10886      0.10550      0.01638
  5.62      0.11039      0.10568      0.00461
  5.64      0.11704      0.10585     -0.00721
  5.66      0.08754      0.10601     -0.01463
  5.68      0.06938      0.10617     -0.02229
  5.70      0.07258      0.10632     -0.03243
  5.72      0.07285      0.10647     -0.03806
  5.74      0.06710      0.10662     -0.04216
  5.76      0.06016      0.10677     -0.04717
  5.78      0.04960      0.10692     -0.05026
  5.80      0.04827      0.10707     -0.05203
  5.82      0.05816      0.10723     -0.05093
  5.84      0.05903      0.10740     -0.04926
  5.86      0.06648      0.10757     -0.04605
  5.88      0.05878      0.10774     -0.04191
  5.90      0.06516      0.10792     -0.03461
  5.92      0.07971      0.10811     -0.02412
  5.94      0.09643      0.10830     -0.01672
  5.96      0.11988      0.10850     -0.00879
  5.98      0.09676      0.10868      0.00153
  6.00      0.10576      0.10887      0.00514
  6.02      0.13222      0.10906      0.01303
  6.04      0.11543      0.10923      0.02351
  6.06      0.16023      0.10940      0.03246
  6.08      0.15005      0.10955      0.04237
  6.10      0.15137      0.10969      0.05507
  6.12      0.18249      0.10982      0.05712
  6.14      0.17966      0.10994      0.05933
  6.16      0.17116      0.11003      0.05495
  6.18      0.16165      0.11011      0.04938
  6.20      0.12992      0.11018      0.03861
  6.22      0.15508      0.11024      0.02845
  6.24      0.12615      0.11029      0.02120
  6.26      0.12064      0.11035      0.01634
  6.28      0.12568      0.11040      0.00147
  6.30      0.10586      0.11045     -0.00559
  6.32      0.08103      0.11050     -0.01312
  6.34      0.09110      0.11056     -0.02400
  6.36      0.08322      0.11062     -0.02970
  6.38      0.07159      0.11069     -0.03143
  6.40      0.07767      0.11077     -0.03244
  6.42      0.07276      0.11085     -0.03264
  6.44      0.08643      0.11094     -0.02729
  6.46      0.08264      0.11103     -0.02448
  6.48      0.09878      0.11112     -0.01834
  6.50      0.09215      0.11121     -0.01613
  6.52      0.10394      0.11131     -0.01053
  6.54      0.09789      0.11140     -0.00644
  6.56      0.11111      0.11149     -0.00011
  6.58      0.11968      0.11157      0.00298
  6.60      0.12424      0.11166      0.00758
  6.62      0.11988      0.11174      0.00900
  6.64      0.12132      0.11183      0.00980
  6.66      0.11861      0.11192      0.00680
  6.68      0.12411      0.11201      0.00606
  6.70      0.10965      0.11210      0.00351
  6.72      0.11666      0.11221      0.00276
  6.74      0.10901      0.11233     -0.00097
  6.76      0.11544      0.11247     -0.00039
  6.78      0.10607      0.11261     -0.00488
  6.80      0.11322      0.11277     -0.00967
  6.82      0.09494      0.11295     -0.01421
  6.84      0.08583      0.11314     -0.01889
  6.86      0.09364      0.11335     -0.02382
  6.88      0.08364      0.11358     -0.02663
  6.90      0.08962      0.11382     -0.02453
  6.92      0.08199      0.11407     -0.02559
  6.94      0.09751      0.11433     -0.02515
  6.96      0.08963      0.11460     -0.02528
  6.98      0.08717      0.11488     -0.02526
  7.00      0.09032      0.11516     -0.02466
  7.02      0.08347      0.11545     -0.01700
  7.04      0.10192      0.11574     -0.01644
  7.06      0.12938      0.11603     -0.01186
  7.08      0.09144      0.11632      0.00366
  7.10      0.11468      0.11661      0.01378
  7.12      0.16248      0.11689      0.01626
  7.14      0.15396      0.11715      0.02900
  7.16      0.14319      0.11740      0.04017
  7.18      0.15644      0.11764      0.04918
  7.20      0.17176      0.11786      0.05673
  7.22      0.20871      0.11806      0.07228
  7.24      0.19282      0.11823      0.08137
  7.26      0.22194      0.11838      0.08650
  7.28      0.20279      0.11850      0.07954
  7.30      0.19816      0.11859      0.07909
  7.32      0.17449      0.11866      0.07032
  7.34      0.19103      0.11871      0.05845
  7.36      0.17844      0.11874      0.05294
  7.38      0.14370      0.11875      0.05383
  7.40      0.17078      0.11876      0.04386
  7.42      0.17899      0.11875      0.03905
  7.44      0.14118      0.11872      0.03628
  7.46      0.15434      0.11869      0.02373
  7.48      0.12972      0.11866      0.01272
  7.50      0.10790      0.11862      0.00643
  7.52      0.12378      0.11859     -0.00390
  7.54      0.10953      0.11856     -0.01192
  7.56      0.10252      0.11854     -0.01875
  7.58      0.08948      0.11852     -0.02651
  7.60      0.07363      0.11851     -0.03048
  7.62      0.08490      0.11851     -0.03373
  7.64      0.08960      0.11852     -0.03574
  7.66      0.08627      0.11854     -0.03564
  7.68      0.07952      0.11857     -0.03492
  7.70      0.07421      0.11860     -0.03667
  7.72      0.08863      0.11864     -0.03638
  7.74      0.08101      0.11868     -0.03794
  7.76      0.08792      0.11873     -0.03352
  7.78      0.07194      0.11878     -0.03346
  7.80      0.09655      0.11883     -0.03433
  7.82      0.08915      0.11888     -0.03465
  7.84      0.07694      0.11894     -0.03115
  7.86      0.08657      0.11900     -0.03051
  7.88      0.08973      0.11906     -0.02658
  7.90      0.10006      0.11913     -0.02366
  7.92      0.10911      0.11920     -0.02228
  7.94      0.09187      0.11927     -0.02169
  7.96      0.09384      0.11934     -0.01954
  7.98      0.09300      0.11941     -0.02057
  8.00      0.11118      0.11950     -0.02087
  8.02      0.10436      0.11958     -0.01704
  8.04      0.09077      0.11967     -0.01298
  8.06      0.11342      0.11976     -0.01064
  8.08      0.11371      0.11986     -0.00547
  8.10      0.12334      0.11996      0.00190
  8.12      0.13070      0.12006      0.00258
  8.14      0.12812      0.12016      0.00956
  8.16      0.11730      0.12027      0.01135
  8.18      0.14914      0.12039      0.01285
  8.20      0.13286      0.12050      0.01786
  8.22      0.13876      0.12061      0.02399
  8.24      0.15374      0.12072      0.02394
  8.26      0.14853      0.12083      0.02676
  8.28      0.14946      0.12092      0.02881
  8.30      0.14746      0.12101      0.02651
  8.32      0.14950      0.12109      0.02200
  8.34      0.14268      0.12117      0.01634
  8.36      0.12639      0.12123      0.01216
  8.38      0.12150      0.12128      0.00773
  8.40      0.12684      0.12133      0.00416
  8.42      0.12767      0.12137      0.00310
  8.44      0.12504      0.12141      0.00051
  8.46      0.12130      0.12143     -0.00384
  8.48      0.10874      0.12145     -0.00752
  8.50      0.10520      0.12147     -0.00974
  8.52      0.10942      0.12149     -0.01012
  8.54      0.11401      0.12151     -0.00855
  8.56      0.11948      0.12152     -0.00919
  8.58      0.11670      0.12153     -0.00808
  8.60      0.10203      0.12155     -0.00692
  8.62      0.11503      0.12156     -0.00922
  8.64      0.11992      0.12158     -0.00887
  8.66      0.10804      0.12161     -0.00838
  8.68      0.11855      0.12163     -0.00603
  8.70      0.10457      0.12166     -0.00895
  8.72      0.12693      0.12169     -0.00623
  8.74      0.10547      0.12172     -0.00469
  8.76      0.12179      0.12175     -0.00116
  8.78      0.12641      0.12179     -0.00067
  8.80      0.12241      0.12183      0.00295
  8.82      0.12952      0.12186      0.00419
  8.84      0.12378      0.12189      0.00300
  8.86      0.12815      0.12192      0.00367
  8.88      0.12064      0.12195      0.00369
  8.90      0.12587      0.12198      0.00714
  8.92      0.12977      0.12200      0.00658
  8.94      0.14118      0.12202      0.01139
  8.96      0.12546      0.12203      0.01516
  8.98      0.14476      0.12204      0.01844
  9.00      0.14478      0.12203      0.01598
  9.02      0.14620      0.12202      0.01761
  9.04      0.12888      0.12201      0.01621
  9.06      0.13356      0.12198      0.01190
  9.08      0.13767      0.12195      0.00715
  9.10      0.12310      0.12192      0.00639
  9.12      0.12229      0.12188      0.00343
  9.14      0.12493      0.12184     -0.00189
  9.16      0.11855      0.12181     -0.00470
  9.18      0.11091      0.12177     -0.00655
  9.20      0.10888      0.12175     -0.00920
  9.22      0.11287      0.12173     -0.01252
  9.24      0.11153      0.12171     -0.01461
  9.26      0.10183      0.12171     -0.01613
  9.28      0.10040      0.12172     -0.01772
  9.30      0.10126      0.12174     -0.01933
  9.32      0.10494      0.12178     -0.01671
  9.34      0.10360      0.12182     -0.01419
  9.36      0.11515      0.12188     -0.01381
  9.38      0.11318      0.12194     -0.01199
  9.40      0.10346      0.12201     -0.00929
  9.42      0.11436      0.12208     -0.00860
  9.44      0.11742      0.12216     -0.00800
  9.46      0.11900      0.12225     -0.00578
  9.48      0.11656      0.12234     -0.00546
  9.50      0.11501      0.12244     -0.00481
  9.52      0.11644      0.12254     -0.00220
  9.54      0.12112      0.12264      0.00108
  9.56      0.13255      0.12274      0.00418
  9.58      0.13345      0.12283      0.01001
  9.60      0.13101      0.12293      0.01628
  9.62      0.14609      0.12301      0.01861
  9.64      0.15293      0.12309      0.01711
  9.66      0.14461      0.12315      0.01674
  9.68      0.12637      0.12321      0.01812
  9.70      0.12945      0.12326      0.01506
  9.72      0.15331      0.12331      0.01432
  9.74      0.13787      0.12334      0.01351
  9.76      0.14113      0.12337      0.01567
  9.78      0.12250      0.12339      0.01222
  9.80      0.14038      0.12340      0.01757
  9.82      0.13615      0.12341      0.01468
  9.84      0.16470      0.12341      0.02235
  9.86      0.12672      0.12340      0.02329
  9.88      0.16086      0.12338      0.02420
  9.90      0.14501      0.12336      0.02036
  9.92      0.14060      0.12332      0.02377
  9.94      0.14537      0.12328      0.01981
  9.96      0.14359      0.12324      0.01917
  9.98      0.14091      0.12319      0.01769
 10.00      0.14155      0.12313      0.01371
 10.02      0.13295      0.12306      0.01278
 10.04      0.12517      0.12300      0.00839
 10.06      0.13863      0.12293      0.00538
 10.08      0.11863      0.12286      0.00415
 10.10      0.12615      0.12278      0.00184
 10.12      0.12644      0.12271     -0.00156
 10.14      0.11325      0.12263     -0.00388
 10.16      0.12126      0.12256     -0.00679
 10.18      0.10666      0.12248     -0.01026
 10.20      0.11124      0.12241     -0.01154
 10.22      0.10869      0.12234     -0.01518
 10.24      0.10651      0.12228     -0.01610
 10.26      0.10272      0.12222     -0.01994
 10.28      0.10173      0.12216     -0.02216
 10.30      0.09173      0.12211     -0.02474
 10.32      0.09733      0.12207     -0.02687
 10.34      0.09333      0.12203     -0.02706
 10.36      0.09188      0.12200     -0.02600
 10.38      0.10059      0.12198     -0.02525
 10.40      0.09687      0.12197     -0.02278
 10.42      0.10100      0.12195     -0.02187
 10.44      0.10560      0.12194     -0.01991
 10.46      0.09636      0.12194     -0.01883
 10.48      0.11033      0.12194     -0.01693
 10.50      0.10226      0.12194     -0.01640
 10.52      0.11050      0.12194     -0.01116
 10.54      0.10822      0.12194     -0.01095
 10.56      0.12256      0.12194     -0.00713
 10.58      0.11140      0.12194     -0.00512
 10.60      0.12134      0.12194      0.00039
 10.62      0.12055      0.12194      0.00308
 10.64      0.13577      0.12193      0.00795
 10.66      0.13604      0.12192      0.00941
 10.68      0.13572      0.12191      0.01147
 10.70      0.12858      0.12189      0.01314
 10.72      0.13079      0.12187      0.01493
 10.74      0.14402      0.12184      0.01552
 10.76      0.14487      0.12181      0.01804
 10.78      0.13852      0.12177      0.01519
 10.80      0.14102      0.12172      0.01414
 10.82      0.11633      0.12167      0.01133
 10.84      0.13856      0.12162      0.01169
 10.86      0.13061      0.12157      0.01005
 10.88      0.14008      0.12152      0.01193
 10.90      0.13254      0.12147      0.00798
 10.92      0.12549      0.12141      0.00654
 10.94      0.11852      0.12135      0.00250
 10.96      0.12311      0.12129     -0.00154
 10.98      0.11958      0.12123     -0.00271
 11.00      0.11205      0.12118     -0.00357
 11.02      0.11936      0.12113     -0.00472
 11.04      0.11392      0.12108     -0.00620
 11.06      0.11716      0.12104     -0.00669
 11.08      0.11193      0.12100     -0.00958
 11.10      0.10936      0.12096     -0.00820
 11.12      0.10471      0.12092     -0.00725
 11.14      0.12064      0.12089     -0.00622
 11.16      0.12175      0.12086     -0.00247
 11.18      0.11690      0.12083      0.00182
 11.20      0.12798      0.12081      0.00253
 11.22      0.12602      0.12078      0.00331
 11.24      0.12401      0.12074      0.00488
 11.26      0.12554      0.12071      0.00595
 11.28      0.12456      0.12067      0.00654
 11.30      0.13318      0.12064      0.00532
 11.32      0.12878      0.12059      0.00316
 11.34      0.11773      0.12054      0.00351
 11.36      0.11453      0.12050      0.00019
 11.38      0.12604      0.12044     -0.00057
 11.40      0.11636      0.12039     -0.00107
 11.42      0.12471      0.12034      0.00051
 11.44      0.11493      0.12028      0.00133
 11.46      0.12220      0.12022      0.00702
 11.48      0.12982      0.12016      0.00824
 11.50      0.14453      0.12010      0.01021
 11.52      0.13051      0.12003      0.00866
 11.54      0.12450      0.11996      0.00719
 11.56      0.11410      0.11989      0.00299
 11.58      0.12211      0.11982     -0.00147
 11.60      0.12317      0.11974     -0.00308
 11.62      0.10785      0.11967     -0.00249
 11.64      0.11608      0.11960     -0.00294
 11.66      0.11668      0.11953     -0.00512
 11.68      0.11951      0.11946     -0.00485
 11.70      0.11193      0.11940     -0.00550
 11.72      0.10890      0.11933     -0.00541
 11.74      0.11248      0.11927     -0.00440
 11.76      0.11678      0.11921     -0.00288
 11.78      0.12429      0.11916     -0.00125
 11.80      0.11924      0.11910     -0.00180
 11.82      0.11676      0.11904     -0.00079
 11.84      0.10944      0.11899     -0.00231
 11.86      0.12157      0.11894      0.00080
 11.88      0.11641      0.11889      0.00260
 11.90      0.13452      0.11884      0.00805
 11.92      0.12550      0.11879      0.00952
 11.94      0.13643      0.11874      0.00966
 11.96      0.12868      0.11868      0.00846
 11.98      0.11684      0.11863      0.00942
 12.00      0.12826      0.11858      0.00757
 12.02      0.13003      0.11852      0.00692
 12.04      0.12693      0.11847      0.00937
 12.06      0.12517      0.11841      0.00862
 12.08      0.12878      0.11835      0.00766
 12.10      0.12422      0.11829      0.00714
 12.12      0.12494      0.11823      0.00457
 12.14      0.12405      0.11816      0.00321
 12.16      0.11202      0.11809      0.00096
 12.18      0.12164      0.11803      0.00033
 12.20      0.11260      0.11796     -0.00311
 12.22      0.12146      0.11788     -0.00458
 12.24      0.10652      0.11781     -0.00620
 12.26      0.10427      0.11773     -0.00700
 12.28      0.11319      0.11766     -0.00876
 12.30      0.10824      0.11758     -0.00461
 12.32      0.11229      0.11751     -0.00155
 12.34      0.12689      0.11743     -0.00038
 12.36      0.11917      0.11735      0.00057
 12.38      0.11868      0.11726     -0.00092
 12.40      0.11255      0.11717     -0.00400
 12.42      0.10444      0.11708     -0.00597
 12.44      0.11104      0.11699     -0.00513
 12.46      0.10887      0.11691     -0.00417
 12.48      0.12240      0.11682     -0.00389
 12.50      0.11693      0.11672     -0.00474
 12.52      0.10538      0.11663     -0.00337
 12.54      0.10635      0.11653     -0.00362
 12.56      0.11524      0.11644     -0.00547
 12.58      0.12067      0.11635     -0.00367
 12.60      0.10722      0.11625     -0.00431
 12.62      0.11390      0.11616     -0.00656
 12.64      0.10270      0.11606     -0.00964
 12.66      0.10350      0.11597     -0.00970
 12.68      0.10481      0.11588     -0.01161
 12.70      0.10643      0.11580     -0.01017
 12.72      0.10391      0.11572     -0.00922
 12.74      0.10949      0.11564     -0.00722
 12.76      0.10786      0.11556     -0.00632
 12.78      0.11437      0.11548     -0.00466
 12.80      0.11057      0.11540     -0.00296
 12.82      0.11181      0.11533     -0.00016
 12.84      0.11762      0.11526      0.00074
 12.86      0.12148      0.11518      0.00048
 12.88      0.11853      0.11511      0.00236
 12.90      0.10888      0.11503      0.00365
 12.92      0.12081      0.11496      0.00330
 12.94      0.12370      0.11488      0.00462
 12.96      0.11935      0.11480      0.00693
 12.98      0.12475      0.11472      0.00919
 13.00      0.12003      0.11464      0.01060
 13.02      0.13173      0.11455      0.00993
 13.04      0.13032      0.11446      0.00984
 13.06      0.11560      0.11437      0.01099
 13.08      0.12383      0.11427      0.00812
 13.10      0.12532      0.11418      0.00713
 13.12      0.11688      0.11408      0.00929
 13.14      0.12489      0.11397      0.00977
 13.16      0.12591      0.11387      0.00971
 13.18      0.12571      0.11376      0.01182
 13.20      0.12448      0.11364      0.01050
 13.22      0.12689      0.11353      0.01006
 13.24      0.11774      0.11341      0.01023
 13.26      0.12312      0.11329      0.00889
 13.28      0.12598      0.11317      0.00730
 13.30      0.11719      0.11305      0.00463
 13.32      0.11830      0.11292      0.00305
 13.34      0.10380      0.11280     -0.00064
 13.36      0.11460      0.11268     -0.00234
 13.38      0.10690      0.11256     -0.00266
 13.40      0.10810      0.11244     -0.00059
 13.42      0.11613      0.11233     -0.00178
 13.44      0.11351      0.11221      0.00009
 13.46      0.10807      0.11209      0.00291
 13.48      0.11569      0.11197      0.00327
 13.50      0.12160      0.11186      0.00443
 13.52      0.11736      0.11174      0.00453
 13.54      0.11873      0.11163      0.00244
 13.56      0.10798      0.11151     -0.00138
 13.58      0.10468      0.11140     -0.00394
 13.60      0.10191      0.11129     -0.00514
 13.62      0.10400      0.11118     -0.00416
 13.64      0.11217      0.11107     -0.00435
 13.66      0.11234      0.11095     -0.00325
 13.68      0.10316      0.11084     -0.00224
 13.70      0.10686      0.11073     -0.00286
 13.72      0.10847      0.11062     -0.00248
 13.74      0.10851      0.11050     -0.00089
 13.76      0.11371      0.11039      0.00004
 13.78      0.11054      0.11027     -0.00030
 13.80      0.11092      0.11016      0.00129
 13.82      0.10621      0.11004     -0.00051
 13.84      0.11584      0.10993     -0.00138
 13.86      0.10415      0.10981     -0.00186
 13.88      0.10558      0.10969     -0.00138
 13.90      0.10795      0.10957     -0.00283
 13.92      0.10802      0.10946     -0.00240
 13.94      0.10800      0.10934     -0.00374
 13.96      0.10575      0.10922     -0.00363
 13.98      0.09830      0.10911     -0.00409
 14.00      0.10793      0.10900     -0.00772
 14.02      0.10514      0.10888     -0.00873
 14.04      0.08926      0.10877     -0.00570
 14.06      0.10016      0.10866     -0.00525
 14.08      0.11287      0.10855     -0.00660
 14.10      0.10963      0.10844     -0.00497
 14.12      0.09786      0.10833     -0.00377
 14.14      0.09684      0.10822     -0.00708
 14.16      0.10560      0.10812     -0.00820
 14.18      0.09581      0.10801     -0.00634
 14.20      0.10346      0.10791     -0.00561
 14.22      0.10664      0.10780     -0.00407
 14.24      0.09997      0.10769     -0.00322
 14.26      0.11276      0.10759     -0.00158
 14.28      0.09954      0.10748      0.00100
 14.30      0.11111      0.10737      0.00227
 14.32      0.11899      0.10725      0.00220
 14.34      0.10578      0.10714      0.00510
 14.36      0.11182      0.10702      0.00464
 14.38      0.11349      0.10691      0.00319
 14.40      0.10825      0.10679      0.00765
 14.42      0.11115      0.10667      0.00784
 14.44      0.12748      0.10655      0.00826
 14.46      0.11218      0.10642      0.00767
 14.48      0.11501      0.10629      0.00873
 14.50      0.10463      0.10616      0.00601
 14.52      0.11581      0.10603      0.00681
 14.54      0.11322      0.10589      0.00620
 14.56      0.11551      0.10575      0.00553
 14.58      0.11127      0.10561      0.00464
 14.60      0.10060      0.10546      0.00444
 14.62      0.11063      0.10532      0.00323
 14.64      0.11150      0.10518      0.00279
 14.66      0.10878      0.10503      0.00405
 14.68      0.10831      0.10488      0.00407
 14.70      0.10619      0.10473      0.00202
 14.72      0.10997      0.10458     -0.00009
 14.74      0.10050      0.10442     -0.00191
 14.76      0.09749      0.10427     -0.00531
 14.78      0.09842      0.10411     -0.00739
 14.80      0.08838      0.10396     -0.00759
 14.82      0.09883      0.10381     -0.00798
 14.84      0.09874      0.10365     -0.00866
 14.86      0.09476      0.10350     -0.00568
 14.88      0.09426      0.10335     -0.00622
 14.90      0.10252      0.10321     -0.00831
 14.92      0.09541      0.10306     -0.00699
 14.94      0.08754      0.10291     -0.00496
 14.96      0.10065      0.10277     -0.00514
 14.98      0.10363      0.10263     -0.00243
 15.00      0.10094      0.10249      0.00026
 15.02      0.10822      0.10235      0.00082
 15.04      0.10029      0.10221      0.00038
 15.06      0.10279      0.10207      0.00088
 15.08      0.10072      0.10194      0.00127
 15.10      0.10276      0.10180      0.00170
 15.12      0.10945      0.10166      0.00091
 15.14      0.10175      0.10153      0.00052
 15.16      0.09819      0.10139      0.00011
 15.18      0.09808      0.10125     -0.00200
 15.20      0.10000      0.10112     -0.00189
 15.22      0.09826      0.10098      0.00043
 15.24      0.10162      0.10085      0.00127
 15.26      0.10910      0.10072      0.00253
 15.28      0.10160      0.10059      0.00478
 15.30      0.10564      0.10045      0.00740
 15.32      0.10884      0.10032      0.00634
 15.34      0.11410      0.10019      0.00780
 15.36      0.10312      0.10005      0.00892
 15.38      0.10823      0.09992      0.00876
 15.40      0.11058      0.09978      0.00738
 15.42      0.10732      0.09963      0.00967
 15.44      0.10652      0.09949      0.01083
 15.46      0.11385      0.09934      0.01099
 15.48      0.11331      0.09919      0.01091
 15.50      0.11064      0.09904      0.01112
 15.52      0.10616      0.09888      0.00897
 15.54      0.10685      0.09872      0.00816
 15.56      0.10229      0.09857      0.00636
 15.58      0.10847      0.09841      0.00601
 15.60      0.10087      0.09825      0.00306
 15.62      0.10358      0.09808      0.00340
 15.64      0.09131      0.09792      0.00241
 15.66      0.10317      0.09775      0.00032
 15.68      0.10270      0.09759     -0.00201
 15.70      0.08962      0.09742     -0.00127
 15.72      0.09108      0.09725     -0.00247
 15.74      0.09417      0.09709     -0.00229
 15.76      0.09636      0.09692     -0.00092
 15.78      0.10276      0.09676      0.00078
 15.80      0.09562      0.09659      0.00273
 15.82      0.09877      0.09643      0.00303
 15.84      0.10310      0.09626      0.00260
 15.86      0.09703      0.09609      0.00219
 15.88      0.09977      0.09592      0.00262
 15.90      0.09275      0.09575     -0.00047
 15.92      0.10004      0.09558     -0.00247
 15.94      0.08682      0.09541     -0.00451
 15.96      0.08615      0.09523     -0.00584
 15.98      0.08871      0.09506     -0.00577
 16.00      0.08526      0.09490     -0.00597
 16.02      0.09953      0.09473     -0.00578
 16.04      0.08499      0.09456     -0.00511
 16.06      0.08623      0.09439     -0.00433
 16.08      0.09124      0.09423     -0.00622
 16.10      0.08832      0.09406     -0.00685
 16.12      0.08923      0.09389     -0.00609
 16.14      0.08103      0.09372     -0.00650
 16.16      0.08916      0.09356     -0.00731
 16.18      0.08835      0.09339     -0.00677
 16.20      0.08346      0.09323     -0.00697
 16.22      0.09111      0.09306     -0.00724
 16.24      0.07919      0.09289     -0.00805
 16.26      0.08698      0.09273     -0.00763
 16.28      0.08349      0.09257     -0.00553
 16.30      0.08470      0.09240     -0.00327
 16.32      0.10079      0.09224     -0.00127
 16.34      0.08970      0.09208      0.00144
 16.36      0.09617      0.09192      0.00131
 16.38      0.09625      0.09175      0.00106
 16.40      0.08321      0.09159     -0.00027
 16.42      0.09872      0.09143     -0.00246
 16.44      0.08226      0.09126     -0.00436
 16.46      0.08442      0.09110     -0.00205
 16.48      0.08589      0.09094     -0.00450
 16.50      0.09397      0.09078     -0.00330
 16.52      0.08566      0.09062     -0.00225
 16.54      0.08749      0.09046     -0.00141
 16.56      0.08883      0.09030     -0.00170
 16.58      0.08931      0.09015     -0.00098
 16.60      0.09174      0.08999      0.00036
 16.62      0.08845      0.08983      0.00140
 16.64      0.09340      0.08967      0.00253
 16.66      0.09322      0.08951      0.00174
 16.68      0.09416      0.08934      0.00264
 16.70      0.08700      0.08918      0.00260
 16.72      0.09216      0.08902      0.00211
 16.74      0.09240      0.08886      0.00271
 16.76      0.08996      0.08870      0.00305
 16.78      0.09633      0.08853      0.00321
 16.80      0.08789      0.08837      0.00214
 16.82      0.09212      0.08820      0.00282
 16.84      0.08624      0.08803     -0.00031
 16.86      0.09251      0.08786      0.00146
 16.88      0.07987      0.08769      0.00288
 16.90      0.09589      0.08752      0.00314
 16.92      0.09834      0.08734      0.00271
 16.94      0.08668      0.08717      0.00490
 16.96      0.08951      0.08699      0.00457
 16.98      0.08991      0.08681      0.00318
 17.00      0.09334      0.08663      0.00369
 17.02      0.09052      0.08645      0.00340
 17.04      0.08832      0.08626      0.00422
 17.06      0.08714      0.08608      0.00256
 17.08      0.09312      0.08590      0.00231
 17.10      0.08411      0.08571      0.00035
 17.12      0.08836      0.08553      0.00038
 17.14      0.07759      0.08534     -0.00131
 17.16      0.08637      0.08516     -0.00158
 17.18      0.08369      0.08497     -0.00162
 17.20      0.08184      0.08479      0.00043
 17.22      0.08724      0.08460      0.00095
 17.24      0.08693      0.08442      0.00185
 17.26      0.08808      0.08423      0.00198
 17.28      0.08726      0.08405      0.00284
 17.30      0.08154      0.08386      0.00340
 17.32      0.09061      0.08368      0.00405
 17.34      0.08883      0.08349      0.00375
 17.36      0.09041      0.08330      0.00313
 17.38      0.08478      0.08311      0.00039
 17.40      0.07755      0.08293     -0.00057
 17.42      0.07596      0.08274     -0.00228
 17.44      0.08307      0.08255     -0.00256
 17.46      0.08096      0.08237     -0.00193
 17.48      0.08243      0.08219     -0.00006
 17.50      0.07979      0.08200     -0.00063
 17.52      0.08438      0.08182      0.00120
 17.54      0.07929      0.08164     -0.00022
 17.56      0.08919      0.08146      0.00057
 17.58      0.07445      0.08128     -0.00001
 17.60      0.08284      0.08110      0.00106
 17.62      0.08057      0.08092     -0.00054
 17.64      0.08377      0.08074      0.00191
 17.66      0.08027      0.08057      0.00101
 17.68      0.08580      0.08039      0.00155
 17.70      0.07746      0.08021      0.00273
 17.72      0.08236      0.08003      0.00310
 17.74      0.08877      0.07985      0.00171
 17.76      0.08128      0.07967      0.00405
 17.78      0.07795      0.07949      0.00342
 17.80      0.08824      0.07931      0.00251
 17.82      0.07828      0.07913      0.00201
 17.84      0.08332      0.07894      0.00276
 17.86      0.07787      0.07876      0.00023
 17.88      0.08080      0.07858     -0.00088
 17.90      0.07468      0.07840     -0.00231
 17.92      0.07181      0.07822     -0.00154
 17.94      0.07529      0.07803     -0.00017
 17.96      0.08077      0.07785      0.00131
 17.98      0.08674      0.07767      0.00360
 18.00      0.08123      0.07749      0.00474
 18.02      0.08232      0.07731      0.00460
 18.04      0.08009      0.07712      0.00259
 18.06      0.07916      0.07693      0.00113
 18.08      0.07571      0.07674      0.00049
 18.10      0.07300      0.07655     -0.00086
 18.12      0.07822      0.07636     -0.00037
 18.14      0.07240      0.07618      0.00029
 18.16      0.08063      0.07599      0.00035
 18.18      0.07809      0.07579     -0.00052
 18.20      0.07232      0.07560     -0.00185
 18.22      0.07293      0.07540     -0.00129
 18.24      0.06474      0.07521     -0.00202
 18.26      0.08248      0.07502     -0.00087
 18.28      0.07345      0.07482     -0.00003
 18.30      0.07711      0.07462      0.00183
 18.32      0.07614      0.07442     -0.00023
 18.34      0.07308      0.07422     -0.00042
 18.36      0.07118      0.07402     -0.00068
 18.38      0.07147      0.07382     -0.00262
 18.40      0.07482      0.07361     -0.00372
 18.42      0.06543      0.07341     -0.00404
 18.44      0.06656      0.07321     -0.00255
 18.46      0.06859      0.07302     -0.00338
 18.48      0.07791      0.07282     -0.00314
 18.50      0.06969      0.07262     -0.00270
 18.52      0.06564      0.07242     -0.00413
 18.54      0.06779      0.07222     -0.00634
 18.56      0.06044      0.07202     -0.00708
 18.58      0.06584      0.07183     -0.00759
 18.60      0.06503      0.07163     -0.00776
 18.62      0.06207      0.07143     -0.00463
 18.64      0.06598      0.07124     -0.00272
 18.66      0.07508      0.07104     -0.00132
 18.68      0.07442      0.07085      0.00117
 18.70      0.07108      0.07065      0.00213
 18.72      0.07353      0.07046      0.00080
 18.74      0.06979      0.07026     -0.00035
 18.76      0.06749      0.07007      0.00084
 18.78      0.06765      0.06987     -0.00032
 18.80      0.07607      0.06968     -0.00119
 18.82      0.06674      0.06948     -0.00053
 18.84      0.06446      0.06928     -0.00027
 18.86      0.06982      0.06909     -0.00082
 18.88      0.06797      0.06889      0.00009
 18.90      0.07237      0.06870      0.00103
 18.92      0.07031      0.06850      0.00022
 18.94      0.06820      0.06831      0.00011
 18.96      0.06476      0.06811     -0.00034
 18.98      0.06645      0.06791      0.00051
 19.00      0.06915      0.06772      0.00067
 19.02      0.07355      0.06752      0.00122
 19.04      0.06806      0.06733      0.00266
 19.06      0.06653      0.06713      0.00229
 19.08      0.07268      0.06694      0.00050
 19.10      0.06630      0.06674      0.00007
 19.12      0.06360      0.06654      0.00041
 19.14      0.06492      0.06635      0.00056
 19.16      0.06725      0.06615      0.00091
 19.18      0.07246      0.06596      0.00361
 19.20      0.06710      0.06576      0.00330
 19.22      0.07611      0.06557      0.00479
 19.24      0.06239      0.06537      0.00299
 19.26      0.07372      0.06517      0.00317
 19.28      0.06244      0.06497      0.00101
 19.30      0.06702      0.06477      0.00222
 19.32      0.06433      0.06457     -0.00046
 19.34      0.06745      0.06437     -0.00100
 19.36      0.05932      0.06418     -0.00190
 19.38      0.05878      0.06398     -0.00186
 19.40      0.06151      0.06378     -0.00311
 19.42      0.06354      0.06359     -0.00238
 19.44      0.06019      0.06339     -0.00155
 19.46      0.06203      0.06320      0.00018
 19.48      0.06192      0.06300     -0.00079
 19.50      0.06920      0.06281     -0.00077
 19.52      0.05775      0.06261     -0.00020
 19.54      0.05929      0.06242     -0.00033
 19.56      0.06394      0.06222     -0.00149
 19.58      0.06028      0.06203      0.00003
 19.60      0.06243      0.06183      0.00105
 19.62      0.06437      0.06164      0.00280
 19.64      0.06342      0.06144      0.00373
 19.66      0.07171      0.06125      0.00438
 19.68      0.06392      0.06105      0.00478
 19.70      0.06470      0.06085      0.00429
 19.72      0.06538      0.06065      0.00314
 19.74      0.05997      0.06045      0.00334
 19.76      0.06495      0.06025      0.00212
 19.78      0.06394      0.06005      0.00159
 19.80      0.05761      0.05985      0.00258
 19.82      0.06174      0.05965      0.00251
 19.84      0.06390      0.05944      0.00185
 19.86      0.06358      0.05924      0.00322
 19.88      0.05967      0.05904      0.00238
 19.90      0.06344      0.05884      0.00164
 19.92      0.05653      0.05863      0.00191
 19.94      0.05915      0.05843      0.00213
 19.96      0.06391      0.05822      0.00196
 19.98      0.05977      0.05802      0.00228
 20.00      0.06156      0.05781      0.00232
 20.02      0.05707      0.05760      0.00150
 20.04      0.05831      0.05740      0.00179
 20.06      0.05878      0.05719      0.00154
 20.08      0.06023      0.05699      0.00282
 20.10      0.05928      0.05678      0.00267
 20.12      0.06245      0.05658      0.00149
 20.14      0.05653      0.05637     -0.00017
 20.16      0.05184      0.05617     -0.00114
 20.18      0.05092      0.05596     -0.00229
 20.20      0.05339      0.05576     -0.00285
 20.22      0.05566      0.05555     -0.00260
 20.24      0.05274      0.05535     -0.00269
 20.26      0.05206      0.05515     -0.00264
 20.28      0.04942      0.05494     -0.00380
 20.30      0.05267      0.05474     -0.00341
 20.32      0.04880      0.05454     -0.00357
 20.34      0.05373      0.05434     -0.00269
 20.36      0.05023      0.05414     -0.00297
 20.38      0.05284      0.05394     -0.00172
 20.40      0.05023      0.05374     -0.00091
 20.42      0.05406      0.05354      0.00073
 20.44      0.05678      0.05335      0.00115
 20.46      0.05743      0.05315      0.00226
 20.48      0.05395      0.05294      0.00172
 20.50      0.05479      0.05274      0.00066
 20.52      0.05038      0.05254     -0.00168
 20.54      0.05044      0.05234     -0.00189
 20.56      0.04476      0.05213     -0.00402
 20.58      0.05187      0.05193     -0.00444
 20.60      0.04309      0.05173     -0.00388
 20.62      0.04728      0.05153     -0.00271
 20.64      0.05224      0.05132     -0.00298
 20.66      0.04959      0.05112     -0.00216
 20.68      0.04953      0.05092     -0.00123
 20.70      0.04616      0.05071     -0.00114
 20.72      0.05092      0.05051     -0.00157
 20.74      0.05165      0.05031     -0.00190
 20.76      0.04645      0.05010     -0.00186
 20.78      0.04683      0.04990     -0.00198
 20.80      0.04537      0.04970     -0.00300
 20.82      0.04928      0.04949     -0.00207
 20.84      0.04557      0.04929     -0.00178
 20.86      0.05006      0.04909     -0.00091
 20.88      0.04728      0.04889     -0.00097
 20.90      0.04873      0.04869     -0.00051
 20.92      0.04793      0.04848     -0.00183
 20.94      0.04688      0.04828     -0.00161
 20.96      0.04245      0.04808     -0.00194
 20.98      0.04736      0.04788     -0.00197
 21.00      0.04610      0.04768     -0.00149
 21.02      0.04676      0.04748      0.00015
 21.04      0.04827      0.04728      0.00101
 21.06      0.04963      0.04708      0.00101
 21.08      0.05066      0.04688      0.00107
 21.10      0.04510      0.04668      0.00194
 21.12      0.04609      0.04648      0.00099
 21.14      0.05161      0.04628      0.00049
 21.16      0.04389      0.04608      0.00240
 21.18      0.04716      0.04588      0.00299
 21.20      0.05365      0.04568      0.00176
 21.22      0.04805      0.04548      0.00258
 21.24      0.04444      0.04528      0.00298
 21.26      0.04697      0.04508      0.00199
 21.28      0.04815      0.04488      0.00141
 21.30      0.04771      0.04468      0.00054
 21.32      0.04418      0.04448      0.00035
 21.34      0.03907      0.04428      0.00062
 21.36      0.04504      0.04408      0.00067
 21.38      0.04846      0.04388      0.00054
 21.40      0.04698      0.04368      0.00239
 21.42      0.04253      0.04348      0.00277
 21.44      0.04735      0.04328      0.00143
 21.46      0.04590      0.04308      0.00161
 21.48      0.04078      0.04288      0.00233
 21.50      0.04688      0.04268      0.00168
 21.52      0.04513      0.04248      0.00047
 21.54      0.04312      0.04228      0.00081
 21.56      0.03882      0.04208     -0.00039
 21.58      0.04148      0.04188     -0.00128
 21.60      0.03986      0.04168     -0.00207
 21.62      0.03969      0.04148     -0.00033
 21.64      0.03816      0.04128     -0.00064
 21.66      0.04652      0.04108     -0.00059
 21.68      0.03896      0.04088     -0.00027
 21.70      0.03913      0.04068      0.00023
 21.72      0.04028      0.04048     -0.00128
 21.74      0.03967      0.04029     -0.00049
 21.76      0.03801      0.04009     -0.00061
 21.78      0.04190      0.03990     -0.00132
 21.80      0.03757      0.03970     -0.00156
 21.82      0.03574      0.03951     -0.00106
 21.84      0.03750      0.03932     -0.00216
 21.86      0.03957      0.03913     -0.00163
 21.88      0.03542      0.03893     -0.00086
 21.90      0.03927      0.03874     -0.00030
 21.92      0.03863      0.03855     -0.00041
 21.94      0.03935      0.03836      0.00013
 21.96      0.03807      0.03817     -0.00041
 21.98      0.03717      0.03798     -0.00043
 22.00      0.03559      0.03779      0.00020
 22.02      0.03759      0.03760      0.00068
 22.04      0.04153      0.03742      0.00190
 22.06      0.03955      0.03723      0.00326
 22.08      0.04231      0.03704      0.00322
 22.10      0.04146      0.03685      0.00297
 22.12      0.03646      0.03666      0.00317
 22.14      0.03932      0.03647      0.00183
 22.16      0.03960      0.03628      0.00181
 22.18      0.03466      0.03609      0.00168
 22.20      0.04044      0.03590      0.00155
 22.22      0.03483      0.03571      0.00061
 22.24      0.03773      0.03552      0.00086
 22.26      0.03395      0.03533      0.00011
 22.28      0.03495      0.03514      0.00003
 22.30      0.03576      0.03495     -0.00016
 22.32      0.03346      0.03476      0.00047
 22.34      0.03582      0.03457      0.00032
 22.36      0.03615      0.03438      0.00026
 22.38      0.03329      0.03419      0.00092
 22.40      0.03447      0.03400      0.00052
 22.42      0.03583      0.03381      0.00013
 22.44      0.03283      0.03362     -0.00065
 22.46      0.03329      0.03342     -0.00098
 22.48      0.02840      0.03323     -0.00150
 22.50      0.03190      0.03304     -0.00171
 22.52      0.03225      0.03286     -0.00167
 22.54      0.03082      0.03267     -0.00106
 22.56      0.03254      0.03248     -0.00109
 22.58      0.03055      0.03229     -0.00121
 22.60      0.03080      0.03211     -0.00198
 22.62      0.03069      0.03192     -0.00250
 22.64      0.02604      0.03173     -0.00300
 22.66      0.02900      0.03155     -0.00341
 22.68      0.02713      0.03136     -0.00330
 22.70      0.02781      0.03118     -0.00336
 22.72      0.03034      0.03099     -0.00294
 22.74      0.02482      0.03081     -0.00200
 22.76      0.03015      0.03063     -0.00236
 22.78      0.03095      0.03044     -0.00301
 22.80      0.02508      0.03026     -0.00228
 22.82      0.02616      0.03008     -0.00260
 22.84      0.02754      0.02990     -0.00342
 22.86      0.02765      0.02972     -0.00242
 22.88      0.02598      0.02954     -0.00186
 22.90      0.02917      0.02936     -0.00136
 22.92      0.02808      0.02918     -0.00113
 22.94      0.02913      0.02900     -0.00093
 22.96      0.02792      0.02883     -0.00184
 22.98      0.02608      0.02865     -0.00183
 23.00      0.02370      0.02847     -0.00220
 23.02      0.02724      0.02830     -0.00184
 23.04      0.02643      0.02812     -0.00116
 23.06      0.02883      0.02794      0.00000
 23.08      0.02861      0.02777      0.00004
 23.10      0.02861      0.02759      0.00111
 23.12      0.02657      0.02742      0.00080
 23.14      0.03092      0.02725      0.00011
 23.16      0.02637      0.02707      0.00011
 23.18      0.02430      0.02690      0.00089
 23.20      0.02772      0.02673      0.00048
 23.22      0.02963      0.02655      0.00077
 23.24      0.02803      0.02638      0.00140
 23.26      0.02695      0.02621      0.00158
 23.28      0.02660      0.02604      0.00162
 23.30      0.02774      0.02587      0.00191
 23.32      0.02897      0.02570      0.00150
 23.34      0.02863      0.02553      0.00137
 23.36      0.02405      0.02536      0.00198
 23.38      0.02512      0.02519      0.00163
 23.40      0.02990      0.02502      0.00090
 23.42      0.02637      0.02485      0.00134
 23.44      0.02415      0.02468      0.00125
 23.46      0.02537      0.02451      0.00114
 23.48      0.02382      0.02434      0.00097
 23.50      0.02852      0.02417      0.00085
 23.52      0.02470      0.02400      0.00047
 23.54      0.02269      0.02383      0.00037
 23.56      0.02262      0.02367     -0.00049
 23.58      0.02247      0.02350      0.00008
 23.60      0.02341      0.02333      0.00058
 23.62      0.02673      0.02317     -0.00020
 23.64      0.02433      0.02300     -0.00042
 23.66      0.01792      0.02284     -0.00027
 23.68      0.02055      0.02267     -0.00063
 23.70      0.02329      0.02251     -0.00053
 23.72      0.02412      0.02235      0.00031
 23.74      0.02400      0.02218      0.00099
 23.76      0.02130      0.02202      0.00067
 23.78      0.02316      0.02185      0.00020
 23.80      0.02083      0.02169     -0.00077
 23.82      0.02097      0.02153     -0.00124
 23.84      0.01834      0.02137     -0.00163
 23.86      0.01815      0.02121     -0.00189
 23.88      0.02038      0.02105     -0.00206
 23.90      0.01875      0.02089     -0.00155
 23.92      0.01931      0.02073     -0.00095
 23.94      0.02009      0.02057     -0.00123
 23.96      0.02037      0.02041     -0.00093
 23.98      0.01818      0.02026     -0.00060
 24.00      0.01946      0.02010     -0.00073
 24.02      0.02017      0.01994     -0.00020
 24.04      0.01866      0.01979      0.00006
 24.06      0.02224      0.01963      0.00012
 24.08      0.01871      0.01948      0.00004
 24.10      0.01897      0.01933      0.00054
 24.12      0.01902      0.01917     -0.00027
 24.14      0.02037      0.01902     -0.00025
 24.16      0.01744      0.01887     -0.00044
 24.18      0.01804      0.01872     -0.00046
 24.20      0.01731      0.01857     -0.00070
 24.22      0.01813      0.01842     -0.00035
 24.24      0.01846      0.01827     -0.00013
 24.26      0.01843      0.01813     -0.00001
 24.28      0.01838      0.01798     -0.00019
 24.30      0.01716      0.01783     -0.00010
 24.32      0.01652      0.01769     -0.00082
 24.34      0.01815      0.01754     -0.00124
 24.36      0.01410      0.01739     -0.00167
 24.38      0.01555      0.01725     -0.00126
 24.40      0.01430      0.01711     -0.00143
 24.42      0.01784      0.01696     -0.00085
 24.44      0.01661      0.01682     -0.00076
 24.46      0.01626      0.01668     -0.00051
 24.48      0.01532      0.01654     -0.00057
 24.50      0.01480      0.01640     -0.00023
 24.52      0.01684      0.01626     -0.00017
 24.54      0.01762      0.01612      0.00036
 24.56      0.01582      0.01598      0.00065
 24.58      0.01727      0.01583      0.00023
 24.60      0.01555      0.01569      0.00010
 24.62      0.01407      0.01556      0.00002
 24.64      0.01624      0.01542     -0.00020
 24.66      0.01473      0.01528     -0.00068
 24.68      0.01549      0.01514     -0.00097
 24.70      0.01248      0.01500     -0.00177
 24.72      0.01188      0.01486     -0.00194
 24.74      0.01158      0.01472     -0.00227
 24.76      0.01315      0.01458     -0.00212
 24.78      0.01315      0.01445     -0.00171
 24.80      0.01256      0.01431     -0.00082
 24.82      0.01326      0.01418     -0.00071
 24.84      0.01535      0.01404     -0.00058
 24.86      0.01300      0.01391     -0.00040
 24.88      0.01314      0.01377     -0.00034
 24.90      0.01277      0.01364     -0.00070
 24.92      0.01291      0.01350     -0.00062
 24.94      0.01285      0.01337     -0.00061
 24.96      0.01272      0.01323     -0.00073
 24.98      0.01254      0.01310     -0.00100
 25.00      0.01148      0.01297     -0.00114
 25.02      0.01089      0.01283     -0.00123
 25.04      0.01149      0.01270     -0.00154
 25.06      0.01164      0.01257     -0.00139
 25.08      0.01032      0.01244     -0.00104
 25.10      0.01156      0.01231     -0.00062
 25.12      0.01197      0.01218     -0.00044
 25.14      0.01293      0.01205      0.00003
 25.16      0.01193      0.01192     -0.00017
 25.18      0.01200      0.01179     -0.00038
 25.20      0.00992      0.01166     -0.00065
 25.22      0.01028      0.01154     -0.00073
 25.24      0.01092      0.01141     -0.00121
 25.26      0.01090      0.01129     -0.00099
 25.28      0.00896      0.01116     -0.00064
 25.30      0.01041      0.01104     -0.00023
 25.32      0.01142      0.01091     -0.00012
 25.34      0.01234      0.01079      0.00059
 25.36      0.01085      0.01067      0.00079
 25.38      0.01186      0.01055      0.00029
 25.40      0.01083      0.01042     -0.00004
 25.42      0.00829      0.01030      0.00013
 25.44      0.01008      0.01018     -0.00021
 25.46      0.01108      0.01006     -0.00046
 25.48      0.00958      0.00994     -0.00006
 25.50      0.00899      0.00983     -0.00011
 25.52      0.00971      0.00971      0.00004
 25.54      0.00922      0.00959      0.00021
 25.56      0.01124      0.00947      0.00032
 25.58      0.00985      0.00936     -0.00002
 25.60      0.00896      0.00924      0.00027
 25.62      0.00743      0.00913      0.00025
 25.64      0.01008      0.00901      0.00003
 25.66      0.01055      0.00890     -0.00012
 25.68      0.00819      0.00878     -0.00003
 25.70      0.00764      0.00867     -0.00032
 25.72      0.00732      0.00856     -0.00060
 25.74      0.00806      0.00845     -0.00014
 25.76      0.00856      0.00833      0.00027
 25.78      0.00993      0.00822      0.00031
 25.80      0.00914      0.00811      0.00042
 25.82      0.00700      0.00800      0.00067
 25.84      0.00807      0.00789      0.00041
 25.86      0.00922      0.00779      0.00002
 25.88      0.00809      0.00768      0.00013
 25.90      0.00667      0.00757      0.00026
 25.92      0.00698      0.00746      0.00014
 25.94      0.00818      0.00735     -0.00015
 25.96      0.00810      0.00725      0.00032
 25.98      0.00607      0.00714      0.00031
 26.00      0.00847      0.00703      0.00021
 26.02      0.00641      0.00693      0.00001
 26.04      0.00716      0.00682      0.00029
 26.06      0.00656      0.00672      0.00013
 26.08      0.00697      0.00661      0.00005
 26.10      0.00711      0.00651     -0.00036
 26.12      0.00550      0.00641     -0.00051
 26.14      0.00459      0.00630     -0.00066
 26.16      0.00530      0.00620     -0.00056
 26.18      0.00573      0.00610     -0.00062
 26.20      0.00710      0.00600     -0.00046
 26.22      0.00469      0.00590     -0.00037
 26.24      0.00490      0.00581     -0.00003
 26.26      0.00527      0.00571     -0.00030
 26.28      0.00690      0.00561     -0.00032
 26.30      0.00531      0.00551     -0.00032
 26.32      0.00410      0.00542     -0.00048
 26.34      0.00440      0.00532     -0.00113
 26.36      0.00400      0.00523     -0.00114
 26.38      0.00320      0.00514     -0.00118
 26.40      0.00477      0.00505     -0.00140
 26.42      0.00345      0.00495     -0.00136
 26.44      0.00282      0.00486     -0.00112
 26.46      0.00375      0.00477     -0.00142
 26.48      0.00392      0.00468     -0.00115
 26.50      0.00283      0.00460     -0.00089
 26.52      0.00437      0.00451     -0.00096
 26.54      0.00366      0.00442     -0.00097
 26.56      0.00299      0.00434     -0.00066
 26.58      0.00345      0.00425     -0.00092
 26.60      0.00390      0.00417     -0.00102
 26.62      0.00267      0.00409     -0.00087
 26.64      0.00272      0.00401     -0.00095
 26.66      0.00333      0.00392     -0.00098
 26.68      0.00268      0.00385     -0.00080
 26.70      0.00332      0.00377     -0.00068
 26.72      0.00318      0.00369     -0.00085
 26.74      0.00292      0.00361     -0.00070
 26.76      0.00210      0.00353     -0.00074
 26.78      0.00301      0.00346     -0.00086
 26.80      0.00275      0.00338     -0.00098
 26.82      0.00222      0.00331     -0.00090
 26.84      0.00192      0.00323     -0.00099
 26.86      0.00213      0.00316     -0.00099
 26.88      0.00221      0.00309     -0.00115
 26.90      0.00238      0.00302     -0.00125
 26.92      0.00104      0.00295     -0.00127
 26.94      0.00108      0.00288     -0.00123
 26.96      0.00168      0.00281     -0.00120
 26.98      0.00207      0.00274     -0.00101
 27.00      0.00220      0.00268     -0.00087
 27.02      0.00164      0.00261     -0.00102
 27.04      0.00142      0.00255     -0.00116
 27.06      0.00065      0.00248     -0.00143
 27.08      0.00103      0.00242     -0.00162
 27.10      0.00052      0.00236     -0.00166
 27.12      0.00039      0.00230     -0.00164
 27.14      0.00090      0.00224     -0.00157
 27.16      0.00048      0.00218     -0.00141
 27.18      0.00107      0.00212     -0.00118
 27.20      0.00103      0.00206     -0.00115
 27.22      0.00120      0.00201     -0.00109
 27.24      0.00077      0.00195     -0.00105
 27.26      0.00051      0.00190     -0.00111
 27.28      0.00102      0.00185     -0.00121
 27.30      0.00043      0.00179     -0.00116
 27.32      0.00043      0.00174     -0.00113
 27.34      0.00077      0.00169     -0.00114
 27.36      0.00038      0.00164     -0.00107
 27.38      0.00077      0.00159     -0.00103
 27.40      0.00051      0.00154     -0.00103
 27.42      0.00038      0.00150     -0.00096
 27.44      0.00051      0.00145     -0.00104
 27.46      0.00051      0.00141     -0.00105
 27.48      0.00013      0.00136     -0.00096
 27.50      0.00025      0.00132     -0.00099
 27.52      0.00063      0.00128     -0.00102
 27.54      0.00013      0.00124     -0.00098
 27.56      0.00013      0.00120     -0.00099
 27.58      0.00013      0.00116     -0.00103
 27.60      0.00000      0.00112     -0.00102
 27.62      0.00025      0.00108     -0.00095
 27.64      0.00000      0.00104     -0.00094
 27.66      0.00025      0.00101     -0.00088
 27.68      0.00000      0.00097     -0.00082
 27.70      0.00013      0.00094     -0.00079
 27.72      0.00038      0.00091     -0.00081
 27.74      0.00000      0.00087     -0.00077
 27.76      0.00000      0.00084     -0.00077
 27.78      0.00000      0.00081     -0.00081
 27.80      0.00000      0.00078     -0.00078
 27.82      0.00000      0.00075     -0.00070
 27.84      0.00000      0.00072     -0.00067
 27.86      0.00025      0.00070     -0.00065
 27.88      0.00000      0.00067     -0.00062
 27.90      0.00000      0.00064     -0.00059
 27.92      0.00000      0.00062     -0.00062
 27.94      0.00000      0.00059     -0.00059
 27.96      0.00000      0.00057     -0.00054
 27.98      0.00000      0.00055     -0.00052
 28.00      0.00012      0.00052     -0.00050
 28.02      0.00000      0.00050     -0.00048
 28.04      0.00000      0.00048     -0.00046
 28.06      0.00000      0.00046     -0.00046
 28.08      0.00000      0.00044     -0.00044
 28.10      0.00000      0.00042     -0.00042
 28.12      0.00000      0.00040     -0.00036
 28.14      0.00000      0.00039     -0.00034
 28.16      0.00025      0.00037     -0.00032
 28.18      0.00000      0.00035     -0.00030
 28.20      0.00000      0.00034     -0.00029
 28.22      0.00000      0.00032     -0.00032
 28.24      0.00000      0.00031     -0.00031
 28.26      0.00000      0.00029     -0.00029
 28.28      0.00000      0.00028     -0.00028
 28.30      0.00000      0.00027     -0.00027
 28.32      0.00000      0.00025     -0.00025
 28.34      0.00000      0.00024     -0.00024
 28.36      0.00000      0.00023     -0.00023
 28.38      0.00000      0.00022     -0.00022
 28.40      0.00000      0.00021     -0.00021
 28.42      0.00000      0.00020     -0.00020
 28.44      0.00000      0.00019     -0.00019
 28.46      0.00000      0.00018     -0.00018
 28.48      0.00000      0.00017     -0.00017
 28.50      0.00000      0.00016     -0.00016
 28.52      0.00000      0.00015     -0.00015
 28.54      0.00000      0.00014     -0.00014
 28.56      0.00000      0.00013     -0.00013
 28.58      0.00000      0.00013     -0.00013
 28.60      0.00000      0.00012     -0.00012
 28.62      0.00000      0.00011     -0.00011
 28.64      0.00000      0.00010     -0.00010
 28.66      0.00000      0.00010     -0.00010
 28.68      0.00000      0.00009     -0.00009
 28.70      0.00000      0.00009     -0.00009
 28.72      0.00000      0.00008     -0.00008
 28.74      0.00000      0.00008     -0.00008
 28.76      0.00000      0.00007     -0.00007
 28.78      0.00000      0.00007     -0.00007
 28.80      0.00000      0.00006     -0.00006
 28.82      0.00000      0.00006     -0.00006
 28.84      0.00000      0.00005     -0.00005
 28.86      0.00000      0.00005     -0.00005
 28.88      0.00000      0.00005     -0.00005
 28.90      0.00000      0.00004     -0.00004
 28.92      0.00000      0.00004     -0.00004
 28.94      0.00000      0.00004     -0.00004
 28.96      0.00000      0.00003     -0.00003
 28.98      0.00000      0.00003     -0.00003
 29.00      0.00000      0.00003     -0.00003
 29.02      0.00000      0.00003     -0.00003
 29.04      0.00000      0.00003     -0.00003
 29.06      0.00000      0.00002     -0.00002
 29.08      0.00000      0.00002     -0.00002
 29.10      0.00000      0.00002     -0.00002
 29.12      0.00000      0.00002     -0.00002
 29.14      0.00000      0.00002     -0.00002
 29.16      0.00000      0.00002     -0.00002
 29.18      0.00000      0.00001     -0.00001
 29.20      0.00000      0.00001     -0.00001
 29.22      0.00000      0.00001     -0.00001
 29.24      0.00000      0.00001     -0.00001
 29.26      0.00000      0.00001     -0.00001
 29.28      0.00000      0.00001     -0.00001
 29.30      0.00000      0.00001     -0.00001
 29.32      0.00000      0.00001     -0.00001
 29.34      0.00000      0.00001     -0.00001
 29.36      0.00000      0.00001     -0.00001
 29.38      0.00000      0.00001     -0.00001
 29.40      0.00000      0.00000     -0.00000
 29.42      0.00000      0.00000     -0.00000
 29.44      0.00000      0.00000     -0.00000
 29.46      0.00000      0.00000     -0.00000
 29.48      0.00000      0.00000     -0.00000
 29.50      0.00000      0.00000     -0.00000
 29.52      0.00000      0.00000     -0.00000
 29.54      0.00000      0.00000     -0.00000
 29.56      0.00000      0.00000     -0.00000
 29.58      0.00000      0.00000     -0.00000
 29.60      0.00000      0.00000     -0.00000
 29.62      0.00000      0.00000     -0.00000
 29.64      0.00000      0.00000     -0.00000
 29.66      0.00000      0.00000     -0.00000
 29.68      0.00000      0.00000     -0.00000
 29.70      0.00000      0.00000     -0.00000
 29.72      0.00000      0.00000     -0.00000
 29.74      0.00000      0.00000     -0.00000
 29.76      0.00000      0.00000     -0.00000
 29.78      0.00000      0.00000     -0.00000
 29.80      0.00000      0.00000     -0.00000
 29.82      0.00000      0.00000     -0.00000
 29.84      0.00000      0.00000     -0.00000
 29.86      0.00000      0.00000     -0.00000
 29.88      0.00000      0.00000     -0.00000
 29.90      0.00000      0.00000     -0.00000
 29.92      0.00000      0.00000     -0.00000
 29.94      0.00000      0.00000     -0.00000
 29.96      0.00000      0.00000     -0.00000
 29.98      0.00000      0.00000     -0.00000
 30.00      0.00000      0.00000     -0.00000
 30.02      0.00000      0.00000     -0.00000
 30.04      0.00000      0.00000     -0.00000
 30.06      0.00000      0.00000     -0.00000
 30.08      0.00000      0.00000     -0.00000
 30.10      0.00000      0.00000     -0.00000
 30.12      0.00000      0.00000     -0.00000
 30.14      0.00000      0.00000     -0.00000
 30.16      0.00000      0.00000     -0.00000
 30.18      0.00000      0.00000      0.00000
 30.20      0.00000      0.00000      0.00000
 30.22      0.00000      0.00000      0.00000
 30.24      0.00000      0.00000      0.00000
 30.26      0.00000      0.00000      0.00000
 30.28      0.00000      0.00000      0.00000
 30.30      0.00000      0.00000      0.00000
 30.32      0.00000      0.00000      0.00000
 30.34      0.00000      0.00000      0.00000
 30.36      0.00000      0.00000      0.00000
 30.38      0.00000      0.00000      0.00000
 30.40      0.00000      0.00000      0.00000
 30.42      0.00000      0.00000      0.00000
 30.44      0.00000      0.00000      0.00000
 30.46      0.00000      0.00000      0.00000
 30.48      0.00000      0.00000      0.00000
 30.50      0.00000      0.00000      0.00000
 30.52      0.00000      0.00000      0.00000
 30.54      0.00000      0.00000      0.00000
 30.56      0.00000      0.00000      0.00000
 30.58      0.00000      0.00000      0.00000
 30.60      0.00000      0.00000      0.00000
 30.62      0.00000      0.00000      0.00000
 30.64      0.00000      0.00000      0.00000
 30.66      0.00000      0.00000      0.00000
 30.68      0.00000      0.00000      0.00000
 30.70      0.00000      0.00000      0.00000
 30.72      0.00000      0.00000      0.00000
 30.74      0.00000      0.00000      0.00000
 30.76      0.00000      0.00000      0.00000
 30.78      0.00000      0.00000      0.00000
 30.80      0.00000      0.00000      0.00000
 30.82      0.00000      0.00000      0.00000
 30.84      0.00000      0.00000      0.00000
 30.86      0.00000      0.00000      0.00000
 30.88      0.00000      0.00000      0.00000
 30.90      0.00000      0.00000      0.00000
 30.92      0.00000      0.00000      0.00000
 30.94      0.00000      0.00000      0.00000
 30.96      0.00000      0.00000      0.00000
 30.98      0.00000      0.00000      0.00000
 31.00      0.00000      0.00000      0.00000
 31.02      0.00000      0.00000      0.00000
 31.04      0.00000      0.00000      0.00000
 31.06      0.00000      0.00000      0.00000
 31.08      0.00000      0.00000      0.00000
 31.10      0.00000      0.00000      0.00000
 31.12      0.00000      0.00000      0.00000
 31.14      0.00000      0.00000      0.00000
 31.16      0.00000      0.00000      0.00000
 31.18      0.00000      0.00000      0.00000
 31.20      0.00000      0.00000      0.00000
 31.22      0.00000      0.00000      0.00000
 31.24      0.00000      0.00000      0.00000
 31.26      0.00000      0.00000      0.00000
 31.28      0.00000      0.00000      0.00000
 31.30      0.00000      0.00000      0.00000
 31.32      0.00000      0.00000      0.00000
 31.34      0.00000      0.00000      0.00000
 31.36      0.00000      0.00000      0.00000
 31.38      0.00000      0.00000      0.00000
 31.40      0.00000      0.00000      0.00000
 31.42      0.00000      0.00000      0.00000
 31.44      0.00000      0.00000      0.00000
 31.46      0.00000      0.00000      0.00000
 31.48      0.00000      0.00000      0.00000
 31.50      0.00000      0.00000      0.00000
 31.52      0.00000      0.00000      0.00000
 31.54      0.00000      0.00000      0.00000
 31.56      0.00000      0.00000      0.00000
 31.58      0.00000      0.00000      0.00000
 31.60      0.00000      0.00000      0.00000
 31.62      0.00000      0.00000      0.00000
 31.64      0.00000      0.00000      0.00000
 31.66      0.00000      0.00000      0.00000
 31.68      0.00000      0.00000      0.00000
 31.70      0.00000      0.00000      0.00000
 31.72      0.00000      0.00000      0.00000
 31.74      0.00000      0.00000      0.00000
 31.76      0.00000      0.00000      0.00000
 31.78      0.00000      0.00000      0.00000
 31.80      0.00000      0.00000      0.00000
 31.82      0.00000      0.00000      0.00000
 31.84      0.00000      0.00000      0.00000
 31.86      0.00000      0.00000      0.00000
 31.88      0.00000      0.00000      0.00000
 31.90      0.00000      0.00000      0.00000
 31.92      0.00000      0.00000      0.00000
 31.94      0.00000      0.00000      0.00000
 31.96      0.00000      0.00000      0.00000
 31.98      0.00000      0.00000      0.00000
 32.00      0.00000      0.00000      0.00000
