 #r(A)        h(r)         Base         G(r)
  0.02      0.00000      0.00000      0.00000
  0.04      0.00000      0.00000      0.00000
  0.06      0.00000      0.00000      0.00000
  0.08      0.00000      0.00000      0.00000
  0.10      0.00000      0.00000      0.00000
  0.12      0.00000      0.00000     -0.00000
  0.14      0.00000      0.00000     -0.00000
  0.16      0.00000      0.00000     -0.00000
  0.18      0.00000      0.00000     -0.00000
  0.20      0.00000      0.00000     -0.00000
  0.22      0.00000      0.00001     -0.00001
  0.24      0.00000      0.00001     -0.00001
  0.26      0.00000      0.00002     -0.00002
  0.28      0.00000      0.00002     -0.00002
  0.30      0.00000      0.00004     -0.00004
  0.32      0.00000      0.00005     -0.00005
  0.34      0.00000      0.00007     -0.00007
  0.36      0.00000      0.00009     -0.00009
  0.38      0.00000      0.00011     -0.00011
  0.40      0.00000      0.00014     -0.00014
  0.42      0.00000      0.00017     -0.00017
  0.44      0.00000      0.00021     -0.00021
  0.46      0.00000      0.00025     -0.00025
  0.48      0.00000      0.00029     -0.00029
  0.50      0.00000      0.00034     -0.00034
  0.52      0.00000      0.00039     -0.00039
  0.54      0.00000      0.00045     -0.00045
  0.56      0.00000      0.00052     -0.00052
  0.58      0.00000      0.00059     -0.00059
  0.60      0.00000      0.00067     -0.00067
  0.62      0.00000      0.00076     -0.00076
  0.64      0.00000      0.00089     -0.00089
  0.66      0.00000      0.00104     -0.00104
  0.68      0.00000      0.00123     -0.00123
  0.70      0.00000      0.00147     -0.00147
  0.72      0.00000      0.00176     -0.00176
  0.74      0.00000      0.00210     -0.00210
  0.76      0.00000      0.00249     -0.00249
  0.78      0.00000      0.00292     -0.00292
  0.80      0.00000      0.00339     -0.00339
  0.82      0.00000      0.00388     -0.00388
  0.84      0.00000      0.00439     -0.00439
  0.86      0.00000      0.00492     -0.00492
  0.88      0.00000      0.00546     -0.00546
  0.90      0.00000      0.00600     -0.00600
  0.92      0.00000      0.00655     -0.00655
  0.94      0.00000      0.00710     -0.00710
  0.96      0.00000      0.00765     -0.00765
  0.98      0.00000      0.00820     -0.00820
  1.00      0.00000      0.00876     -0.00876
  1.02      0.00000      0.00931     -0.00931
  1.04      0.00000      0.00986     -0.00986
  1.06      0.00000      0.01042     -0.01042
  1.08      0.00000      0.01097     -0.01097
  1.10      0.00000      0.01153     -0.01153
  1.12      0.00000      0.01208     -0.01208
  1.14      0.00000      0.01264     -0.01264
  1.16      0.00000      0.01319     -0.01319
  1.18      0.00000      0.01375     -0.01375
  1.20      0.00000      0.01430     -0.01430
  1.22      0.00000      0.01486     -0.01486
  1.24      0.00000      0.01542     -0.01542
  1.26      0.00000      0.01598     -0.01598
  1.28      0.00000      0.01653     -0.01653
  1.30      0.00000      0.01709     -0.01709
  1.32      0.00000      0.01765     -0.01765
  1.34      0.00000      0.01821     -0.01821
  1.36      0.00000      0.01877     -0.01877
  1.38      0.00000      0.01933     -0.01933
  1.40      0.00000      0.01989     -0.01989
  1.42      0.00000      0.02046     -0.02046
  1.44      0.00000      0.02102     -0.02102
  1.46      0.00000      0.02159     -0.02159
  1.48      0.00000      0.02215     -0.02215
  1.50      0.00000      0.02272     -0.02272
  1.52      0.00000      0.02329     -0.02329
  1.54      0.00000      0.02386     -0.02386
  1.56      0.00000      0.02443     -0.02443
  1.58      0.00000      0.02500     -0.02500
  1.60      0.00000      0.02558     -0.02558
  1.62      0.00000      0.02615     -0.02615
  1.64      0.00000      0.02673     -0.02673
  1.66      0.00000      0.02731     -0.02731
  1.68      0.00000      0.02790     -0.02790
  1.70      0.00000      0.02848     -0.02848
  1.72      0.00000      0.02907     -0.02907
  1.74      0.00000      0.02967     -0.02967
  1.76      0.00000      0.03027     -0.03027
  1.78      0.00000      0.03088     -0.03088
  1.80      0.00000      0.03150     -0.03150
  1.82      0.00000      0.03213     -0.03213
  1.84      0.00000      0.03277     -0.03277
  1.86      0.00000      0.03343     -0.03343
  1.88      0.00000      0.03409     -0.03409
  1.90      0.00000      0.03477     -0.03477
  1.92      0.00000      0.03546     -0.03546
  1.94      0.00000      0.03617     -0.03617
  1.96      0.00000      0.03688     -0.03688
  1.98      0.00000      0.03760     -0.03760
  2.00      0.00000      0.03833     -0.03833
  2.02      0.00000      0.03906     -0.03906
  2.04      0.00000      0.03980     -0.03980
  2.06      0.00000      0.04054     -0.04054
  2.08      0.00000      0.04128     -0.04122
  2.10      0.00000      0.04203     -0.04113
  2.12      0.00034      0.04278     -0.04162
  2.14      0.00415      0.04354     -0.04134
  2.16      0.00133      0.04429     -0.04085
  2.18      0.00514      0.04505     -0.03942
  2.20      0.00622      0.04581     -0.03787
  2.22      0.01129      0.04657     -0.03567
  2.24      0.01570      0.04733     -0.03297
  2.26      0.01613      0.04809     -0.03030
  2.28      0.02244      0.04884     -0.02685
  2.30      0.02336      0.04960     -0.02448
  2.32      0.03234      0.05036     -0.02104
  2.34      0.03135      0.05111     -0.01868
  2.36      0.03712      0.05186     -0.01500
  2.38      0.03802      0.05261     -0.01378
  2.40      0.04552      0.05336     -0.01209
  2.42      0.04215      0.05409     -0.01351
  2.44      0.04354      0.05483     -0.01321
  2.46      0.03368      0.05555     -0.01457
  2.48      0.04319      0.05628     -0.01466
  2.50      0.04234      0.05700     -0.01289
  2.52      0.04534      0.05772     -0.01173
  2.54      0.05599      0.05844     -0.00447
  2.56      0.04308      0.05915      0.00677
  2.58      0.08309      0.05987      0.02937
  2.60      0.10211      0.06058      0.06846
  2.62      0.16191      0.06129      0.12006
  2.64      0.25499      0.06198      0.18846
  2.66      0.30465      0.06264      0.25664
  2.68      0.42853      0.06327      0.33442
  2.70      0.44634      0.06385      0.38805
  2.72      0.55395      0.06437      0.41664
  2.74      0.52603      0.06483      0.41786
  2.76      0.45024      0.06522      0.40034
  2.78      0.43686      0.06556      0.34749
  2.80      0.36071      0.06586      0.28234
  2.82      0.29145      0.06612      0.21927
  2.84      0.20175      0.06634      0.15317
  2.86      0.13614      0.06656      0.09283
  2.88      0.10752      0.06676      0.04125
  2.90      0.06006      0.06696      0.00688
  2.92      0.03458      0.06716     -0.01792
  2.94      0.03091      0.06736     -0.03789
  2.96      0.01316      0.06756     -0.04894
  2.98      0.00864      0.06776     -0.05514
  3.00      0.00580      0.06797     -0.06027
  3.02      0.00463      0.06818     -0.06270
  3.04      0.00625      0.06839     -0.06394
  3.06      0.00207      0.06860     -0.06472
  3.08      0.00347      0.06881     -0.06546
  3.10      0.00298      0.06902     -0.06661
  3.12      0.00198      0.06924     -0.06627
  3.14      0.00156      0.06945     -0.06631
  3.16      0.00483      0.06967     -0.06612
  3.18      0.00434      0.06989     -0.06621
  3.20      0.00505      0.07011     -0.06599
  3.22      0.00264      0.07033     -0.06595
  3.24      0.00375      0.07056     -0.06626
  3.26      0.00614      0.07078     -0.06679
  3.28      0.00392      0.07101     -0.06640
  3.30      0.00350      0.07124     -0.06579
  3.32      0.00573      0.07147     -0.06593
  3.34      0.00796      0.07171     -0.06534
  3.36      0.00662      0.07195     -0.06436
  3.38      0.00803      0.07221     -0.06377
  3.40      0.00964      0.07246     -0.06393
  3.42      0.00992      0.07273     -0.06322
  3.44      0.00848      0.07302     -0.06293
  3.46      0.01151      0.07331     -0.06213
  3.48      0.01087      0.07361     -0.06184
  3.50      0.01509      0.07394     -0.06131
  3.52      0.01291      0.07427     -0.06137
  3.54      0.01276      0.07462     -0.06103
  3.56      0.01289      0.07499     -0.06144
  3.58      0.01434      0.07536     -0.06144
  3.60      0.01482      0.07574     -0.05971
  3.62      0.01482      0.07613     -0.05776
  3.64      0.02331      0.07653     -0.05478
  3.66      0.02456      0.07692     -0.05003
  3.68      0.03123      0.07732     -0.04577
  3.70      0.04054      0.07771     -0.04158
  3.72      0.03809      0.07810     -0.03480
  3.74      0.04625      0.07849     -0.02257
  3.76      0.06044      0.07887     -0.01264
  3.78      0.09430      0.07924     -0.00237
  3.80      0.09210      0.07960      0.01338
  3.82      0.09129      0.07994      0.02787
  3.84      0.12677      0.08026      0.03429
  3.86      0.13460      0.08057      0.03990
  3.88      0.12804      0.08085      0.04612
  3.90      0.12166      0.08111      0.04304
  3.92      0.12378      0.08136      0.03495
  3.94      0.11271      0.08158      0.02776
  3.96      0.09537      0.08180      0.01779
  3.98      0.09322      0.08200      0.00468
  4.00      0.07288      0.08220     -0.01012
  4.02      0.05920      0.08239     -0.02003
  4.04      0.03970      0.08259     -0.03213
  4.06      0.04682      0.08280     -0.04080
  4.08      0.03371      0.08302     -0.04735
  4.10      0.03058      0.08325     -0.05111
  4.12      0.02750      0.08349     -0.05667
  4.14      0.02206      0.08375     -0.05867
  4.16      0.02026      0.08404     -0.05955
  4.18      0.02502      0.08434     -0.05987
  4.20      0.02761      0.08466     -0.05963
  4.22      0.02739      0.08500     -0.05791
  4.24      0.02485      0.08535     -0.05754
  4.26      0.03057      0.08571     -0.05654
  4.28      0.02859      0.08608     -0.05671
  4.30      0.03444      0.08646     -0.05416
  4.32      0.02839      0.08684     -0.05446
  4.34      0.03949      0.08722     -0.05423
  4.36      0.03096      0.08761     -0.05332
  4.38      0.03166      0.08800     -0.05331
  4.40      0.04096      0.08839     -0.05463
  4.42      0.03035      0.08878     -0.05278
  4.44      0.03486      0.08917     -0.04919
  4.46      0.04219      0.08957     -0.04887
  4.48      0.05154      0.08996     -0.04469
  4.50      0.04454      0.09035     -0.03887
  4.52      0.05323      0.09074     -0.03094
  4.54      0.06590      0.09113     -0.02152
  4.56      0.08381      0.09151     -0.00835
  4.58      0.10058      0.09189      0.01242
  4.60      0.11231      0.09226      0.03555
  4.62      0.15896      0.09262      0.06402
  4.64      0.18339      0.09297      0.09506
  4.66      0.22795      0.09330      0.13514
  4.68      0.25751      0.09363      0.17205
  4.70      0.31442      0.09394      0.21330
  4.72      0.34511      0.09425      0.25285
  4.74      0.39123      0.09454      0.28693
  4.76      0.42724      0.09482      0.29561
  4.78      0.42937      0.09508      0.29350
  4.80      0.35923      0.09530      0.27352
  4.82      0.33584      0.09551      0.23791
  4.84      0.29244      0.09570      0.18901
  4.86      0.25022      0.09586      0.14807
  4.88      0.18583      0.09601      0.10189
  4.90      0.15532      0.09613      0.05865
  4.92      0.10566      0.09624      0.02232
  4.94      0.07688      0.09635     -0.00218
  4.96      0.06911      0.09644     -0.02628
  4.98      0.06387      0.09654     -0.03960
  5.00      0.03531      0.09662     -0.04900
  5.02      0.03953      0.09671     -0.05763
  5.04      0.03029      0.09680     -0.06692
  5.06      0.02641      0.09688     -0.07020
  5.08      0.01783      0.09698     -0.07448
  5.10      0.01937      0.09708     -0.07640
  5.12      0.01861      0.09719     -0.07729
  5.14      0.02119      0.09732     -0.07774
  5.16      0.02249      0.09745     -0.07801
  5.18      0.01622      0.09760     -0.07769
  5.20      0.01865      0.09778     -0.07776
  5.22      0.02104      0.09798     -0.07681
  5.24      0.02170      0.09822     -0.07298
  5.26      0.02826      0.09848     -0.07011
  5.28      0.03651      0.09877     -0.06428
  5.30      0.03433      0.09910     -0.05902
  5.32      0.05165      0.09944     -0.05088
  5.34      0.04960      0.09981     -0.03826
  5.36      0.07074      0.10020     -0.02704
  5.38      0.10147      0.10061     -0.01238
  5.40      0.09234      0.10101      0.00272
  5.42      0.12696      0.10142      0.01449
  5.44      0.12712      0.10182      0.03025
  5.46      0.13164      0.10220      0.04847
  5.48      0.18227      0.10257      0.05508
  5.50      0.18539      0.10292      0.06108
  5.52      0.16187      0.10323      0.06826
  5.54      0.15880      0.10353      0.05718
  5.56      0.16912      0.10379      0.04546
  5.58      0.12836      0.10404      0.03322
  5.60      0.12811      0.10426      0.01617
  5.62      0.10192      0.10446     -0.00639
  5.64      0.07465      0.10465     -0.02291
  5.66      0.05731      0.10483     -0.03866
  5.68      0.04672      0.10500     -0.05152
  5.70      0.05024      0.10518     -0.05921
  5.72      0.03848      0.10535     -0.06538
  5.74      0.03708      0.10553     -0.06874
  5.76      0.02732      0.10571     -0.07313
  5.78      0.03085      0.10590     -0.07438
  5.80      0.02915      0.10609     -0.07540
  5.82      0.03317      0.10629     -0.07299
  5.84      0.03295      0.10650     -0.07220
  5.86      0.04037      0.10672     -0.06768
  5.88      0.03586      0.10695     -0.06381
  5.90      0.05283      0.10719     -0.05760
  5.92      0.05365      0.10744     -0.04762
  5.94      0.06521      0.10769     -0.03564
  5.96      0.09150      0.10796     -0.02242
  5.98      0.09707      0.10822     -0.00664
  6.00      0.12023      0.10848      0.00939
  6.02      0.13386      0.10873      0.02441
  6.04      0.14668      0.10897      0.04252
  6.06      0.16783      0.10920      0.05989
  6.08      0.18886      0.10941      0.07623
  6.10      0.20824      0.10959      0.09234
  6.12      0.21657      0.10975      0.10851
  6.14      0.22817      0.10989      0.12041
  6.16      0.24950      0.10999      0.12136
  6.18      0.24901      0.11007      0.12038
  6.20      0.21351      0.11011      0.11245
  6.22      0.21203      0.11014      0.09315
  6.24      0.18875      0.11015      0.07341
  6.26      0.15316      0.11015      0.05290
  6.28      0.15033      0.11013      0.02797
  6.30      0.11095      0.11012      0.00333
  6.32      0.08734      0.11010     -0.01490
  6.34      0.06547      0.11009     -0.03393
  6.36      0.06192      0.11008     -0.04552
  6.38      0.05511      0.11008     -0.05503
  6.40      0.05298      0.11009     -0.06184
  6.42      0.03976      0.11010     -0.06708
  6.44      0.03146      0.11011     -0.07089
  6.46      0.03579      0.11014     -0.07388
  6.48      0.03613      0.11017     -0.07248
  6.50      0.03813      0.11020     -0.07078
  6.52      0.04695      0.11025     -0.06885
  6.54      0.04014      0.11029     -0.06532
  6.56      0.04562      0.11034     -0.06106
  6.58      0.05401      0.11040     -0.05599
  6.60      0.05967      0.11046     -0.04947
  6.62      0.07258      0.11054     -0.04010
  6.64      0.07306      0.11062     -0.03336
  6.66      0.09286      0.11072     -0.02614
  6.68      0.08815      0.11083     -0.01912
  6.70      0.09626      0.11096     -0.01342
  6.72      0.10819      0.11111     -0.01323
  6.74      0.10221      0.11128     -0.01002
  6.76      0.09456      0.11148     -0.00917
  6.78      0.10511      0.11171     -0.01197
  6.80      0.10150      0.11197     -0.01479
  6.82      0.09532      0.11227     -0.01921
  6.84      0.08942      0.11260     -0.02624
  6.86      0.07396      0.11295     -0.03398
  6.88      0.07161      0.11332     -0.04217
  6.90      0.06451      0.11371     -0.04656
  6.92      0.05627      0.11412     -0.05120
  6.94      0.06942      0.11453     -0.05517
  6.96      0.05279      0.11496     -0.05660
  6.98      0.05384      0.11538     -0.05545
  7.00      0.05948      0.11581     -0.05508
  7.02      0.06411      0.11625     -0.04873
  7.04      0.07345      0.11669     -0.04026
  7.06      0.08674      0.11713     -0.03031
  7.08      0.09837      0.11757     -0.01663
  7.10      0.11141      0.11800     -0.00615
  7.12      0.13473      0.11843      0.01030
  7.14      0.12801      0.11885      0.04210
  7.16      0.17116      0.11926      0.06906
  7.18      0.25944      0.11966      0.10144
  7.20      0.24830      0.12002      0.14307
  7.22      0.29860      0.12034      0.17641
  7.24      0.33794      0.12062      0.20337
  7.26      0.33949      0.12085      0.22144
  7.28      0.39563      0.12102      0.22760
  7.30      0.33981      0.12113      0.22389
  7.32      0.33023      0.12118      0.21502
  7.34      0.31994      0.12118      0.18819
  7.36      0.29539      0.12113      0.16540
  7.38      0.26145      0.12103      0.13695
  7.40      0.22560      0.12090      0.10810
  7.42      0.18754      0.12075      0.07242
  7.44      0.17503      0.12058      0.03994
  7.46      0.11621      0.12039      0.01025
  7.48      0.09820      0.12021     -0.01207
  7.50      0.07624      0.12004     -0.03275
  7.52      0.07502      0.11988     -0.04521
  7.54      0.07077      0.11974     -0.05536
  7.56      0.05313      0.11961     -0.06000
  7.58      0.04672      0.11950     -0.06592
  7.60      0.05241      0.11942     -0.07114
  7.62      0.04490      0.11935     -0.07274
  7.64      0.04425      0.11930     -0.07277
  7.66      0.04474      0.11926     -0.06896
  7.68      0.04630      0.11923     -0.06637
  7.70      0.07130      0.11921     -0.06394
  7.72      0.05771      0.11920     -0.05897
  7.74      0.05631      0.11919     -0.05584
  7.76      0.06952      0.11919     -0.05655
  7.78      0.06192      0.11920     -0.05572
  7.80      0.06778      0.11921     -0.05476
  7.82      0.06186      0.11924     -0.05560
  7.84      0.06121      0.11927     -0.05623
  7.86      0.06540      0.11932     -0.05762
  7.88      0.05897      0.11938     -0.05661
  7.90      0.06102      0.11945     -0.05640
  7.92      0.06723      0.11954     -0.05840
  7.94      0.06265      0.11965     -0.05561
  7.96      0.05582      0.11978     -0.05479
  7.98      0.07350      0.11993     -0.05354
  8.00      0.06575      0.12010     -0.04865
  8.02      0.07424      0.12028     -0.04037
  8.04      0.08793      0.12048     -0.03475
  8.06      0.09810      0.12069     -0.02863
  8.08      0.10264      0.12092     -0.02133
  8.10      0.09741      0.12115     -0.01467
  8.12      0.11185      0.12139     -0.00395
  8.14      0.12241      0.12165      0.01023
  8.16      0.15290      0.12191      0.02558
  8.18      0.17480      0.12217      0.04482
  8.20      0.17547      0.12242      0.06031
  8.22      0.20937      0.12268      0.07510
  8.24      0.20110      0.12291      0.08174
  8.26      0.22814      0.12314      0.08933
  8.28      0.20919      0.12334      0.08561
  8.30      0.21457      0.12352      0.07962
  8.32      0.19174      0.12368      0.06944
  8.34      0.17207      0.12382      0.05872
  8.36      0.17803      0.12394      0.04051
  8.38      0.15629      0.12403      0.02628
  8.40      0.12410      0.12411      0.01356
  8.42      0.12108      0.12418     -0.00027
  8.44      0.10884      0.12423     -0.01278
  8.46      0.10921      0.12427     -0.02080
  8.48      0.09405      0.12431     -0.02804
  8.50      0.08420      0.12434     -0.03319
  8.52      0.08507      0.12437     -0.03685
  8.54      0.08323      0.12439     -0.03710
  8.56      0.09103      0.12442     -0.03404
  8.58      0.09291      0.12444     -0.02781
  8.60      0.09963      0.12446     -0.01926
  8.62      0.11636      0.12449     -0.01249
  8.64      0.12611      0.12451     -0.00406
  8.66      0.12500      0.12453      0.00546
  8.68      0.13514      0.12455      0.00982
  8.70      0.14731      0.12456      0.01214
  8.72      0.13825      0.12457      0.01429
  8.74      0.13780      0.12458      0.01088
  8.76      0.13581      0.12458      0.00560
  8.78      0.11811      0.12459      0.00150
  8.80      0.12097      0.12459     -0.00447
  8.82      0.11776      0.12459     -0.01265
  8.84      0.10796      0.12459     -0.01893
  8.86      0.09490      0.12459     -0.02509
  8.88      0.08674      0.12458     -0.03188
  8.90      0.09011      0.12458     -0.03772
  8.92      0.08381      0.12457     -0.04130
  8.94      0.07871      0.12456     -0.04329
  8.96      0.07698      0.12455     -0.04237
  8.98      0.07673      0.12455     -0.03908
  9.00      0.09470      0.12453     -0.03272
  9.02      0.10021      0.12452     -0.02369
  9.04      0.11047      0.12450     -0.01127
  9.06      0.12202      0.12447     -0.00224
  9.08      0.13876      0.12444      0.00594
  9.10      0.13971      0.12439      0.01241
  9.12      0.14094      0.12434      0.01975
  9.14      0.14257      0.12427      0.02129
  9.16      0.15844      0.12421      0.02235
  9.18      0.14615      0.12413      0.01904
  9.20      0.14468      0.12405      0.01324
  9.22      0.12401      0.12398      0.00162
  9.24      0.11319      0.12392     -0.00467
  9.26      0.09999      0.12388     -0.01653
  9.28      0.11436      0.12387     -0.02234
  9.30      0.08521      0.12388     -0.02650
  9.32      0.09492      0.12393     -0.02848
  9.34      0.09242      0.12401     -0.03465
  9.36      0.09032      0.12412     -0.03413
  9.38      0.08392      0.12426     -0.03348
  9.40      0.08838      0.12443     -0.02929
  9.42      0.09884      0.12462     -0.02511
  9.44      0.11423      0.12483     -0.01782
  9.46      0.11217      0.12505     -0.01055
  9.48      0.12143      0.12528     -0.00525
  9.50      0.12583      0.12551     -0.00018
  9.52      0.12652      0.12574      0.00541
  9.54      0.14069      0.12596      0.00668
  9.56      0.14126      0.12618      0.01221
  9.58      0.12893      0.12638      0.01419
  9.60      0.15452      0.12658      0.01386
  9.62      0.13748      0.12676      0.01078
  9.64      0.13999      0.12694      0.01354
  9.66      0.12682      0.12710      0.00686
  9.68      0.14356      0.12725      0.00430
  9.70      0.12193      0.12740      0.00709
  9.72      0.12549      0.12753      0.00985
  9.74      0.15462      0.12766      0.01382
  9.76      0.14132      0.12778      0.02482
  9.78      0.16404      0.12789      0.03570
  9.80      0.17755      0.12799      0.04685
  9.82      0.18044      0.12807      0.06308
  9.84      0.21082      0.12814      0.07450
  9.86      0.22288      0.12818      0.08644
  9.88      0.22150      0.12821      0.10528
  9.90      0.23749      0.12821      0.11735
  9.92      0.27473      0.12818      0.12186
  9.94      0.27117      0.12813      0.12675
  9.96      0.24532      0.12804      0.12375
  9.98      0.24569      0.12793      0.11479
 10.00      0.22205      0.12779      0.09891
 10.02      0.22935      0.12763      0.08688
 10.04      0.19108      0.12745      0.06828
 10.06      0.18441      0.12726      0.05207
 10.08      0.15176      0.12706      0.03190
 10.10      0.14003      0.12685      0.01453
 10.12      0.12751      0.12664     -0.00429
 10.14      0.10321      0.12644     -0.01964
 10.16      0.08924      0.12623     -0.03469
 10.18      0.07398      0.12604     -0.04802
 10.20      0.06381      0.12586     -0.05726
 10.22      0.05988      0.12569     -0.06293
 10.24      0.05607      0.12555     -0.06795
 10.26      0.06007      0.12542     -0.07039
 10.28      0.04812      0.12530     -0.07303
 10.30      0.05100      0.12522     -0.07354
 10.32      0.04610      0.12515     -0.07356
 10.34      0.05308      0.12510     -0.07075
 10.36      0.05962      0.12507     -0.06835
 10.38      0.06195      0.12505     -0.06486
 10.40      0.06287      0.12505     -0.06031
 10.42      0.06344      0.12507     -0.05614
 10.44      0.07583      0.12509     -0.05048
 10.46      0.08054      0.12512     -0.04402
 10.48      0.09037      0.12515     -0.03423
 10.50      0.09531      0.12519     -0.02844
 10.52      0.11255      0.12523     -0.01808
 10.54      0.10500      0.12526     -0.01185
 10.56      0.13252      0.12530     -0.00334
 10.58      0.12169      0.12533      0.00316
 10.60      0.13803      0.12536      0.01369
 10.62      0.14519      0.12538      0.01697
 10.64      0.15781      0.12539      0.02346
 10.66      0.14901      0.12540      0.02815
 10.68      0.15419      0.12540      0.02996
 10.70      0.16154      0.12539      0.02719
 10.72      0.15422      0.12538      0.02867
 10.74      0.14395      0.12536      0.02794
 10.76      0.15636      0.12534      0.02144
 10.78      0.15044      0.12531      0.01396
 10.80      0.12893      0.12528      0.00750
 10.82      0.11670      0.12524     -0.00307
 10.84      0.11147      0.12521     -0.01432
 10.86      0.10333      0.12517     -0.02166
 10.88      0.09399      0.12513     -0.02589
 10.90      0.09203      0.12509     -0.03105
 10.92      0.09537      0.12506     -0.03377
 10.94      0.08551      0.12502     -0.03492
 10.96      0.08952      0.12498     -0.03719
 10.98      0.08806      0.12495     -0.04012
 11.00      0.08049      0.12491     -0.03806
 11.02      0.08059      0.12488     -0.03896
 11.04      0.09561      0.12485     -0.03775
 11.06      0.08487      0.12482     -0.03731
 11.08      0.09392      0.12480     -0.03628
 11.10      0.08257      0.12478     -0.03745
 11.12      0.08560      0.12476     -0.03469
 11.14      0.08965      0.12476     -0.03307
 11.16      0.09862      0.12476     -0.02882
 11.18      0.10202      0.12477     -0.02303
 11.20      0.10380      0.12479     -0.01966
 11.22      0.11461      0.12481     -0.01412
 11.24      0.10659      0.12483     -0.00464
 11.26      0.12642      0.12485      0.00273
 11.28      0.14956      0.12488      0.00953
 11.30      0.14077      0.12489      0.01978
 11.32      0.14872      0.12490      0.02622
 11.34      0.15790      0.12490      0.02741
 11.36      0.15865      0.12488      0.03261
 11.38      0.15548      0.12486      0.03575
 11.40      0.16672      0.12482      0.03690
 11.42      0.16426      0.12477      0.03516
 11.44      0.16349      0.12470      0.03156
 11.46      0.14968      0.12462      0.02557
 11.48      0.13714      0.12454      0.01852
 11.50      0.13639      0.12444      0.00989
 11.52      0.12860      0.12434      0.00470
 11.54      0.11983      0.12424      0.00145
 11.56      0.12324      0.12414     -0.00250
 11.58      0.12038      0.12403     -0.00380
 11.60      0.11614      0.12393     -0.00180
 11.62      0.12157      0.12382     -0.00262
 11.64      0.12932      0.12372     -0.00255
 11.66      0.11863      0.12362     -0.00072
 11.68      0.12022      0.12353      0.00157
 11.70      0.12479      0.12343      0.00056
 11.72      0.13253      0.12334      0.00223
 11.74      0.12379      0.12325      0.00385
 11.76      0.12655      0.12316      0.00744
 11.78      0.12785      0.12307      0.00757
 11.80      0.14229      0.12299      0.01343
 11.82      0.13271      0.12291      0.01827
 11.84      0.15270      0.12284      0.02127
 11.86      0.15034      0.12277      0.02348
 11.88      0.14246      0.12270      0.02888
 11.90      0.15302      0.12264      0.02996
 11.92      0.15939      0.12259      0.03319
 11.94      0.15781      0.12254      0.03783
 11.96      0.16618      0.12250      0.04194
 11.98      0.16547      0.12247      0.04281
 12.00      0.17333      0.12243      0.04559
 12.02      0.16357      0.12241      0.04843
 12.04      0.17160      0.12238      0.05103
 12.06      0.18022      0.12235      0.04924
 12.08      0.17830      0.12231      0.05041
 12.10      0.16424      0.12227      0.04720
 12.12      0.16925      0.12222      0.03977
 12.14      0.15534      0.12216      0.03447
 12.16      0.14280      0.12210      0.02687
 12.18      0.15154      0.12203      0.01502
 12.20      0.12591      0.12195      0.00606
 12.22      0.10965      0.12187     -0.00220
 12.24      0.11016      0.12178     -0.01148
 12.26      0.10108      0.12169     -0.01700
 12.28      0.10469      0.12160     -0.02054
 12.30      0.09788      0.12151     -0.02271
 12.32      0.09148      0.12142     -0.02345
 12.34      0.09889      0.12132     -0.02487
 12.36      0.09690      0.12123     -0.02569
 12.38      0.09713      0.12113     -0.02341
 12.40      0.09329      0.12104     -0.02279
 12.42      0.10243      0.12095     -0.02285
 12.44      0.10150      0.12086     -0.02128
 12.46      0.09615      0.12076     -0.01817
 12.48      0.10450      0.12067     -0.01499
 12.50      0.10840      0.12058     -0.01207
 12.52      0.11785      0.12049     -0.00831
 12.54      0.11565      0.12039     -0.00610
 12.56      0.11450      0.12030     -0.00316
 12.58      0.11507      0.12021     -0.00334
 12.60      0.12261      0.12011      0.00003
 12.62      0.11649      0.12001      0.00257
 12.64      0.13202      0.11992      0.00266
 12.66      0.12670      0.11982      0.00242
 12.68      0.11504      0.11972      0.00129
 12.70      0.12092      0.11962     -0.00365
 12.72      0.11036      0.11953     -0.00705
 12.74      0.10686      0.11943     -0.00701
 12.76      0.10919      0.11934     -0.00966
 12.78      0.11476      0.11925     -0.01088
 12.80      0.10723      0.11916     -0.01223
 12.82      0.10380      0.11907     -0.01318
 12.84      0.09966      0.11898     -0.01732
 12.86      0.10403      0.11889     -0.01719
 12.88      0.09357      0.11880     -0.01831
 12.90      0.10744      0.11871     -0.01585
 12.92      0.09776      0.11861     -0.01731
 12.94      0.11150      0.11851     -0.01821
 12.96      0.09622      0.11841     -0.01912
 12.98      0.08859      0.11830     -0.01785
 13.00      0.10235      0.11819     -0.01762
 13.02      0.10360      0.11807     -0.01566
 13.04      0.11208      0.11795     -0.01167
 13.06      0.10545      0.11783     -0.01250
 13.08      0.10794      0.11770     -0.01221
 13.10      0.09755      0.11756     -0.01042
 13.12      0.10441      0.11743     -0.00911
 13.14      0.12039      0.11729     -0.00849
 13.16      0.11127      0.11714     -0.00513
 13.18      0.11037      0.11699     -0.00282
 13.20      0.11359      0.11684     -0.00524
 13.22      0.11524      0.11668     -0.00657
 13.24      0.10752      0.11652     -0.00488
 13.26      0.10381      0.11636     -0.00515
 13.28      0.11804      0.11620     -0.00472
 13.30      0.11144      0.11604     -0.00540
 13.32      0.11660      0.11589     -0.00340
 13.34      0.10331      0.11574     -0.00724
 13.36      0.11303      0.11559     -0.01093
 13.38      0.09808      0.11545     -0.01529
 13.40      0.09229      0.11531     -0.01590
 13.42      0.09406      0.11519     -0.01914
 13.44      0.09962      0.11507     -0.01749
 13.46      0.09620      0.11496     -0.01649
 13.48      0.10572      0.11487     -0.01492
 13.50      0.09674      0.11477     -0.01591
 13.52      0.10142      0.11468     -0.01618
 13.54      0.09422      0.11460     -0.01684
 13.56      0.09441      0.11451     -0.01461
 13.58      0.10200      0.11443     -0.01290
 13.60      0.10747      0.11436     -0.00736
 13.62      0.10959      0.11428     -0.00176
 13.64      0.12150      0.11420      0.00289
 13.66      0.12204      0.11412      0.00885
 13.68      0.12484      0.11404      0.01473
 13.70      0.13691      0.11395      0.01808
 13.72      0.13858      0.11386      0.02131
 13.74      0.13778      0.11377      0.02646
 13.76      0.13774      0.11367      0.02929
 13.78      0.15011      0.11356      0.03261
 13.80      0.15057      0.11345      0.03307
 13.82      0.15469      0.11333      0.03421
 13.84      0.13948      0.11321      0.03302
 13.86      0.14287      0.11308      0.03093
 13.88      0.14356      0.11296      0.02699
 13.90      0.13950      0.11283      0.02834
 13.92      0.13435      0.11270      0.02582
 13.94      0.14557      0.11257      0.02016
 13.96      0.12964      0.11244      0.01583
 13.98      0.11460      0.11231      0.01175
 14.00      0.11717      0.11218      0.00417
 14.02      0.11330      0.11206      0.00068
 14.04      0.10703      0.11194      0.00035
 14.06      0.11157      0.11183     -0.00140
 14.08      0.11238      0.11173     -0.00274
 14.10      0.10786      0.11162     -0.00149
 14.12      0.10608      0.11153     -0.00191
 14.14      0.11280      0.11144      0.00040
 14.16      0.10896      0.11135      0.00444
 14.18      0.12348      0.11127      0.00901
 14.20      0.12764      0.11119      0.01168
 14.22      0.12853      0.11110      0.01595
 14.24      0.12571      0.11101      0.01691
 14.26      0.12992      0.11092      0.01932
 14.28      0.12780      0.11082      0.02023
 14.30      0.13920      0.11071      0.02183
 14.32      0.13261      0.11059      0.02341
 14.34      0.13318      0.11047      0.02576
 14.36      0.13723      0.11034      0.02659
 14.38      0.13892      0.11020      0.02832
 14.40      0.14269      0.11005      0.02996
 14.42      0.14054      0.10989      0.03007
 14.44      0.14065      0.10972      0.02837
 14.46      0.13698      0.10954      0.02693
 14.48      0.12955      0.10935      0.02250
 14.50      0.13461      0.10916      0.01975
 14.52      0.11747      0.10895      0.01469
 14.54      0.12590      0.10875      0.01034
 14.56      0.11068      0.10854      0.00420
 14.58      0.10676      0.10833      0.00222
 14.60      0.10288      0.10811     -0.00392
 14.62      0.10653      0.10790     -0.00503
 14.64      0.09410      0.10769     -0.00685
 14.66      0.10410      0.10748     -0.00765
 14.68      0.09658      0.10727     -0.01182
 14.70      0.09784      0.10706     -0.01238
 14.72      0.08462      0.10686     -0.01611
 14.74      0.09030      0.10666     -0.01823
 14.76      0.08441      0.10647     -0.02190
 14.78      0.08499      0.10628     -0.02261
 14.80      0.07852      0.10609     -0.02570
 14.82      0.08010      0.10591     -0.02738
 14.84      0.07390      0.10574     -0.02960
 14.86      0.07515      0.10557     -0.02981
 14.88      0.07298      0.10540     -0.03122
 14.90      0.07662      0.10524     -0.03121
 14.92      0.07225      0.10509     -0.03031
 14.94      0.07317      0.10494     -0.03123
 14.96      0.07887      0.10479     -0.03196
 14.98      0.06767      0.10465     -0.03183
 15.00      0.07224      0.10451     -0.02907
 15.02      0.07216      0.10438     -0.03039
 15.04      0.08630      0.10425     -0.02759
 15.06      0.07158      0.10412     -0.02593
 15.08      0.08102      0.10399     -0.02375
 15.10      0.07984      0.10386     -0.02360
 15.12      0.08244      0.10374     -0.02096
 15.14      0.08645      0.10362     -0.01928
 15.16      0.08418      0.10350     -0.01606
 15.18      0.08877      0.10338     -0.01393
 15.20      0.09534      0.10326     -0.01091
 15.22      0.09250      0.10314     -0.00675
 15.24      0.10094      0.10302     -0.00222
 15.26      0.10440      0.10290      0.00148
 15.28      0.11085      0.10278      0.00499
 15.30      0.11323      0.10265      0.00779
 15.32      0.10945      0.10253      0.00901
 15.34      0.11431      0.10239      0.00863
 15.36      0.10984      0.10226      0.01201
 15.38      0.10828      0.10212      0.01368
 15.40      0.12948      0.10197      0.01612
 15.42      0.11708      0.10182      0.01793
 15.44      0.12581      0.10167      0.01973
 15.46      0.11811      0.10150      0.01440
 15.48      0.11648      0.10133      0.01341
 15.50      0.10201      0.10115      0.00840
 15.52      0.11129      0.10097      0.00420
 15.54      0.09986      0.10078      0.00221
 15.56      0.09620      0.10060      0.00242
 15.58      0.10560      0.10041     -0.00098
 15.60      0.10215      0.10021     -0.00288
 15.62      0.09335      0.10002     -0.00222
 15.64      0.08938      0.09982     -0.00496
 15.66      0.09853      0.09963     -0.00521
 15.68      0.09092      0.09943     -0.00440
 15.70      0.09990      0.09924     -0.00099
 15.72      0.09643      0.09905      0.00048
 15.74      0.10548      0.09886      0.00372
 15.76      0.10493      0.09868      0.00428
 15.78      0.10616      0.09849      0.00594
 15.80      0.10178      0.09831      0.00861
 15.82      0.10379      0.09813      0.01130
 15.84      0.11792      0.09795      0.01462
 15.86      0.11749      0.09777      0.01873
 15.88      0.12186      0.09760      0.02210
 15.90      0.12144      0.09742      0.02129
 15.92      0.11977      0.09723      0.02179
 15.94      0.11300      0.09705      0.02048
 15.96      0.11904      0.09687      0.01812
 15.98      0.11443      0.09669      0.01619
 16.00      0.10871      0.09650      0.01474
 16.02      0.10922      0.09632      0.01338
 16.04      0.10484      0.09613      0.00940
 16.06      0.11131      0.09595      0.00823
 16.08      0.09358      0.09576      0.00616
 16.10      0.10192      0.09557      0.00510
 16.12      0.09792      0.09538      0.00121
 16.14      0.09859      0.09519      0.00211
 16.16      0.09092      0.09501      0.00089
 16.18      0.09714      0.09482      0.00065
 16.20      0.09488      0.09463     -0.00088
 16.22      0.09579      0.09445     -0.00116
 16.24      0.09002      0.09426     -0.00441
 16.26      0.08860      0.09408     -0.00558
 16.28      0.07994      0.09390     -0.00716
 16.30      0.08815      0.09373     -0.00692
 16.32      0.08698      0.09356     -0.00637
 16.34      0.09037      0.09339     -0.00405
 16.36      0.09049      0.09323     -0.00572
 16.38      0.09073      0.09306     -0.00704
 16.40      0.07897      0.09291     -0.00586
 16.42      0.07955      0.09275     -0.00602
 16.44      0.09550      0.09260     -0.00592
 16.46      0.08891      0.09246     -0.00406
 16.48      0.09048      0.09232     -0.00209
 16.50      0.08753      0.09218     -0.00284
 16.52      0.08871      0.09204     -0.00374
 16.54      0.09106      0.09191     -0.00429
 16.56      0.08372      0.09178     -0.00329
 16.58      0.08710      0.09165     -0.00352
 16.60      0.09187      0.09152     -0.00251
 16.62      0.08688      0.09139     -0.00020
 16.64      0.09547      0.09126      0.00090
 16.66      0.09466      0.09113      0.00081
 16.68      0.09192      0.09100      0.00510
 16.70      0.09080      0.09086      0.00560
 16.72      0.10765      0.09073      0.00871
 16.74      0.09729      0.09059      0.01172
 16.76      0.10953      0.09044      0.01554
 16.78      0.10626      0.09029      0.01516
 16.80      0.10918      0.09013      0.01659
 16.82      0.10500      0.08996      0.01475
 16.84      0.10363      0.08979      0.01313
 16.86      0.09949      0.08961      0.01183
 16.88      0.09731      0.08942      0.01089
 16.90      0.10178      0.08923      0.00868
 16.92      0.09934      0.08904      0.00660
 16.94      0.09162      0.08883      0.00441
 16.96      0.08814      0.08863      0.00102
 16.98      0.08535      0.08842     -0.00228
 17.00      0.08381      0.08821     -0.00432
 17.02      0.08175      0.08799     -0.00695
 17.04      0.08038      0.08777     -0.00979
 17.06      0.07392      0.08755     -0.01060
 17.08      0.07006      0.08733     -0.01238
 17.10      0.07865      0.08711     -0.01408
 17.12      0.07178      0.08689     -0.01370
 17.14      0.07078      0.08667     -0.01218
 17.16      0.07469      0.08646     -0.01238
 17.18      0.07659      0.08624     -0.01174
 17.20      0.07657      0.08602     -0.01107
 17.22      0.07388      0.08580     -0.00995
 17.24      0.07302      0.08558     -0.01054
 17.26      0.07921      0.08537     -0.01093
 17.28      0.07256      0.08515     -0.01003
 17.30      0.07350      0.08494     -0.00925
 17.32      0.07732      0.08473     -0.00947
 17.34      0.07587      0.08452     -0.00837
 17.36      0.07701      0.08432     -0.00868
 17.38      0.07705      0.08411     -0.00759
 17.40      0.07092      0.08392     -0.00740
 17.42      0.08179      0.08372     -0.00713
 17.44      0.07580      0.08353     -0.00835
 17.46      0.07739      0.08334     -0.00790
 17.48      0.06998      0.08315     -0.00983
 17.50      0.07224      0.08297     -0.00921
 17.52      0.07120      0.08279     -0.01036
 17.54      0.07801      0.08261     -0.00870
 17.56      0.07070      0.08244     -0.00772
 17.58      0.07740      0.08227     -0.00548
 17.60      0.07627      0.08209     -0.00406
 17.62      0.08157      0.08192     -0.00187
 17.64      0.08424      0.08175     -0.00093
 17.66      0.08080      0.08158      0.00113
 17.68      0.08121      0.08140      0.00318
 17.70      0.08569      0.08123      0.00353
 17.72      0.09096      0.08105      0.00345
 17.74      0.08515      0.08087      0.00487
 17.76      0.07951      0.08069      0.00411
 17.78      0.08738      0.08051      0.00515
 17.80      0.08098      0.08032      0.00490
 17.82      0.09527      0.08014      0.00532
 17.84      0.08297      0.07996      0.00476
 17.86      0.08070      0.07977      0.00621
 17.88      0.08365      0.07959      0.00502
 17.90      0.08736      0.07941      0.00617
 17.92      0.08837      0.07923      0.00804
 17.94      0.08783      0.07905      0.01005
 17.96      0.08914      0.07887      0.01011
 17.98      0.09283      0.07869      0.01030
 18.00      0.08673      0.07851      0.01133
 18.02      0.08844      0.07833      0.01073
 18.04      0.09210      0.07815      0.01054
 18.06      0.08524      0.07797      0.01287
 18.08      0.09096      0.07779      0.01231
 18.10      0.09744      0.07760      0.01196
 18.12      0.08475      0.07742      0.01353
 18.14      0.08944      0.07723      0.01220
 18.16      0.09216      0.07704      0.00855
 18.18      0.08336      0.07685      0.00860
 18.20      0.07823      0.07666      0.00651
 18.22      0.08404      0.07647      0.00421
 18.24      0.07803      0.07627      0.00365
 18.26      0.07972      0.07608      0.00281
 18.28      0.07957      0.07588      0.00242
 18.30      0.07306      0.07568      0.00237
 18.32      0.08115      0.07549      0.00100
 18.34      0.07678      0.07529      0.00145
 18.36      0.07188      0.07509      0.00132
 18.38      0.08082      0.07489     -0.00002
 18.40      0.07141      0.07469     -0.00150
 18.42      0.07344      0.07449     -0.00038
 18.44      0.06835      0.07428     -0.00071
 18.46      0.07649      0.07408     -0.00013
 18.48      0.07819      0.07388     -0.00001
 18.50      0.07329      0.07368      0.00093
 18.52      0.07305      0.07348      0.00082
 18.54      0.07200      0.07327     -0.00033
 18.56      0.07493      0.07307      0.00016
 18.58      0.07142      0.07286     -0.00019
 18.60      0.07475      0.07266     -0.00034
 18.62      0.07027      0.07245     -0.00140
 18.64      0.07021      0.07225     -0.00186
 18.66      0.06863      0.07204     -0.00299
 18.68      0.06808      0.07184     -0.00374
 18.70      0.06807      0.07163     -0.00483
 18.72      0.06548      0.07143     -0.00559
 18.74      0.06374      0.07122     -0.00748
 18.76      0.06381      0.07102     -0.00926
 18.78      0.05763      0.07082     -0.00881
 18.80      0.05815      0.07062     -0.00861
 18.82      0.06675      0.07043     -0.00937
 18.84      0.06372      0.07024     -0.00722
 18.86      0.05905      0.07005     -0.00589
 18.88      0.06745      0.06987     -0.00551
 18.90      0.06386      0.06968     -0.00370
 18.92      0.06772      0.06950     -0.00259
 18.94      0.07185      0.06932     -0.00153
 18.96      0.06368      0.06913     -0.00033
 18.98      0.07184      0.06895     -0.00083
 19.00      0.06895      0.06877     -0.00178
 19.02      0.06430      0.06859     -0.00141
 19.04      0.06619      0.06841     -0.00147
 19.06      0.06464      0.06823     -0.00159
 19.08      0.07063      0.06805     -0.00065
 19.10      0.06745      0.06787      0.00010
 19.12      0.06806      0.06768      0.00116
 19.14      0.06903      0.06750     -0.00017
 19.16      0.06903      0.06731      0.00003
 19.18      0.06304      0.06712      0.00021
 19.20      0.06753      0.06693     -0.00072
 19.22      0.06803      0.06674     -0.00181
 19.24      0.06341      0.06654     -0.00153
 19.26      0.06265      0.06635     -0.00151
 19.28      0.06344      0.06616     -0.00068
 19.30      0.06666      0.06596     -0.00027
 19.32      0.07123      0.06577      0.00228
 19.34      0.06448      0.06557      0.00352
 19.36      0.07445      0.06537      0.00440
 19.38      0.06865      0.06517      0.00346
 19.40      0.07009      0.06497      0.00461
 19.42      0.06550      0.06477      0.00278
 19.44      0.06924      0.06456      0.00239
 19.46      0.06425      0.06436      0.00093
 19.48      0.06572      0.06415      0.00111
 19.50      0.06173      0.06394      0.00068
 19.52      0.06535      0.06374      0.00003
 19.54      0.06610      0.06353     -0.00098
 19.56      0.05993      0.06332     -0.00242
 19.58      0.05965      0.06311     -0.00268
 19.60      0.05345      0.06290     -0.00453
 19.62      0.06302      0.06269     -0.00471
 19.64      0.05577      0.06248     -0.00410
 19.66      0.05803      0.06227     -0.00351
 19.68      0.06163      0.06207     -0.00446
 19.70      0.05538      0.06186     -0.00295
 19.72      0.05725      0.06166     -0.00337
 19.74      0.06226      0.06145     -0.00399
 19.76      0.05490      0.06125     -0.00192
 19.78      0.05750      0.06105     -0.00144
 19.80      0.06472      0.06085     -0.00079
 19.82      0.05865      0.06065      0.00054
 19.84      0.06454      0.06045      0.00213
 19.86      0.06054      0.06025      0.00129
 19.88      0.06444      0.06005      0.00192
 19.90      0.05957      0.05986      0.00158
 19.92      0.06079      0.05966      0.00177
 19.94      0.06185      0.05946      0.00073
 19.96      0.06050      0.05926      0.00054
 19.98      0.05822      0.05907      0.00180
 20.00      0.05768      0.05887      0.00130
 20.02      0.06607      0.05868      0.00193
 20.04      0.05841      0.05848      0.00392
 20.06      0.06269      0.05829      0.00613
 20.08      0.06719      0.05810      0.00546
 20.10      0.06774      0.05790      0.00659
 20.12      0.06178      0.05771      0.00599
 20.14      0.06309      0.05751      0.00479
 20.16      0.05871      0.05732      0.00404
 20.18      0.06019      0.05712      0.00350
 20.20      0.06302      0.05693      0.00172
 20.22      0.05812      0.05674      0.00227
 20.24      0.05322      0.05654      0.00205
 20.26      0.06048      0.05635      0.00151
 20.28      0.05811      0.05616      0.00128
 20.30      0.05935      0.05596      0.00203
 20.32      0.05600      0.05577      0.00188
 20.34      0.05600      0.05557      0.00217
 20.36      0.05878      0.05538      0.00379
 20.38      0.05857      0.05518      0.00321
 20.40      0.06646      0.05499      0.00379
 20.42      0.05215      0.05479      0.00352
 20.44      0.05791      0.05460      0.00255
 20.46      0.05646      0.05440      0.00026
 20.48      0.05274      0.05420      0.00150
 20.50      0.05403      0.05401      0.00125
 20.52      0.05739      0.05381      0.00092
 20.54      0.05569      0.05362      0.00143
 20.56      0.05380      0.05342      0.00198
 20.58      0.05432      0.05323      0.00021
 20.60      0.05579      0.05303     -0.00116
 20.62      0.04759      0.05283     -0.00211
 20.64      0.04787      0.05264     -0.00329
 20.66      0.04803      0.05245     -0.00483
 20.68      0.04749      0.05226     -0.00458
 20.70      0.04710      0.05206     -0.00469
 20.72      0.04789      0.05187     -0.00540
 20.74      0.04635      0.05168     -0.00490
 20.76      0.04353      0.05149     -0.00500
 20.78      0.04907      0.05131     -0.00613
 20.80      0.04564      0.05112     -0.00678
 20.82      0.04127      0.05093     -0.00587
 20.84      0.04215      0.05074     -0.00639
 20.86      0.04713      0.05055     -0.00625
 20.88      0.04556      0.05036     -0.00485
 20.90      0.04542      0.05018     -0.00343
 20.92      0.04729      0.04999     -0.00282
 20.94      0.04834      0.04980     -0.00259
 20.96      0.04921      0.04961     -0.00203
 20.98      0.04577      0.04942     -0.00123
 21.00      0.04732      0.04924     -0.00065
 21.02      0.05035      0.04905     -0.00079
 21.04      0.05028      0.04886      0.00032
 21.06      0.04756      0.04867      0.00026
 21.08      0.05037      0.04848     -0.00001
 21.10      0.04610      0.04829      0.00010
 21.12      0.04805      0.04810      0.00064
 21.14      0.04985      0.04791     -0.00041
 21.16      0.04932      0.04772     -0.00051
 21.18      0.04420      0.04753     -0.00012
 21.20      0.04465      0.04734     -0.00116
 21.22      0.04904      0.04715     -0.00125
 21.24      0.04370      0.04696     -0.00055
 21.26      0.04792      0.04677     -0.00029
 21.28      0.04676      0.04658     -0.00124
 21.30      0.04498      0.04638     -0.00001
 21.32      0.04333      0.04619      0.00042
 21.34      0.04887      0.04600      0.00064
 21.36      0.04910      0.04581      0.00137
 21.38      0.04693      0.04562      0.00178
 21.40      0.04767      0.04543      0.00097
 21.42      0.04445      0.04524      0.00091
 21.44      0.04384      0.04505      0.00150
 21.46      0.04785      0.04486      0.00136
 21.48      0.04894      0.04468      0.00178
 21.50      0.04603      0.04449      0.00273
 21.52      0.04562      0.04430      0.00303
 21.54      0.04767      0.04411      0.00321
 21.56      0.04838      0.04392      0.00349
 21.58      0.04888      0.04373      0.00340
 21.60      0.04651      0.04354      0.00260
 21.62      0.04424      0.04335      0.00188
 21.64      0.04272      0.04316      0.00131
 21.66      0.04381      0.04297      0.00042
 21.68      0.04509      0.04278     -0.00003
 21.70      0.04111      0.04259      0.00039
 21.72      0.04100      0.04239      0.00071
 21.74      0.04386      0.04220     -0.00000
 21.76      0.04445      0.04201      0.00131
 21.78      0.04058      0.04182      0.00202
 21.80      0.04673      0.04163      0.00208
 21.82      0.04357      0.04143      0.00168
 21.84      0.04321      0.04124      0.00200
 21.86      0.04149      0.04105      0.00124
 21.88      0.04122      0.04086      0.00164
 21.90      0.04193      0.04066      0.00103
 21.92      0.04465      0.04047      0.00033
 21.94      0.03916      0.04028      0.00033
 21.96      0.03703      0.04009      0.00021
 21.98      0.04029      0.03990     -0.00074
 22.00      0.04034      0.03971     -0.00076
 22.02      0.03896      0.03952     -0.00005
 22.04      0.03811      0.03933     -0.00121
 22.06      0.03964      0.03914     -0.00164
 22.08      0.03354      0.03895     -0.00280
 22.10      0.03725      0.03876     -0.00283
 22.12      0.03221      0.03857     -0.00345
 22.14      0.03701      0.03839     -0.00256
 22.16      0.03562      0.03821     -0.00263
 22.18      0.03708      0.03802     -0.00221
 22.20      0.03598      0.03784     -0.00217
 22.22      0.03339      0.03766     -0.00258
 22.24      0.03630      0.03748     -0.00208
 22.26      0.03269      0.03731     -0.00190
 22.28      0.03868      0.03713     -0.00110
 22.30      0.03599      0.03695     -0.00058
 22.32      0.03648      0.03677     -0.00001
 22.34      0.03803      0.03660      0.00000
 22.36      0.03464      0.03642      0.00079
 22.38      0.03787      0.03624      0.00069
 22.40      0.03905      0.03607      0.00106
 22.42      0.03506      0.03589      0.00125
 22.44      0.03902      0.03572      0.00146
 22.46      0.03472      0.03554      0.00176
 22.48      0.03802      0.03537      0.00233
 22.50      0.03970      0.03519      0.00181
 22.52      0.03702      0.03502      0.00324
 22.54      0.03555      0.03484      0.00359
 22.56      0.04101      0.03466      0.00302
 22.58      0.03888      0.03449      0.00338
 22.60      0.03599      0.03431      0.00371
 22.62      0.03793      0.03413      0.00250
 22.64      0.03629      0.03396      0.00176
 22.66      0.03409      0.03378      0.00177
 22.68      0.03429      0.03360      0.00142
 22.70      0.03513      0.03342      0.00043
 22.72      0.03529      0.03324      0.00100
 22.74      0.03044      0.03306      0.00052
 22.76      0.03606      0.03288     -0.00025
 22.78      0.03101      0.03270     -0.00072
 22.80      0.03037      0.03252     -0.00028
 22.82      0.03205      0.03234     -0.00192
 22.84      0.03172      0.03216     -0.00243
 22.86      0.02695      0.03198     -0.00274
 22.88      0.02756      0.03180     -0.00302
 22.90      0.02794      0.03162     -0.00355
 22.92      0.02973      0.03144     -0.00329
 22.94      0.02817      0.03126     -0.00375
 22.96      0.02734      0.03108     -0.00306
 22.98      0.02438      0.03090     -0.00350
 23.00      0.03047      0.03073     -0.00333
 23.02      0.02667      0.03055     -0.00361
 23.04      0.02814      0.03037     -0.00329
 23.06      0.02506      0.03020     -0.00388
 23.08      0.02509      0.03003     -0.00342
 23.10      0.02666      0.02986     -0.00439
 23.12      0.02806      0.02968     -0.00379
 23.14      0.02246      0.02951     -0.00356
 23.16      0.02720      0.02935     -0.00382
 23.18      0.02541      0.02918     -0.00402
 23.20      0.02448      0.02901     -0.00320
 23.22      0.02623      0.02885     -0.00316
 23.24      0.02574      0.02868     -0.00239
 23.26      0.02659      0.02852     -0.00189
 23.28      0.02842      0.02836     -0.00161
 23.30      0.02618      0.02819     -0.00068
 23.32      0.02681      0.02803     -0.00028
 23.34      0.02956      0.02787     -0.00006
 23.36      0.02776      0.02771     -0.00038
 23.38      0.02876      0.02755      0.00040
 23.40      0.02374      0.02738      0.00017
 23.42      0.02991      0.02722      0.00038
 23.44      0.02762      0.02706      0.00071
 23.46      0.02800      0.02690      0.00165
 23.48      0.02958      0.02674      0.00135
 23.50      0.02765      0.02658      0.00178
 23.52      0.02760      0.02642      0.00213
 23.54      0.02899      0.02626      0.00168
 23.56      0.02892      0.02610      0.00218
 23.58      0.02653      0.02594      0.00202
 23.60      0.02938      0.02578      0.00194
 23.62      0.02596      0.02562      0.00170
 23.64      0.02783      0.02546      0.00121
 23.66      0.02688      0.02530      0.00103
 23.68      0.02333      0.02515      0.00156
 23.70      0.02766      0.02499      0.00178
 23.72      0.02784      0.02483      0.00229
 23.74      0.02813      0.02467      0.00326
 23.76      0.02864      0.02451      0.00298
 23.78      0.02741      0.02435      0.00208
 23.80      0.02545      0.02419      0.00138
 23.82      0.02254      0.02403      0.00048
 23.84      0.02385      0.02387     -0.00003
 23.86      0.02330      0.02372      0.00029
 23.88      0.02406      0.02356      0.00082
 23.90      0.02630      0.02340      0.00115
 23.92      0.02440      0.02325      0.00147
 23.94      0.02468      0.02309      0.00088
 23.96      0.02410      0.02293      0.00013
 23.98      0.02035      0.02278      0.00014
 24.00      0.02177      0.02262     -0.00010
 24.02      0.02367      0.02246     -0.00059
 24.04      0.02273      0.02231     -0.00024
 24.06      0.02088      0.02215     -0.00048
 24.08      0.02130      0.02200     -0.00095
 24.10      0.01983      0.02185     -0.00047
 24.12      0.02052      0.02169     -0.00071
 24.14      0.02436      0.02154     -0.00071
 24.16      0.01891      0.02139     -0.00047
 24.18      0.02053      0.02123     -0.00013
 24.20      0.02028      0.02108     -0.00094
 24.22      0.02146      0.02093     -0.00091
 24.24      0.01953      0.02078     -0.00130
 24.26      0.01830      0.02063     -0.00125
 24.28      0.01779      0.02048     -0.00138
 24.30      0.01978      0.02033     -0.00137
 24.32      0.02009      0.02018     -0.00090
 24.34      0.01880      0.02003     -0.00064
 24.36      0.01991      0.01988     -0.00110
 24.38      0.01835      0.01973     -0.00132
 24.40      0.01674      0.01958     -0.00119
 24.42      0.01826      0.01944     -0.00172
 24.44      0.01871      0.01929     -0.00165
 24.46      0.01653      0.01915     -0.00120
 24.48      0.01796      0.01900     -0.00129
 24.50      0.01829      0.01886     -0.00097
 24.52      0.01709      0.01872     -0.00055
 24.54      0.01959      0.01858     -0.00007
 24.56      0.01791      0.01843     -0.00013
 24.58      0.01963      0.01829      0.00020
 24.60      0.01731      0.01815     -0.00006
 24.62      0.01805      0.01802     -0.00034
 24.64      0.01755      0.01788     -0.00064
 24.66      0.01582      0.01774     -0.00063
 24.68      0.01748      0.01760     -0.00088
 24.70      0.01667      0.01747     -0.00115
 24.72      0.01611      0.01733     -0.00093
 24.74      0.01552      0.01720     -0.00140
 24.76      0.01626      0.01707     -0.00118
 24.78      0.01444      0.01693     -0.00052
 24.80      0.01708      0.01680      0.00041
 24.82      0.01879      0.01667      0.00010
 24.84      0.01949      0.01654      0.00041
 24.86      0.01405      0.01640      0.00022
 24.88      0.01531      0.01627     -0.00035
 24.90      0.01546      0.01614     -0.00071
 24.92      0.01527      0.01601      0.00001
 24.94      0.01705      0.01588      0.00021
 24.96      0.01701      0.01575      0.00030
 24.98      0.01566      0.01562      0.00018
 25.00      0.01526      0.01549     -0.00046
 25.02      0.01402      0.01535     -0.00069
 25.04      0.01319      0.01522     -0.00039
 25.06      0.01517      0.01509      0.00002
 25.08      0.01653      0.01496     -0.00004
 25.10      0.01666      0.01483      0.00034
 25.12      0.01306      0.01470      0.00080
 25.14      0.01444      0.01457      0.00056
 25.16      0.01681      0.01444     -0.00007
 25.18      0.01471      0.01431      0.00007
 25.20      0.01283      0.01418     -0.00045
 25.22      0.01310      0.01405     -0.00091
 25.24      0.01121      0.01392     -0.00129
 25.26      0.01386      0.01379     -0.00094
 25.28      0.01214      0.01366     -0.00104
 25.30      0.01392      0.01353     -0.00057
 25.32      0.01195      0.01340     -0.00069
 25.34      0.01290      0.01327     -0.00069
 25.36      0.01263      0.01314     -0.00112
 25.38      0.01152      0.01302     -0.00117
 25.40      0.01111      0.01289     -0.00144
 25.42      0.01108      0.01276     -0.00150
 25.44      0.01088      0.01264     -0.00152
 25.46      0.01172      0.01251     -0.00145
 25.48      0.01078      0.01239     -0.00102
 25.50      0.01083      0.01227     -0.00077
 25.52      0.01265      0.01214     -0.00119
 25.54      0.01151      0.01202     -0.00073
 25.56      0.00900      0.01190     -0.00044
 25.58      0.01245      0.01178     -0.00110
 25.60      0.01169      0.01166     -0.00063
 25.62      0.00877      0.01154     -0.00075
 25.64      0.01326      0.01143     -0.00107
 25.66      0.00781      0.01131     -0.00124
 25.68      0.01025      0.01119     -0.00058
 25.70      0.01022      0.01108     -0.00121
 25.72      0.01153      0.01096     -0.00057
 25.74      0.00954      0.01085     -0.00043
 25.76      0.01042      0.01073     -0.00049
 25.78      0.01041      0.01062     -0.00012
 25.80      0.00936      0.01051     -0.00008
 25.82      0.01279      0.01040      0.00022
 25.84      0.00917      0.01029     -0.00005
 25.86      0.01135      0.01018     -0.00027
 25.88      0.00850      0.01007     -0.00082
 25.90      0.00773      0.00996     -0.00053
 25.92      0.00949      0.00985     -0.00087
 25.94      0.01009      0.00974     -0.00074
 25.96      0.00910      0.00963     -0.00072
 25.98      0.00862      0.00953     -0.00042
 26.00      0.00727      0.00942     -0.00046
 26.02      0.01048      0.00932     -0.00045
 26.04      0.00936      0.00921     -0.00032
 26.06      0.00860      0.00911      0.00031
 26.08      0.00876      0.00900      0.00012
 26.10      0.00990      0.00890      0.00035
 26.12      0.00902      0.00880      0.00060
 26.14      0.00996      0.00869      0.00057
 26.16      0.00933      0.00859      0.00037
 26.18      0.00809      0.00849      0.00068
 26.20      0.00840      0.00839      0.00062
 26.22      0.01004      0.00828      0.00062
 26.24      0.00915      0.00818      0.00061
 26.26      0.00883      0.00808      0.00079
 26.28      0.00753      0.00798      0.00050
 26.30      0.00880      0.00788      0.00033
 26.32      0.00809      0.00778     -0.00006
 26.34      0.00778      0.00768     -0.00027
 26.36      0.00640      0.00758     -0.00041
 26.38      0.00596      0.00748     -0.00049
 26.40      0.00759      0.00738     -0.00037
 26.42      0.00721      0.00728     -0.00025
 26.44      0.00788      0.00718      0.00004
 26.46      0.00651      0.00708      0.00001
 26.48      0.00694      0.00699     -0.00023
 26.50      0.00692      0.00689     -0.00047
 26.52      0.00556      0.00679     -0.00043
 26.54      0.00618      0.00670     -0.00071
 26.56      0.00622      0.00660     -0.00084
 26.58      0.00507      0.00651     -0.00063
 26.60      0.00578      0.00641     -0.00036
 26.62      0.00616      0.00632     -0.00048
 26.64      0.00705      0.00623     -0.00020
 26.66      0.00515      0.00614      0.00008
 26.68      0.00600      0.00605     -0.00007
 26.70      0.00671      0.00595     -0.00047
 26.72      0.00494      0.00586     -0.00030
 26.74      0.00461      0.00577     -0.00042
 26.76      0.00554      0.00568     -0.00076
 26.78      0.00498      0.00560     -0.00090
 26.80      0.00453      0.00551     -0.00062
 26.82      0.00380      0.00542     -0.00071
 26.84      0.00558      0.00533     -0.00062
 26.86      0.00467      0.00525     -0.00047
 26.88      0.00497      0.00516     -0.00033
 26.90      0.00484      0.00508     -0.00027
 26.92      0.00411      0.00499     -0.00010
 26.94      0.00544      0.00491     -0.00033
 26.96      0.00509      0.00483     -0.00051
 26.98      0.00344      0.00474     -0.00035
 27.00      0.00349      0.00466     -0.00054
 27.02      0.00454      0.00458     -0.00071
 27.04      0.00406      0.00450     -0.00055
 27.06      0.00382      0.00442     -0.00041
 27.08      0.00385      0.00435     -0.00049
 27.10      0.00378      0.00427     -0.00054
 27.12      0.00378      0.00419     -0.00041
 27.14      0.00338      0.00411     -0.00027
 27.16      0.00408      0.00404     -0.00044
 27.18      0.00420      0.00396     -0.00061
 27.20      0.00257      0.00389     -0.00069
 27.22      0.00253      0.00382     -0.00081
 27.24      0.00261      0.00374     -0.00112
 27.26      0.00314      0.00367     -0.00100
 27.28      0.00227      0.00360     -0.00089
 27.30      0.00280      0.00353     -0.00060
 27.32      0.00275      0.00346     -0.00068
 27.34      0.00372      0.00339     -0.00063
 27.36      0.00238      0.00332     -0.00068
 27.38      0.00220      0.00326     -0.00061
 27.40      0.00218      0.00319     -0.00081
 27.42      0.00275      0.00312     -0.00064
 27.44      0.00240      0.00306     -0.00062
 27.46      0.00289      0.00299     -0.00064
 27.48      0.00197      0.00293     -0.00070
 27.50      0.00178      0.00287     -0.00075
 27.52      0.00213      0.00280     -0.00107
 27.54      0.00183      0.00274     -0.00106
 27.56      0.00098      0.00268     -0.00111
 27.58      0.00170      0.00262     -0.00120
 27.60      0.00122      0.00256     -0.00119
 27.62      0.00134      0.00250     -0.00102
 27.64      0.00158      0.00244     -0.00107
 27.66      0.00156      0.00238     -0.00110
 27.68      0.00113      0.00233     -0.00098
 27.70      0.00080      0.00227     -0.00101
 27.72      0.00168      0.00222     -0.00103
 27.74      0.00113      0.00216     -0.00100
 27.76      0.00118      0.00211     -0.00102
 27.78      0.00102      0.00206     -0.00114
 27.80      0.00044      0.00200     -0.00101
 27.82      0.00081      0.00195     -0.00118
 27.84      0.00154      0.00190     -0.00112
 27.86      0.00007      0.00185     -0.00111
 27.88      0.00104      0.00181     -0.00100
 27.90      0.00024      0.00176     -0.00107
 27.92      0.00111      0.00171     -0.00090
 27.94      0.00097      0.00166     -0.00087
 27.96      0.00071      0.00162     -0.00061
 27.98      0.00097      0.00157     -0.00062
 28.00      0.00128      0.00153     -0.00070
 28.02      0.00086      0.00149     -0.00077
 28.04      0.00036      0.00144     -0.00084
 28.06      0.00010      0.00140     -0.00098
 28.08      0.00042      0.00136     -0.00102
 28.10      0.00036      0.00132     -0.00104
 28.12      0.00049      0.00128     -0.00095
 28.14      0.00007      0.00124     -0.00092
 28.16      0.00034      0.00121     -0.00089
 28.18      0.00034      0.00117     -0.00091
 28.20      0.00031      0.00113     -0.00087
 28.22      0.00023      0.00110     -0.00080
 28.24      0.00007      0.00106     -0.00082
 28.26      0.00054      0.00103     -0.00082
 28.28      0.00007      0.00100     -0.00078
 28.30      0.00014      0.00097     -0.00072
 28.32      0.00029      0.00094     -0.00075
 28.34      0.00021      0.00091     -0.00072
 28.36      0.00020      0.00088     -0.00071
 28.38      0.00007      0.00085     -0.00068
 28.40      0.00007      0.00082     -0.00069
 28.42      0.00027      0.00079     -0.00070
 28.44      0.00003      0.00076     -0.00065
 28.46      0.00000      0.00074     -0.00063
 28.48      0.00020      0.00071     -0.00064
 28.50      0.00007      0.00069     -0.00062
 28.52      0.00007      0.00066     -0.00055
 28.54      0.00000      0.00064     -0.00057
 28.56      0.00021      0.00062     -0.00052
 28.58      0.00000      0.00060     -0.00050
 28.60      0.00021      0.00057     -0.00047
 28.62      0.00007      0.00055     -0.00042
 28.64      0.00000      0.00053     -0.00036
 28.66      0.00039      0.00051     -0.00038
 28.68      0.00020      0.00049     -0.00037
 28.70      0.00000      0.00047     -0.00036
 28.72      0.00000      0.00045     -0.00042
 28.74      0.00000      0.00044     -0.00042
 28.76      0.00000      0.00042     -0.00041
 28.78      0.00007      0.00040     -0.00039
 28.80      0.00000      0.00039     -0.00037
 28.82      0.00000      0.00037     -0.00034
 28.84      0.00000      0.00036     -0.00033
 28.86      0.00007      0.00034     -0.00031
 28.88      0.00007      0.00033     -0.00030
 28.90      0.00000      0.00031     -0.00028
 28.92      0.00000      0.00030     -0.00025
 28.94      0.00000      0.00028     -0.00025
 28.96      0.00019      0.00027     -0.00023
 28.98      0.00000      0.00026     -0.00022
 29.00      0.00000      0.00025     -0.00021
 29.02      0.00000      0.00024     -0.00024
 29.04      0.00000      0.00023     -0.00023
 29.06      0.00000      0.00022     -0.00022
 29.08      0.00000      0.00021     -0.00021
 29.10      0.00000      0.00020     -0.00020
 29.12      0.00000      0.00019     -0.00019
 29.14      0.00000      0.00018     -0.00018
 29.16      0.00000      0.00017     -0.00017
 29.18      0.00000      0.00016     -0.00016
 29.20      0.00000      0.00015     -0.00014
 29.22      0.00000      0.00014     -0.00013
 29.24      0.00007      0.00014     -0.00012
 29.26      0.00000      0.00013     -0.00012
 29.28      0.00000      0.00012     -0.00011
 29.30      0.00000      0.00012     -0.00012
 29.32      0.00000      0.00011     -0.00011
 29.34      0.00000      0.00010     -0.00010
 29.36      0.00000      0.00010     -0.00010
 29.38      0.00000      0.00009     -0.00009
 29.40      0.00000      0.00009     -0.00009
 29.42      0.00000      0.00008     -0.00008
 29.44      0.00000      0.00008     -0.00008
 29.46      0.00000      0.00007     -0.00007
 29.48      0.00000      0.00007     -0.00007
 29.50      0.00000      0.00007     -0.00007
 29.52      0.00000      0.00006     -0.00006
 29.54      0.00000      0.00006     -0.00006
 29.56      0.00000      0.00006     -0.00006
 29.58      0.00000      0.00005     -0.00005
 29.60      0.00000      0.00005     -0.00005
 29.62      0.00000      0.00005     -0.00005
 29.64      0.00000      0.00004     -0.00004
 29.66      0.00000      0.00004     -0.00004
 29.68      0.00000      0.00004     -0.00004
 29.70      0.00000      0.00004     -0.00004
 29.72      0.00000      0.00003     -0.00002
 29.74      0.00000      0.00003     -0.00002
 29.76      0.00007      0.00003     -0.00002
 29.78      0.00000      0.00003     -0.00001
 29.80      0.00000      0.00003     -0.00001
 29.82      0.00000      0.00002     -0.00002
 29.84      0.00000      0.00002     -0.00002
 29.86      0.00000      0.00002     -0.00002
 29.88      0.00000      0.00002     -0.00002
 29.90      0.00000      0.00002     -0.00002
 29.92      0.00000      0.00002     -0.00002
 29.94      0.00000      0.00002     -0.00002
 29.96      0.00000      0.00001     -0.00001
 29.98      0.00000      0.00001     -0.00001
 30.00      0.00000      0.00001     -0.00001
 30.02      0.00000      0.00001     -0.00001
 30.04      0.00000      0.00001     -0.00001
 30.06      0.00000      0.00001     -0.00001
 30.08      0.00000      0.00001     -0.00001
 30.10      0.00000      0.00001     -0.00001
 30.12      0.00000      0.00001     -0.00001
 30.14      0.00000      0.00001     -0.00001
 30.16      0.00000      0.00001     -0.00001
 30.18      0.00000      0.00001     -0.00001
 30.20      0.00000      0.00001     -0.00001
 30.22      0.00000      0.00001     -0.00001
 30.24      0.00000      0.00001     -0.00001
 30.26      0.00000      0.00001     -0.00001
 30.28      0.00000      0.00001     -0.00001
 30.30      0.00000      0.00000     -0.00000
 30.32      0.00000      0.00000     -0.00000
 30.34      0.00000      0.00000     -0.00000
 30.36      0.00000      0.00000     -0.00000
 30.38      0.00000      0.00000     -0.00000
 30.40      0.00000      0.00000     -0.00000
 30.42      0.00000      0.00000     -0.00000
 30.44      0.00000      0.00000     -0.00000
 30.46      0.00000      0.00000     -0.00000
 30.48      0.00000      0.00000     -0.00000
 30.50      0.00000      0.00000     -0.00000
 30.52      0.00000      0.00000     -0.00000
 30.54      0.00000      0.00000     -0.00000
 30.56      0.00000      0.00000     -0.00000
 30.58      0.00000      0.00000     -0.00000
 30.60      0.00000      0.00000     -0.00000
 30.62      0.00000      0.00000     -0.00000
 30.64      0.00000      0.00000     -0.00000
 30.66      0.00000      0.00000     -0.00000
 30.68      0.00000      0.00000     -0.00000
 30.70      0.00000      0.00000     -0.00000
 30.72      0.00000      0.00000     -0.00000
 30.74      0.00000      0.00000     -0.00000
 30.76      0.00000      0.00000     -0.00000
 30.78      0.00000      0.00000     -0.00000
 30.80      0.00000      0.00000     -0.00000
 30.82      0.00000      0.00000     -0.00000
 30.84      0.00000      0.00000     -0.00000
 30.86      0.00000      0.00000     -0.00000
 30.88      0.00000      0.00000     -0.00000
 30.90      0.00000      0.00000     -0.00000
 30.92      0.00000      0.00000     -0.00000
 30.94      0.00000      0.00000     -0.00000
 30.96      0.00000      0.00000     -0.00000
 30.98      0.00000      0.00000     -0.00000
 31.00      0.00000      0.00000     -0.00000
 31.02      0.00000      0.00000     -0.00000
 31.04      0.00000      0.00000     -0.00000
 31.06      0.00000      0.00000     -0.00000
 31.08      0.00000      0.00000     -0.00000
 31.10      0.00000      0.00000     -0.00000
 31.12      0.00000      0.00000     -0.00000
 31.14      0.00000      0.00000     -0.00000
 31.16      0.00000      0.00000     -0.00000
 31.18      0.00000      0.00000     -0.00000
 31.20      0.00000      0.00000     -0.00000
 31.22      0.00000      0.00000     -0.00000
 31.24      0.00000      0.00000     -0.00000
 31.26      0.00000      0.00000     -0.00000
 31.28      0.00000      0.00000     -0.00000
 31.30      0.00000      0.00000     -0.00000
 31.32      0.00000      0.00000     -0.00000
 31.34      0.00000      0.00000     -0.00000
 31.36      0.00000      0.00000     -0.00000
 31.38      0.00000      0.00000     -0.00000
 31.40      0.00000      0.00000     -0.00000
 31.42      0.00000      0.00000     -0.00000
 31.44      0.00000      0.00000     -0.00000
 31.46      0.00000      0.00000     -0.00000
 31.48      0.00000      0.00000     -0.00000
 31.50      0.00000      0.00000     -0.00000
 31.52      0.00000      0.00000     -0.00000
 31.54      0.00000      0.00000     -0.00000
 31.56      0.00000      0.00000     -0.00000
 31.58      0.00000      0.00000     -0.00000
 31.60      0.00000      0.00000     -0.00000
 31.62      0.00000      0.00000     -0.00000
 31.64      0.00000      0.00000     -0.00000
 31.66      0.00000      0.00000     -0.00000
 31.68      0.00000      0.00000     -0.00000
 31.70      0.00000      0.00000     -0.00000
 31.72      0.00000      0.00000     -0.00000
 31.74      0.00000      0.00000     -0.00000
 31.76      0.00000      0.00000     -0.00000
 31.78      0.00000      0.00000      0.00000
 31.80      0.00000      0.00000      0.00000
 31.82      0.00000      0.00000      0.00000
 31.84      0.00000      0.00000      0.00000
 31.86      0.00000      0.00000      0.00000
 31.88      0.00000      0.00000      0.00000
 31.90      0.00000      0.00000      0.00000
 31.92      0.00000      0.00000      0.00000
 31.94      0.00000      0.00000      0.00000
 31.96      0.00000      0.00000      0.00000
 31.98      0.00000      0.00000      0.00000
 32.00      0.00000      0.00000      0.00000
