 #r(A)        G(r)
  0.02      0.00000
  0.04      0.00000
  0.06      0.00000
  0.08      0.00000
  0.10      0.00000
  0.12      0.00000
  0.14      0.00000
  0.16      0.00000
  0.18     -0.00000
  0.20     -0.00000
  0.22     -0.00000
  0.24     -0.00000
  0.26     -0.00000
  0.28     -0.00000
  0.30     -0.00000
  0.32     -0.00000
  0.34     -0.00001
  0.36     -0.00001
  0.38     -0.00002
  0.40     -0.00004
  0.42     -0.00006
  0.44     -0.00009
  0.46     -0.00013
  0.48     -0.00018
  0.50     -0.00024
  0.52     -0.00031
  0.54     -0.00040
  0.56     -0.00050
  0.58     -0.00062
  0.60     -0.00076
  0.62     -0.00092
  0.64     -0.00110
  0.66     -0.00131
  0.68     -0.00154
  0.70     -0.00179
  0.72     -0.00206
  0.74     -0.00234
  0.76     -0.00265
  0.78     -0.00296
  0.80     -0.00329
  0.82     -0.00363
  0.84     -0.00398
  0.86     -0.00433
  0.88     -0.00469
  0.90     -0.00506
  0.92     -0.00542
  0.94     -0.00579
  0.96     -0.00617
  0.98     -0.00654
  1.00     -0.00692
  1.02     -0.00730
  1.04     -0.00767
  1.06     -0.00805
  1.08     -0.00843
  1.10     -0.00881
  1.12     -0.00919
  1.14     -0.00957
  1.16     -0.00995
  1.18     -0.01033
  1.20     -0.01071
  1.22     -0.01110
  1.24     -0.01148
  1.26     -0.01186
  1.28     -0.01225
  1.30     -0.01263
  1.32     -0.01302
  1.34     -0.01340
  1.36     -0.01379
  1.38     -0.01418
  1.40     -0.01457
  1.42     -0.01496
  1.44     -0.01536
  1.46     -0.01575
  1.48     -0.01615
  1.50     -0.01655
  1.52     -0.01695
  1.54     -0.01736
  1.56     -0.01776
  1.58     -0.01818
  1.60     -0.01859
  1.62     -0.01901
  1.64     -0.01943
  1.66     -0.01986
  1.68     -0.02029
  1.70     -0.02072
  1.72     -0.02116
  1.74     -0.02160
  1.76     -0.02205
  1.78     -0.02249
  1.80     -0.02295
  1.82     -0.02340
  1.84     -0.02386
  1.86     -0.02432
  1.88     -0.02479
  1.90     -0.02525
  1.92     -0.02572
  1.94     -0.02620
  1.96     -0.02667
  1.98     -0.02715
  2.00     -0.02763
  2.02     -0.02812
  2.04     -0.02861
  2.06     -0.02910
  2.08     -0.02959
  2.10     -0.03008
  2.12     -0.03058
  2.14     -0.03103
  2.16     -0.03153
  2.18     -0.03204
  2.20     -0.03250
  2.22     -0.03269
  2.24     -0.03257
  2.26     -0.03173
  2.28     -0.03068
  2.30     -0.02814
  2.32     -0.02435
  2.34     -0.01801
  2.36     -0.00839
  2.38      0.00222
  2.40      0.01432
  2.42      0.02921
  2.44      0.04060
  2.46      0.05048
  2.48      0.06357
  2.50      0.07669
  2.52      0.08629
  2.54      0.10667
  2.56      0.12363
  2.58      0.13315
  2.60      0.15215
  2.62      0.17054
  2.64      0.17342
  2.66      0.18013
  2.68      0.18237
  2.70      0.16899
  2.72      0.14896
  2.74      0.13820
  2.76      0.11344
  2.78      0.09403
  2.80      0.07304
  2.82      0.05965
  2.84      0.03639
  2.86      0.02478
  2.88      0.01267
  2.90      0.00337
  2.92     -0.00853
  2.94     -0.01605
  2.96     -0.02332
  2.98     -0.02847
  3.00     -0.03285
  3.02     -0.03592
  3.04     -0.03793
  3.06     -0.03994
  3.08     -0.04195
  3.10     -0.04324
  3.12     -0.04379
  3.14     -0.04409
  3.16     -0.04489
  3.18     -0.04447
  3.20     -0.04384
  3.22     -0.04351
  3.24     -0.04341
  3.26     -0.04259
  3.28     -0.04258
  3.30     -0.04215
  3.32     -0.04093
  3.34     -0.03993
  3.36     -0.03894
  3.38     -0.03759
  3.40     -0.03633
  3.42     -0.03499
  3.44     -0.03286
  3.46     -0.03082
  3.48     -0.02936
  3.50     -0.02693
  3.52     -0.02654
  3.54     -0.02145
  3.56     -0.02063
  3.58     -0.01857
  3.60     -0.01796
  3.62     -0.01571
  3.64     -0.01975
  3.66     -0.01752
  3.68     -0.01708
  3.70     -0.01681
  3.72     -0.01608
  3.74     -0.01522
  3.76     -0.01579
  3.78     -0.01616
  3.80     -0.01906
  3.82     -0.02015
  3.84     -0.02106
  3.86     -0.02421
  3.88     -0.02494
  3.90     -0.02447
  3.92     -0.02629
  3.94     -0.02827
  3.96     -0.02741
  3.98     -0.02780
  4.00     -0.02842
  4.02     -0.02962
  4.04     -0.03005
  4.06     -0.03104
  4.08     -0.03313
  4.10     -0.03105
  4.12     -0.02955
  4.14     -0.02737
  4.16     -0.02315
  4.18     -0.01819
  4.20     -0.01284
  4.22     -0.00525
  4.24      0.00270
  4.26      0.00990
  4.28      0.01642
  4.30      0.02357
  4.32      0.02985
  4.34      0.03557
  4.36      0.03896
  4.38      0.04356
  4.40      0.04219
  4.42      0.04278
  4.44      0.04389
  4.46      0.04396
  4.48      0.04468
  4.50      0.05043
  4.52      0.05243
  4.54      0.05231
  4.56      0.05455
  4.58      0.05652
  4.60      0.05388
  4.62      0.05252
  4.64      0.05182
  4.66      0.04877
  4.68      0.04333
  4.70      0.03959
  4.72      0.03263
  4.74      0.02910
  4.76      0.02471
  4.78      0.01832
  4.80      0.01286
  4.82      0.01142
  4.84      0.00653
  4.86      0.00422
  4.88      0.00470
  4.90      0.00119
  4.92     -0.00131
  4.94     -0.00213
  4.96     -0.00601
  4.98     -0.00696
  5.00     -0.00617
  5.02     -0.00663
  5.04     -0.00890
  5.06     -0.00819
  5.08     -0.01059
  5.10     -0.00811
  5.12     -0.00800
  5.14     -0.00863
  5.16     -0.00857
  5.18     -0.00701
  5.20     -0.00606
  5.22     -0.00668
  5.24     -0.00337
  5.26     -0.00277
  5.28     -0.00192
  5.30     -0.00395
  5.32     -0.00349
  5.34     -0.00158
  5.36     -0.00374
  5.38     -0.00627
  5.40     -0.00678
  5.42     -0.00572
  5.44     -0.00993
  5.46     -0.00738
  5.48     -0.00370
  5.50     -0.00360
  5.52     -0.00490
  5.54     -0.00431
  5.56     -0.00618
  5.58     -0.00772
  5.60     -0.00997
  5.62     -0.00908
  5.64     -0.00993
  5.66     -0.01155
  5.68     -0.01329
  5.70     -0.01341
  5.72     -0.01617
  5.74     -0.01713
  5.76     -0.01585
  5.78     -0.01654
  5.80     -0.01683
  5.82     -0.01648
  5.84     -0.01632
  5.86     -0.01763
  5.88     -0.01712
  5.90     -0.01558
  5.92     -0.01608
  5.94     -0.01376
  5.96     -0.01088
  5.98     -0.01127
  6.00     -0.01115
  6.02     -0.01001
  6.04     -0.01198
  6.06     -0.01403
  6.08     -0.01360
  6.10     -0.01346
  6.12     -0.01271
  6.14     -0.01343
  6.16     -0.01152
  6.18     -0.01007
  6.20     -0.01143
  6.22     -0.01217
  6.24     -0.01222
  6.26     -0.01443
  6.28     -0.01744
  6.30     -0.01719
  6.32     -0.01694
  6.34     -0.01372
  6.36     -0.01211
  6.38     -0.00824
  6.40     -0.00591
  6.42     -0.00313
  6.44     -0.00007
  6.46      0.00326
  6.48      0.00595
  6.50      0.01017
  6.52      0.01208
  6.54      0.01282
  6.56      0.01533
  6.58      0.01897
  6.60      0.02021
  6.62      0.02367
  6.64      0.02644
  6.66      0.02766
  6.68      0.02735
  6.70      0.03048
  6.72      0.02944
  6.74      0.02806
  6.76      0.02818
  6.78      0.02767
  6.80      0.02482
  6.82      0.02737
  6.84      0.02715
  6.86      0.02753
  6.88      0.02780
  6.90      0.03008
  6.92      0.02901
  6.94      0.02984
  6.96      0.02881
  6.98      0.02746
  7.00      0.02353
  7.02      0.02017
  7.04      0.01767
  7.06      0.01688
  7.08      0.01495
  7.10      0.01297
  7.12      0.00993
  7.14      0.00914
  7.16      0.00590
  7.18      0.00157
  7.20     -0.00213
  7.22     -0.00271
  7.24     -0.00517
  7.26     -0.00743
  7.28     -0.00993
  7.30     -0.00985
  7.32     -0.01243
  7.34     -0.01434
  7.36     -0.01522
  7.38     -0.01146
  7.40     -0.01254
  7.42     -0.01228
  7.44     -0.01193
  7.46     -0.01036
  7.48     -0.01324
  7.50     -0.01229
  7.52     -0.01185
  7.54     -0.01227
  7.56     -0.01458
  7.58     -0.01364
  7.60     -0.01463
  7.62     -0.01413
  7.64     -0.01385
  7.66     -0.01216
  7.68     -0.01106
  7.70     -0.01090
  7.72     -0.01101
  7.74     -0.01134
  7.76     -0.01153
  7.78     -0.01113
  7.80     -0.00936
  7.82     -0.00896
  7.84     -0.00708
  7.86     -0.00650
  7.88     -0.00599
  7.90     -0.00461
  7.92     -0.00487
  7.94     -0.00705
  7.96     -0.00767
  7.98     -0.00865
  8.00     -0.01007
  8.02     -0.00941
  8.04     -0.00836
  8.06     -0.00861
  8.08     -0.00910
  8.10     -0.00719
  8.12     -0.00770
  8.14     -0.00604
  8.16     -0.00551
  8.18     -0.00438
  8.20     -0.00513
  8.22     -0.00471
  8.24     -0.00488
  8.26     -0.00323
  8.28     -0.00139
  8.30     -0.00229
  8.32     -0.00096
  8.34      0.00053
  8.36      0.00072
  8.38      0.00037
  8.40      0.00154
  8.42      0.00032
  8.44     -0.00090
  8.46     -0.00371
  8.48     -0.00288
  8.50     -0.00213
  8.52      0.00027
  8.54     -0.00034
  8.56      0.00268
  8.58      0.00221
  8.60      0.00254
  8.62      0.00101
  8.64      0.00296
  8.66      0.00240
  8.68      0.00240
  8.70      0.00319
  8.72      0.00473
  8.74      0.00451
  8.76      0.00630
  8.78      0.00731
  8.80      0.00543
  8.82      0.00466
  8.84      0.00385
  8.86      0.00458
  8.88      0.00530
  8.90      0.00861
  8.92      0.01206
  8.94      0.01602
  8.96      0.01795
  8.98      0.02022
  9.00      0.02291
  9.02      0.02302
  9.04      0.02468
  9.06      0.02439
  9.08      0.02320
  9.10      0.02200
  9.12      0.02169
  9.14      0.01947
  9.16      0.01875
  9.18      0.01628
  9.20      0.01408
  9.22      0.01152
  9.24      0.00917
  9.26      0.00679
  9.28      0.00581
  9.30      0.00463
  9.32      0.00463
  9.34      0.00549
  9.36      0.00534
  9.38      0.00542
  9.40      0.00446
  9.42      0.00338
  9.44      0.00341
  9.46      0.00273
  9.48      0.00272
  9.50      0.00257
  9.52      0.00258
  9.54      0.00121
  9.56     -0.00089
  9.58     -0.00291
  9.60     -0.00323
  9.62     -0.00468
  9.64     -0.00561
  9.66     -0.00521
  9.68     -0.00582
  9.70     -0.00669
  9.72     -0.00703
  9.74     -0.00932
  9.76     -0.00989
  9.78     -0.01082
  9.80     -0.01277
  9.82     -0.01319
  9.84     -0.01411
  9.86     -0.01392
  9.88     -0.01357
  9.90     -0.01389
  9.92     -0.01419
  9.94     -0.01489
  9.96     -0.01648
  9.98     -0.01799
 10.00     -0.01925
 10.02     -0.02032
 10.04     -0.02069
 10.06     -0.02003
 10.08     -0.01937
 10.10     -0.01737
 10.12     -0.01606
 10.14     -0.01504
 10.16     -0.01479
 10.18     -0.01442
 10.20     -0.01399
 10.22     -0.01088
 10.24     -0.00828
 10.26     -0.00611
 10.28     -0.00318
 10.30     -0.00165
 10.32     -0.00381
 10.34     -0.00448
 10.36     -0.00349
 10.38     -0.00201
 10.40      0.00027
 10.42      0.00063
 10.44      0.00167
 10.46      0.00094
 10.48      0.00012
 10.50     -0.00168
 10.52     -0.00030
 10.54      0.00040
 10.56      0.00169
 10.58      0.00248
 10.60      0.00380
 10.62      0.00507
 10.64      0.00745
 10.66      0.00856
 10.68      0.00909
 10.70      0.01006
 10.72      0.00983
 10.74      0.00844
 10.76      0.01011
 10.78      0.01184
 10.80      0.01262
 10.82      0.01438
 10.84      0.01501
 10.86      0.01476
 10.88      0.01541
 10.90      0.01540
 10.92      0.01561
 10.94      0.01456
 10.96      0.01308
 10.98      0.01056
 11.00      0.00946
 11.02      0.00797
 11.04      0.00874
 11.06      0.00793
 11.08      0.00846
 11.10      0.00783
 11.12      0.00672
 11.14      0.00474
 11.16      0.00589
 11.18      0.00595
 11.20      0.00408
 11.22      0.00416
 11.24      0.00471
 11.26      0.00227
 11.28      0.00043
 11.30      0.00115
 11.32      0.00185
 11.34      0.00420
 11.36      0.00585
 11.38      0.00786
 11.40      0.00843
 11.42      0.00862
 11.44      0.00642
 11.46      0.00547
 11.48      0.00441
 11.50      0.00515
 11.52      0.00459
 11.54      0.00571
 11.56      0.00568
 11.58      0.00514
 11.60      0.00373
 11.62      0.00415
 11.64      0.00257
 11.66      0.00175
 11.68      0.00124
 11.70      0.00150
 11.72      0.00047
 11.74     -0.00144
 11.76     -0.00170
 11.78     -0.00271
 11.80     -0.00369
 11.82     -0.00530
 11.84     -0.00488
 11.86     -0.00658
 11.88     -0.00837
 11.90     -0.00891
 11.92     -0.01117
 11.94     -0.01169
 11.96     -0.01137
 11.98     -0.00978
 12.00     -0.00990
 12.02     -0.00864
 12.04     -0.00874
 12.06     -0.01015
 12.08     -0.01112
 12.10     -0.01251
 12.12     -0.01329
 12.14     -0.01368
 12.16     -0.01304
 12.18     -0.01351
 12.20     -0.01390
 12.22     -0.01510
 12.24     -0.01564
 12.26     -0.01603
 12.28     -0.01487
 12.30     -0.01460
 12.32     -0.01360
 12.34     -0.01302
 12.36     -0.01189
 12.38     -0.01239
 12.40     -0.00913
 12.42     -0.00547
 12.44     -0.00207
 12.46     -0.00191
 12.48      0.00044
 12.50      0.00086
 12.52     -0.00016
 12.54     -0.00044
 12.56      0.00365
 12.58      0.00247
 12.60      0.00345
 12.62      0.00455
 12.64      0.00367
 12.66      0.00163
 12.68      0.00388
 12.70      0.00305
 12.72      0.00389
 12.74      0.00554
 12.76      0.00572
 12.78      0.00478
 12.80      0.00539
 12.82      0.00577
 12.84      0.00555
 12.86      0.00637
 12.88      0.00871
 12.90      0.00903
 12.92      0.00916
 12.94      0.00917
 12.96      0.01072
 12.98      0.01116
 13.00      0.01141
 13.02      0.01163
 13.04      0.01324
 13.06      0.01290
 13.08      0.01184
 13.10      0.01240
 13.12      0.01133
 13.14      0.01124
 13.16      0.01101
 13.18      0.00972
 13.20      0.01034
 13.22      0.01143
 13.24      0.01006
 13.26      0.01137
 13.28      0.01296
 13.30      0.01145
 13.32      0.01056
 13.34      0.01008
 13.36      0.00735
 13.38      0.00525
 13.40      0.00497
 13.42      0.00370
 13.44      0.00373
 13.46      0.00297
 13.48      0.00404
 13.50      0.00256
 13.52      0.00270
 13.54      0.00281
 13.56      0.00183
 13.58     -0.00108
 13.60     -0.00259
 13.62     -0.00438
 13.64     -0.00665
 13.66     -0.00724
 13.68     -0.00652
 13.70     -0.00527
 13.72     -0.00595
 13.74     -0.00582
 13.76     -0.00613
 13.78     -0.00686
 13.80     -0.00644
 13.82     -0.00462
 13.84     -0.00366
 13.86     -0.00372
 13.88     -0.00351
 13.90     -0.00513
 13.92     -0.00588
 13.94     -0.00647
 13.96     -0.00601
 13.98     -0.00567
 14.00     -0.00427
 14.02     -0.00477
 14.04     -0.00543
 14.06     -0.00627
 14.08     -0.00527
 14.10     -0.00694
 14.12     -0.00637
 14.14     -0.00736
 14.16     -0.00614
 14.18     -0.00765
 14.20     -0.00690
 14.22     -0.00733
 14.24     -0.00584
 14.26     -0.00608
 14.28     -0.00529
 14.30     -0.00474
 14.32     -0.00262
 14.34     -0.00303
 14.36     -0.00378
 14.38     -0.00517
 14.40     -0.00542
 14.42     -0.00710
 14.44     -0.00589
 14.46     -0.00499
 14.48     -0.00337
 14.50     -0.00276
 14.52     -0.00220
 14.54     -0.00284
 14.56     -0.00152
 14.58     -0.00326
 14.60     -0.00351
 14.62     -0.00356
 14.64     -0.00265
 14.66     -0.00226
 14.68     -0.00092
 14.70      0.00086
 14.72      0.00022
 14.74      0.00146
 14.76      0.00104
 14.78      0.00063
 14.80      0.00011
 14.82      0.00270
 14.84      0.00261
 14.86      0.00404
 14.88      0.00557
 14.90      0.00662
 14.92      0.00633
 14.94      0.00641
 14.96      0.00580
 14.98      0.00648
 15.00      0.00554
 15.02      0.00519
 15.04      0.00587
 15.06      0.00634
 15.08      0.00881
 15.10      0.00936
 15.12      0.00931
 15.14      0.00838
 15.16      0.00944
 15.18      0.00771
 15.20      0.00798
 15.22      0.00856
 15.24      0.00857
 15.26      0.00701
 15.28      0.00765
 15.30      0.00823
 15.32      0.00671
 15.34      0.00728
 15.36      0.00652
 15.38      0.00454
 15.40      0.00292
 15.42      0.00448
 15.44      0.00371
 15.46      0.00497
 15.48      0.00569
 15.50      0.00487
 15.52      0.00320
 15.54      0.00331
 15.56      0.00363
 15.58      0.00182
 15.60      0.00247
 15.62      0.00256
 15.64      0.00170
 15.66      0.00115
 15.68      0.00191
 15.70      0.00209
 15.72      0.00217
 15.74      0.00243
 15.76      0.00183
 15.78      0.00194
 15.80      0.00071
 15.82     -0.00017
 15.84     -0.00210
 15.86     -0.00469
 15.88     -0.00634
 15.90     -0.00751
 15.92     -0.00746
 15.94     -0.00670
 15.96     -0.00736
 15.98     -0.00635
 16.00     -0.00664
 16.02     -0.00728
 16.04     -0.00850
 16.06     -0.00769
 16.08     -0.00854
 16.10     -0.00776
 16.12     -0.00771
 16.14     -0.00735
 16.16     -0.00742
 16.18     -0.00785
 16.20     -0.00883
 16.22     -0.00846
 16.24     -0.00861
 16.26     -0.00842
 16.28     -0.00670
 16.30     -0.00551
 16.32     -0.00583
 16.34     -0.00532
 16.36     -0.00469
 16.38     -0.00552
 16.40     -0.00551
 16.42     -0.00544
 16.44     -0.00461
 16.46     -0.00412
 16.48     -0.00347
 16.50     -0.00258
 16.52     -0.00066
 16.54     -0.00080
 16.56      0.00106
 16.58      0.00005
 16.60      0.00087
 16.62     -0.00053
 16.64      0.00074
 16.66     -0.00019
 16.68      0.00142
 16.70      0.00166
 16.72      0.00331
 16.74      0.00387
 16.76      0.00491
 16.78      0.00633
 16.80      0.00689
 16.82      0.00760
 16.84      0.00730
 16.86      0.00746
 16.88      0.00550
 16.90      0.00448
 16.92      0.00266
 16.94      0.00209
 16.96      0.00135
 16.98      0.00295
 17.00      0.00324
 17.02      0.00410
 17.04      0.00473
 17.06      0.00481
 17.08      0.00380
 17.10      0.00357
 17.12      0.00356
 17.14      0.00290
 17.16      0.00348
 17.18      0.00416
 17.20      0.00346
 17.22      0.00400
 17.24      0.00399
 17.26      0.00439
 17.28      0.00507
 17.30      0.00540
 17.32      0.00504
 17.34      0.00573
 17.36      0.00361
 17.38      0.00254
 17.40      0.00310
 17.42      0.00212
 17.44      0.00209
 17.46      0.00288
 17.48      0.00267
 17.50      0.00250
 17.52      0.00276
 17.54      0.00294
 17.56      0.00206
 17.58      0.00191
 17.60      0.00136
 17.62      0.00200
 17.64      0.00171
 17.66      0.00188
 17.68      0.00039
 17.70      0.00034
 17.72      0.00001
 17.74     -0.00188
 17.76     -0.00081
 17.78      0.00085
 17.80      0.00108
 17.82      0.00000
 17.84      0.00092
 17.86     -0.00030
 17.88     -0.00102
 17.90     -0.00186
 17.92     -0.00063
 17.94     -0.00072
 17.96     -0.00149
 17.98     -0.00258
 18.00     -0.00200
 18.02     -0.00422
 18.04     -0.00446
 18.06     -0.00267
 18.08     -0.00149
 18.10     -0.00170
 18.12     -0.00038
 18.14     -0.00148
 18.16     -0.00215
 18.18     -0.00266
 18.20     -0.00291
 18.22     -0.00298
 18.24     -0.00326
 18.26     -0.00358
 18.28     -0.00323
 18.30     -0.00322
 18.32     -0.00382
 18.34     -0.00269
 18.36     -0.00418
 18.38     -0.00446
 18.40     -0.00477
 18.42     -0.00533
 18.44     -0.00659
 18.46     -0.00568
 18.48     -0.00654
 18.50     -0.00621
 18.52     -0.00540
 18.54     -0.00369
 18.56     -0.00256
 18.58     -0.00255
 18.60     -0.00181
 18.62     -0.00095
 18.64     -0.00086
 18.66     -0.00179
 18.68     -0.00061
 18.70     -0.00127
 18.72     -0.00075
 18.74     -0.00116
 18.76     -0.00093
 18.78     -0.00096
 18.80     -0.00067
 18.82     -0.00172
 18.84     -0.00088
 18.86      0.00006
 18.88      0.00038
 18.90      0.00119
 18.92      0.00188
 18.94      0.00274
 18.96      0.00235
 18.98      0.00237
 19.00      0.00207
 19.02      0.00261
 19.04      0.00161
 19.06      0.00141
 19.08      0.00244
 19.10      0.00277
 19.12      0.00354
 19.14      0.00483
 19.16      0.00593
 19.18      0.00533
 19.20      0.00494
 19.22      0.00422
 19.24      0.00482
 19.26      0.00527
 19.28      0.00565
 19.30      0.00561
 19.32      0.00637
 19.34      0.00475
 19.36      0.00513
 19.38      0.00498
 19.40      0.00628
 19.42      0.00512
 19.44      0.00500
 19.46      0.00395
 19.48      0.00363
 19.50      0.00194
 19.52      0.00217
 19.54      0.00317
 19.56      0.00268
 19.58      0.00186
 19.60      0.00191
 19.62      0.00071
 19.64     -0.00138
 19.66     -0.00069
 19.68      0.00129
 19.70      0.00228
 19.72      0.00224
 19.74      0.00276
 19.76      0.00277
 19.78      0.00194
 19.80      0.00026
 19.82      0.00098
 19.84      0.00149
 19.86      0.00022
 19.88     -0.00093
 19.90      0.00020
 19.92     -0.00043
 19.94     -0.00140
 19.96     -0.00170
 19.98     -0.00189
 20.00     -0.00318
 20.02     -0.00337
 20.04     -0.00350
 20.06     -0.00380
 20.08     -0.00239
 20.10     -0.00196
 20.12     -0.00193
 20.14     -0.00139
 20.16     -0.00173
 20.18     -0.00383
 20.20     -0.00376
 20.22     -0.00376
 20.24     -0.00347
 20.26     -0.00265
 20.28     -0.00201
 20.30     -0.00303
 20.32     -0.00358
 20.34     -0.00409
 20.36     -0.00534
 20.38     -0.00535
 20.40     -0.00521
 20.42     -0.00432
 20.44     -0.00461
 20.46     -0.00425
 20.48     -0.00353
 20.50     -0.00298
 20.52     -0.00319
 20.54     -0.00303
 20.56     -0.00182
 20.58     -0.00200
 20.60     -0.00151
 20.62     -0.00023
 20.64      0.00139
 20.66      0.00089
 20.68      0.00093
 20.70      0.00283
 20.72      0.00245
 20.74      0.00140
 20.76      0.00207
 20.78      0.00251
 20.80      0.00106
 20.82      0.00021
 20.84      0.00052
 20.86      0.00091
 20.88      0.00065
 20.90      0.00142
 20.92      0.00215
 20.94      0.00187
 20.96      0.00122
 20.98     -0.00025
 21.00     -0.00089
 21.02     -0.00079
 21.04     -0.00028
 21.06     -0.00006
 21.08      0.00106
 21.10     -0.00015
 21.12     -0.00030
 21.14      0.00069
 21.16      0.00004
 21.18      0.00006
 21.20      0.00060
 21.22      0.00071
 21.24     -0.00055
 21.26      0.00048
 21.28      0.00024
 21.30      0.00042
 21.32      0.00049
 21.34      0.00112
 21.36      0.00080
 21.38      0.00091
 21.40      0.00116
 21.42      0.00084
 21.44      0.00020
 21.46      0.00101
 21.48      0.00117
 21.50      0.00239
 21.52      0.00303
 21.54      0.00434
 21.56      0.00366
 21.58      0.00432
 21.60      0.00421
 21.62      0.00386
 21.64      0.00307
 21.66      0.00310
 21.68      0.00394
 21.70      0.00325
 21.72      0.00322
 21.74      0.00331
 21.76      0.00382
 21.78      0.00295
 21.80      0.00322
 21.82      0.00281
 21.84      0.00317
 21.86      0.00342
 21.88      0.00287
 21.90      0.00295
 21.92      0.00311
 21.94      0.00199
 21.96      0.00048
 21.98      0.00025
 22.00     -0.00024
 22.02     -0.00008
 22.04     -0.00093
 22.06     -0.00050
 22.08     -0.00033
 22.10     -0.00146
 22.12     -0.00152
 22.14     -0.00156
 22.16     -0.00146
 22.18     -0.00236
 22.20     -0.00194
 22.22     -0.00326
 22.24     -0.00230
 22.26     -0.00391
 22.28     -0.00258
 22.30     -0.00250
 22.32     -0.00101
 22.34     -0.00234
 22.36     -0.00141
 22.38     -0.00238
 22.40     -0.00310
 22.42     -0.00473
 22.44     -0.00426
 22.46     -0.00474
 22.48     -0.00490
 22.50     -0.00331
 22.52     -0.00235
 22.54     -0.00183
 22.56     -0.00145
 22.58     -0.00168
 22.60     -0.00356
 22.62     -0.00442
 22.64     -0.00384
 22.66     -0.00383
 22.68     -0.00243
 22.70     -0.00167
 22.72     -0.00019
 22.74     -0.00142
 22.76     -0.00112
 22.78     -0.00200
 22.80     -0.00136
 22.82     -0.00167
 22.84     -0.00130
 22.86     -0.00148
 22.88     -0.00070
 22.90      0.00005
 22.92      0.00020
 22.94      0.00068
 22.96      0.00102
 22.98      0.00135
 23.00      0.00105
 23.02      0.00204
 23.04      0.00280
 23.06      0.00344
 23.08      0.00413
 23.10      0.00468
 23.12      0.00376
 23.14      0.00347
 23.16      0.00260
 23.18      0.00072
 23.20      0.00018
 23.22      0.00073
 23.24      0.00091
 23.26      0.00128
 23.28      0.00182
 23.30      0.00221
 23.32      0.00228
 23.34      0.00276
 23.36      0.00277
 23.38      0.00360
 23.40      0.00257
 23.42      0.00146
 23.44      0.00070
 23.46      0.00038
 23.48      0.00044
 23.50      0.00119
 23.52      0.00210
 23.54      0.00181
 23.56      0.00199
 23.58      0.00160
 23.60      0.00128
 23.62      0.00158
 23.64      0.00130
 23.66      0.00109
 23.68      0.00001
 23.70      0.00041
 23.72     -0.00015
 23.74      0.00004
 23.76      0.00049
 23.78      0.00154
 23.80      0.00177
 23.82      0.00164
 23.84      0.00133
 23.86      0.00144
 23.88      0.00065
 23.90     -0.00121
 23.92     -0.00212
 23.94     -0.00151
 23.96     -0.00167
 23.98     -0.00181
 24.00     -0.00081
 24.02      0.00051
 24.04      0.00110
 24.06      0.00115
 24.08      0.00174
 24.10      0.00179
 24.12      0.00158
 24.14      0.00164
 24.16      0.00127
 24.18      0.00078
 24.20      0.00069
 24.22      0.00069
 24.24     -0.00023
 24.26     -0.00034
 24.28     -0.00075
 24.30      0.00023
 24.32     -0.00066
 24.34     -0.00099
 24.36     -0.00160
 24.38     -0.00128
 24.40     -0.00309
 24.42     -0.00268
 24.44     -0.00258
 24.46     -0.00122
 24.48     -0.00088
 24.50     -0.00090
 24.52     -0.00073
 24.54     -0.00065
 24.56     -0.00187
 24.58     -0.00242
 24.60     -0.00268
 24.62     -0.00277
 24.64     -0.00312
 24.66     -0.00228
 24.68     -0.00237
 24.70     -0.00163
 24.72     -0.00238
 24.74     -0.00178
 24.76     -0.00204
 24.78     -0.00179
 24.80     -0.00166
 24.82     -0.00138
 24.84     -0.00184
 24.86     -0.00205
 24.88     -0.00173
 24.90     -0.00212
 24.92     -0.00218
 24.94     -0.00218
 24.96     -0.00131
 24.98     -0.00158
 25.00     -0.00051
 25.02      0.00049
 25.04      0.00137
 25.06      0.00103
 25.08      0.00132
 25.10      0.00085
 25.12      0.00030
 25.14      0.00066
 25.16      0.00044
 25.18      0.00125
 25.20      0.00113
 25.22      0.00081
 25.24      0.00023
 25.26      0.00043
 25.28      0.00011
 25.30     -0.00008
 25.32      0.00189
 25.34      0.00196
 25.36      0.00219
 25.38      0.00168
 25.40      0.00258
 25.42      0.00144
 25.44      0.00202
 25.46      0.00247
 25.48      0.00340
 25.50      0.00177
 25.52      0.00157
 25.54      0.00047
 25.56     -0.00046
 25.58     -0.00143
 25.60     -0.00009
 25.62      0.00054
 25.64      0.00142
 25.66      0.00201
 25.68      0.00286
 25.70      0.00266
 25.72      0.00219
 25.74      0.00145
 25.76      0.00111
 25.78      0.00073
 25.80      0.00094
 25.82      0.00144
 25.84      0.00192
 25.86      0.00207
 25.88      0.00158
 25.90      0.00060
 25.92     -0.00044
 25.94     -0.00049
 25.96     -0.00036
 25.98      0.00033
 26.00      0.00140
 26.02      0.00149
 26.04      0.00038
 26.06      0.00141
 26.08      0.00117
 26.10      0.00061
 26.12      0.00026
 26.14      0.00112
 26.16     -0.00090
 26.18     -0.00048
 26.20     -0.00052
 26.22     -0.00018
 26.24      0.00049
 26.26      0.00137
 26.28      0.00061
 26.30      0.00109
 26.32      0.00152
 26.34      0.00127
 26.36      0.00051
 26.38     -0.00000
 26.40     -0.00094
 26.42     -0.00129
 26.44     -0.00176
 26.46     -0.00137
 26.48     -0.00061
 26.50     -0.00039
 26.52     -0.00101
 26.54     -0.00089
 26.56     -0.00052
 26.58     -0.00058
 26.60      0.00016
 26.62      0.00045
 26.64      0.00046
 26.66     -0.00009
 26.68     -0.00033
 26.70     -0.00175
 26.72     -0.00179
 26.74     -0.00233
 26.76     -0.00302
 26.78     -0.00259
 26.80     -0.00204
 26.82     -0.00230
 26.84     -0.00281
 26.86     -0.00202
 26.88     -0.00197
 26.90     -0.00156
 26.92     -0.00132
 26.94     -0.00011
 26.96     -0.00054
 26.98     -0.00127
 27.00     -0.00094
 27.02     -0.00071
 27.04     -0.00073
 27.06     -0.00056
 27.08     -0.00061
 27.10     -0.00102
 27.12     -0.00086
 27.14     -0.00106
 27.16     -0.00021
 27.18     -0.00034
 27.20     -0.00010
 27.22      0.00018
 27.24     -0.00025
 27.26     -0.00023
 27.28     -0.00009
 27.30      0.00034
 27.32      0.00044
 27.34      0.00111
 27.36      0.00110
 27.38      0.00163
 27.40      0.00105
 27.42      0.00174
 27.44      0.00145
 27.46      0.00166
 27.48      0.00214
 27.50      0.00282
 27.52      0.00172
 27.54      0.00275
 27.56      0.00250
 27.58      0.00207
 27.60      0.00206
 27.62      0.00230
 27.64      0.00155
 27.66      0.00159
 27.68      0.00161
 27.70      0.00111
 27.72      0.00148
 27.74      0.00123
 27.76      0.00100
 27.78      0.00112
 27.80      0.00195
 27.82      0.00159
 27.84      0.00163
 27.86      0.00190
 27.88      0.00241
 27.90      0.00139
 27.92      0.00144
 27.94      0.00116
 27.96      0.00017
 27.98     -0.00065
 28.00     -0.00057
 28.02     -0.00068
 28.04     -0.00084
 28.06     -0.00030
 28.08      0.00023
 28.10      0.00053
 28.12      0.00074
 28.14      0.00103
 28.16      0.00078
 28.18      0.00021
 28.20      0.00071
 28.22      0.00048
 28.24      0.00054
 28.26      0.00053
 28.28      0.00063
 28.30     -0.00002
 28.32     -0.00013
 28.34     -0.00067
 28.36     -0.00020
 28.38     -0.00066
 28.40     -0.00085
 28.42     -0.00091
 28.44     -0.00061
 28.46     -0.00090
 28.48     -0.00043
 28.50     -0.00073
 28.52     -0.00085
 28.54     -0.00085
 28.56     -0.00100
 28.58     -0.00122
 28.60     -0.00095
 28.62     -0.00134
 28.64     -0.00130
 28.66     -0.00159
 28.68     -0.00130
 28.70     -0.00144
 28.72     -0.00084
 28.74     -0.00067
 28.76     -0.00057
 28.78     -0.00067
 28.80     -0.00104
 28.82     -0.00124
 28.84     -0.00146
 28.86     -0.00057
 28.88     -0.00099
 28.90     -0.00070
 28.92     -0.00069
 28.94     -0.00056
 28.96     -0.00155
 28.98     -0.00138
 29.00     -0.00109
 29.02     -0.00059
 29.04     -0.00088
 29.06     -0.00045
 29.08     -0.00063
 29.10     -0.00029
 29.12     -0.00073
 29.14     -0.00055
 29.16     -0.00074
 29.18     -0.00065
 29.20     -0.00071
 29.22     -0.00086
 29.24     -0.00091
 29.26     -0.00083
 29.28     -0.00068
 29.30     -0.00093
 29.32     -0.00057
 29.34     -0.00064
 29.36     -0.00028
 29.38     -0.00026
 29.40      0.00015
 29.42      0.00017
 29.44      0.00001
 29.46     -0.00006
 29.48     -0.00003
 29.50     -0.00022
 29.52     -0.00054
 29.54     -0.00031
 29.56     -0.00069
 29.58     -0.00057
 29.60     -0.00062
 29.62     -0.00064
 29.64     -0.00021
 29.66      0.00018
 29.68      0.00002
 29.70     -0.00017
 29.72     -0.00031
 29.74     -0.00087
 29.76     -0.00145
 29.78     -0.00159
 29.80     -0.00178
 29.82     -0.00178
 29.84     -0.00168
 29.86     -0.00135
 29.88     -0.00121
 29.90     -0.00103
 29.92     -0.00112
 29.94     -0.00132
 29.96     -0.00149
 29.98     -0.00137
 30.00     -0.00116
