 #r(A)        G(r)
  0.02      0.00000
  0.04      0.00000
  0.06      0.00000
  0.08      0.00000
  0.10      0.00000
  0.12     -0.00000
  0.14     -0.00000
  0.16     -0.00000
  0.18     -0.00000
  0.20     -0.00001
  0.22     -0.00002
  0.24     -0.00003
  0.26     -0.00006
  0.28     -0.00009
  0.30     -0.00013
  0.32     -0.00018
  0.34     -0.00025
  0.36     -0.00035
  0.38     -0.00046
  0.40     -0.00061
  0.42     -0.00078
  0.44     -0.00099
  0.46     -0.00122
  0.48     -0.00149
  0.50     -0.00178
  0.52     -0.00208
  0.54     -0.00241
  0.56     -0.00275
  0.58     -0.00310
  0.60     -0.00346
  0.62     -0.00382
  0.64     -0.00419
  0.66     -0.00456
  0.68     -0.00493
  0.70     -0.00531
  0.72     -0.00569
  0.74     -0.00607
  0.76     -0.00645
  0.78     -0.00683
  0.80     -0.00721
  0.82     -0.00759
  0.84     -0.00798
  0.86     -0.00836
  0.88     -0.00875
  0.90     -0.00914
  0.92     -0.00952
  0.94     -0.00991
  0.96     -0.01030
  0.98     -0.01069
  1.00     -0.01108
  1.02     -0.01147
  1.04     -0.01186
  1.06     -0.01226
  1.08     -0.01265
  1.10     -0.01305
  1.12     -0.01344
  1.14     -0.01384
  1.16     -0.01423
  1.18     -0.01463
  1.20     -0.01503
  1.22     -0.01543
  1.24     -0.01583
  1.26     -0.01624
  1.28     -0.01664
  1.30     -0.01705
  1.32     -0.01746
  1.34     -0.01787
  1.36     -0.01829
  1.38     -0.01871
  1.40     -0.01914
  1.42     -0.01957
  1.44     -0.02001
  1.46     -0.02046
  1.48     -0.02091
  1.50     -0.02138
  1.52     -0.02185
  1.54     -0.02233
  1.56     -0.02282
  1.58     -0.02331
  1.60     -0.02380
  1.62     -0.02431
  1.64     -0.02481
  1.66     -0.02532
  1.68     -0.02583
  1.70     -0.02635
  1.72     -0.02686
  1.74     -0.02738
  1.76     -0.02790
  1.78     -0.02842
  1.80     -0.02895
  1.82     -0.02947
  1.84     -0.03000
  1.86     -0.03053
  1.88     -0.03106
  1.90     -0.03160
  1.92     -0.03214
  1.94     -0.03268
  1.96     -0.03323
  1.98     -0.03377
  2.00     -0.03433
  2.02     -0.03488
  2.04     -0.03545
  2.06     -0.03601
  2.08     -0.03645
  2.10     -0.03632
  2.12     -0.03495
  2.14     -0.03249
  2.16     -0.02801
  2.18     -0.02182
  2.20     -0.01114
  2.22      0.00152
  2.24      0.01692
  2.26      0.03195
  2.28      0.04885
  2.30      0.07146
  2.32      0.09745
  2.34      0.12626
  2.36      0.16449
  2.38      0.19841
  2.40      0.22740
  2.42      0.24905
  2.44      0.25501
  2.46      0.24368
  2.48      0.22587
  2.50      0.19753
  2.52      0.15869
  2.54      0.12370
  2.56      0.09146
  2.58      0.06056
  2.60      0.03354
  2.62      0.01502
  2.64     -0.00022
  2.66     -0.01364
  2.68     -0.02251
  2.70     -0.03062
  2.72     -0.03515
  2.74     -0.03883
  2.76     -0.03982
  2.78     -0.04066
  2.80     -0.04117
  2.82     -0.04287
  2.84     -0.04327
  2.86     -0.04485
  2.88     -0.04598
  2.90     -0.04651
  2.92     -0.04702
  2.94     -0.04765
  2.96     -0.04828
  2.98     -0.04719
  3.00     -0.04783
  3.02     -0.04787
  3.04     -0.04763
  3.06     -0.04758
  3.08     -0.04836
  3.10     -0.04794
  3.12     -0.04793
  3.14     -0.04860
  3.16     -0.04773
  3.18     -0.04660
  3.20     -0.04736
  3.22     -0.04644
  3.24     -0.04449
  3.26     -0.04407
  3.28     -0.04175
  3.30     -0.03648
  3.32     -0.03228
  3.34     -0.02867
  3.36     -0.02141
  3.38     -0.01462
  3.40     -0.00932
  3.42     -0.00142
  3.44      0.00633
  3.46      0.01265
  3.48      0.01714
  3.50      0.01844
  3.52      0.01519
  3.54      0.01086
  3.56      0.00406
  3.58     -0.00465
  3.60     -0.01239
  3.62     -0.01905
  3.64     -0.02450
  3.66     -0.03064
  3.68     -0.03687
  3.70     -0.04138
  3.72     -0.04416
  3.74     -0.04709
  3.76     -0.04878
  3.78     -0.04834
  3.80     -0.04773
  3.82     -0.04676
  3.84     -0.04651
  3.86     -0.04516
  3.88     -0.04391
  3.90     -0.04126
  3.92     -0.04151
  3.94     -0.03968
  3.96     -0.03788
  3.98     -0.03368
  4.00     -0.03072
  4.02     -0.02506
  4.04     -0.01923
  4.06     -0.01212
  4.08     -0.00503
  4.10      0.00557
  4.12      0.02032
  4.14      0.04066
  4.16      0.06492
  4.18      0.09385
  4.20      0.12029
  4.22      0.14230
  4.24      0.16287
  4.26      0.17050
  4.28      0.17276
  4.30      0.16613
  4.32      0.15821
  4.34      0.13938
  4.36      0.11992
  4.38      0.09522
  4.40      0.07328
  4.42      0.04835
  4.44      0.02656
  4.46      0.00899
  4.48     -0.00530
  4.50     -0.01449
  4.52     -0.02180
  4.54     -0.02829
  4.56     -0.03252
  4.58     -0.03493
  4.60     -0.03663
  4.62     -0.03786
  4.64     -0.03647
  4.66     -0.03496
  4.68     -0.03570
  4.70     -0.03645
  4.72     -0.03431
  4.74     -0.03323
  4.76     -0.03018
  4.78     -0.02491
  4.80     -0.01791
  4.82     -0.01161
  4.84     -0.00396
  4.86      0.00538
  4.88      0.01374
  4.90      0.01962
  4.92      0.02332
  4.94      0.02302
  4.96      0.02017
  4.98      0.01333
  5.00      0.00527
  5.02     -0.00190
  5.04     -0.00856
  5.06     -0.01865
  5.08     -0.02602
  5.10     -0.03285
  5.12     -0.04095
  5.14     -0.04769
  5.16     -0.05101
  5.18     -0.05260
  5.20     -0.05395
  5.22     -0.05450
  5.24     -0.05436
  5.26     -0.05434
  5.28     -0.05423
  5.30     -0.05258
  5.32     -0.04740
  5.34     -0.03931
  5.36     -0.02755
  5.38     -0.01591
  5.40     -0.00046
  5.42      0.01458
  5.44      0.03124
  5.46      0.04189
  5.48      0.05889
  5.50      0.07069
  5.52      0.07759
  5.54      0.07823
  5.56      0.07773
  5.58      0.06936
  5.60      0.05575
  5.62      0.04170
  5.64      0.02715
  5.66      0.01299
  5.68     -0.00388
  5.70     -0.01670
  5.72     -0.02647
  5.74     -0.03401
  5.76     -0.04148
  5.78     -0.04510
  5.80     -0.04691
  5.82     -0.04951
  5.84     -0.05143
  5.86     -0.04933
  5.88     -0.04694
  5.90     -0.04380
  5.92     -0.03944
  5.94     -0.03481
  5.96     -0.03006
  5.98     -0.02326
  6.00     -0.01771
  6.02     -0.01299
  6.04     -0.01136
  6.06     -0.00910
  6.08     -0.01158
  6.10     -0.01384
  6.12     -0.01851
  6.14     -0.02023
  6.16     -0.02376
  6.18     -0.02868
  6.20     -0.03246
  6.22     -0.03426
  6.24     -0.03682
  6.26     -0.03693
  6.28     -0.03456
  6.30     -0.03021
  6.32     -0.02441
  6.34     -0.01454
  6.36     -0.00428
  6.38      0.01059
  6.40      0.02953
  6.42      0.05226
  6.44      0.07213
  6.46      0.09337
  6.48      0.11744
  6.50      0.13357
  6.52      0.14696
  6.54      0.15861
  6.56      0.15999
  6.58      0.15232
  6.60      0.13788
  6.62      0.11708
  6.64      0.09478
  6.66      0.07238
  6.68      0.04747
  6.70      0.02833
  6.72      0.01026
  6.74     -0.00727
  6.76     -0.02000
  6.78     -0.02838
  6.80     -0.03653
  6.82     -0.04204
  6.84     -0.04545
  6.86     -0.04840
  6.88     -0.04902
  6.90     -0.04765
  6.92     -0.04570
  6.94     -0.04500
  6.96     -0.04275
  6.98     -0.04281
  7.00     -0.04285
  7.02     -0.04424
  7.04     -0.04409
  7.06     -0.04594
  7.08     -0.04723
  7.10     -0.04993
  7.12     -0.05189
  7.14     -0.05336
  7.16     -0.05510
  7.18     -0.05515
  7.20     -0.05224
  7.22     -0.04593
  7.24     -0.03978
  7.26     -0.02848
  7.28     -0.01770
  7.30     -0.00559
  7.32      0.00597
  7.34      0.02009
  7.36      0.03022
  7.38      0.04287
  7.40      0.05211
  7.42      0.05672
  7.44      0.05897
  7.46      0.05603
  7.48      0.04838
  7.50      0.03815
  7.52      0.02756
  7.54      0.01453
  7.56      0.00501
  7.58     -0.00493
  7.60     -0.01186
  7.62     -0.01747
  7.64     -0.02220
  7.66     -0.02302
  7.68     -0.02317
  7.70     -0.02130
  7.72     -0.01499
  7.74     -0.00760
  7.76     -0.00236
  7.78      0.00510
  7.80      0.01047
  7.82      0.01258
  7.84      0.01452
  7.86      0.01443
  7.88      0.01099
  7.90      0.00522
  7.92     -0.00126
  7.94     -0.01000
  7.96     -0.01611
  7.98     -0.02008
  8.00     -0.02230
  8.02     -0.02321
  8.04     -0.02381
  8.06     -0.02271
  8.08     -0.02031
  8.10     -0.01555
  8.12     -0.01118
  8.14     -0.00387
  8.16      0.00132
  8.18      0.00433
  8.20      0.00612
  8.22      0.00825
  8.24      0.00549
  8.26      0.00281
  8.28     -0.00011
  8.30     -0.00547
  8.32     -0.01283
  8.34     -0.01737
  8.36     -0.02314
  8.38     -0.02563
  8.40     -0.02725
  8.42     -0.02602
  8.44     -0.02508
  8.46     -0.02112
  8.48     -0.01896
  8.50     -0.01196
  8.52     -0.00653
  8.54     -0.00190
  8.56      0.00151
  8.58      0.00425
  8.60      0.00452
  8.62      0.00302
  8.64      0.00156
  8.66     -0.00030
  8.68      0.00094
  8.70     -0.00046
  8.72      0.00236
  8.74      0.00724
  8.76      0.01415
  8.78      0.02328
  8.80      0.03500
  8.82      0.04946
  8.84      0.06646
  8.86      0.08210
  8.88      0.09514
  8.90      0.10907
  8.92      0.11444
  8.94      0.11734
  8.96      0.11252
  8.98      0.10101
  9.00      0.08441
  9.02      0.06969
  9.04      0.04981
  9.06      0.03173
  9.08      0.01616
  9.10      0.00016
  9.12     -0.01621
  9.14     -0.02993
  9.16     -0.04012
  9.18     -0.04908
  9.20     -0.05438
  9.22     -0.05900
  9.24     -0.06119
  9.26     -0.06196
  9.28     -0.06169
  9.30     -0.06204
  9.32     -0.06060
  9.34     -0.05824
  9.36     -0.05547
  9.38     -0.05341
  9.40     -0.04887
  9.42     -0.04259
  9.44     -0.03413
  9.46     -0.02446
  9.48     -0.01248
  9.50     -0.00269
  9.52      0.00868
  9.54      0.01820
  9.56      0.02528
  9.58      0.02911
  9.60      0.03454
  9.62      0.03421
  9.64      0.02977
  9.66      0.02495
  9.68      0.01765
  9.70      0.00748
  9.72     -0.00302
  9.74     -0.01113
  9.76     -0.01928
  9.78     -0.02511
  9.80     -0.02945
  9.82     -0.03145
  9.84     -0.03429
  9.86     -0.03610
  9.88     -0.03625
  9.90     -0.03714
  9.92     -0.03782
  9.94     -0.03792
  9.96     -0.03662
  9.98     -0.03504
 10.00     -0.03162
 10.02     -0.02892
 10.04     -0.02446
 10.06     -0.02018
 10.08     -0.01410
 10.10     -0.00861
 10.12      0.00074
 10.14      0.00866
 10.16      0.01462
 10.18      0.02037
 10.20      0.02555
 10.22      0.02515
 10.24      0.02551
 10.26      0.02561
 10.28      0.01978
 10.30      0.01638
 10.32      0.01417
 10.34      0.00809
 10.36      0.00409
 10.38      0.00052
 10.40     -0.00468
 10.42     -0.00761
 10.44     -0.00548
 10.46     -0.00461
 10.48     -0.00128
 10.50      0.00047
 10.52      0.00212
 10.54      0.00133
 10.56      0.00103
 10.58      0.00143
 10.60      0.00338
 10.62      0.00552
 10.64      0.01021
 10.66      0.01562
 10.68      0.02342
 10.70      0.03030
 10.72      0.03971
 10.74      0.04456
 10.76      0.05103
 10.78      0.05503
 10.80      0.05956
 10.82      0.05889
 10.84      0.05813
 10.86      0.05226
 10.88      0.04500
 10.90      0.03688
 10.92      0.02663
 10.94      0.01806
 10.96      0.01088
 10.98      0.00461
 11.00     -0.00303
 11.02     -0.00534
 11.04     -0.00777
 11.06     -0.01049
 11.08     -0.01261
 11.10     -0.01469
 11.12     -0.01643
 11.14     -0.01732
 11.16     -0.01609
 11.18     -0.01503
 11.20     -0.01325
 11.22     -0.01149
 11.24     -0.00924
 11.26     -0.00640
 11.28     -0.00305
 11.30      0.00096
 11.32      0.00469
 11.34      0.00743
 11.36      0.00735
 11.38      0.00671
 11.40      0.00578
 11.42      0.00212
 11.44     -0.00189
 11.46     -0.00478
 11.48     -0.00966
 11.50     -0.01295
 11.52     -0.01566
 11.54     -0.01738
 11.56     -0.01954
 11.58     -0.02021
 11.60     -0.02128
 11.62     -0.02193
 11.64     -0.02349
 11.66     -0.02396
 11.68     -0.02393
 11.70     -0.02285
 11.72     -0.02180
 11.74     -0.01832
 11.76     -0.01562
 11.78     -0.01149
 11.80     -0.00987
 11.82     -0.00576
 11.84     -0.00435
 11.86     -0.00155
 11.88     -0.00086
 11.90      0.00071
 11.92     -0.00154
 11.94     -0.00362
 11.96     -0.00771
 11.98     -0.01222
 12.00     -0.01795
 12.02     -0.02304
 12.04     -0.02770
 12.06     -0.03201
 12.08     -0.03394
 12.10     -0.03541
 12.12     -0.03635
 12.14     -0.03657
 12.16     -0.03337
 12.18     -0.03126
 12.20     -0.02708
 12.22     -0.02217
 12.24     -0.01472
 12.26     -0.00713
 12.28      0.00127
 12.30      0.00957
 12.32      0.01707
 12.34      0.02376
 12.36      0.03032
 12.38      0.03382
 12.40      0.03874
 12.42      0.04145
 12.44      0.04173
 12.46      0.03850
 12.48      0.03470
 12.50      0.02753
 12.52      0.02106
 12.54      0.01409
 12.56      0.00770
 12.58      0.00320
 12.60     -0.00125
 12.62     -0.00265
 12.64     -0.00452
 12.66     -0.00491
 12.68     -0.00199
 12.70      0.00138
 12.72      0.00556
 12.74      0.01389
 12.76      0.02098
 12.78      0.02674
 12.80      0.03472
 12.82      0.04101
 12.84      0.04465
 12.86      0.04911
 12.88      0.05238
 12.90      0.05222
 12.92      0.05072
 12.94      0.04783
 12.96      0.04533
 12.98      0.03967
 13.00      0.03521
 13.02      0.03161
 13.04      0.02756
 13.06      0.02284
 13.08      0.01861
 13.10      0.01454
 13.12      0.00934
 13.14      0.00545
 13.16      0.00086
 13.18     -0.00180
 13.20     -0.00490
 13.22     -0.01004
 13.24     -0.01378
 13.26     -0.01754
 13.28     -0.02096
 13.30     -0.02517
 13.32     -0.02570
 13.34     -0.02872
 13.36     -0.03165
 13.38     -0.03575
 13.40     -0.03808
 13.42     -0.04141
 13.44     -0.04299
 13.46     -0.04434
 13.48     -0.04517
 13.50     -0.04580
 13.52     -0.04630
 13.54     -0.04618
 13.56     -0.04610
 13.58     -0.04388
 13.60     -0.04068
 13.62     -0.03639
 13.64     -0.03231
 13.66     -0.02477
 13.68     -0.01803
 13.70     -0.01148
 13.72     -0.00319
 13.74      0.00477
 13.76      0.00987
 13.78      0.01544
 13.80      0.01768
 13.82      0.01831
 13.84      0.01779
 13.86      0.01480
 13.88      0.01076
 13.90      0.00781
 13.92      0.00423
 13.94     -0.00241
 13.96     -0.00559
 13.98     -0.01036
 14.00     -0.01398
 14.02     -0.01696
 14.04     -0.01642
 14.06     -0.01743
 14.08     -0.01449
 14.10     -0.01069
 14.12     -0.00720
 14.14     -0.00148
 14.16      0.00559
 14.18      0.01260
 14.20      0.01803
 14.22      0.02292
 14.24      0.02581
 14.26      0.02956
 14.28      0.02921
 14.30      0.02934
 14.32      0.02834
 14.34      0.02727
 14.36      0.02266
 14.38      0.01941
 14.40      0.01523
 14.42      0.01255
 14.44      0.00981
 14.46      0.00800
 14.48      0.00584
 14.50      0.00457
 14.52      0.00342
 14.54      0.00151
 14.56     -0.00107
 14.58     -0.00173
 14.60     -0.00279
 14.62     -0.00433
 14.64     -0.00544
 14.66     -0.00426
 14.68     -0.00592
 14.70     -0.00481
 14.72     -0.00482
 14.74     -0.00446
 14.76     -0.00442
 14.78     -0.00253
 14.80     -0.00424
 14.82     -0.00282
 14.84     -0.00081
 14.86     -0.00049
 14.88      0.00192
 14.90      0.00702
 14.92      0.00882
 14.94      0.01160
 14.96      0.01722
 14.98      0.01982
 15.00      0.02286
 15.02      0.02569
 15.04      0.02959
 15.06      0.03231
 15.08      0.03372
 15.10      0.03381
 15.12      0.03436
 15.14      0.02997
 15.16      0.02388
 15.18      0.01983
 15.20      0.01448
 15.22      0.00971
 15.24      0.00406
 15.26     -0.00037
 15.28     -0.00432
 15.30     -0.00978
 15.32     -0.01397
 15.34     -0.01497
 15.36     -0.01587
 15.38     -0.01700
 15.40     -0.01620
 15.42     -0.01702
 15.44     -0.01735
 15.46     -0.01728
 15.48     -0.01828
 15.50     -0.01810
 15.52     -0.01666
 15.54     -0.01663
 15.56     -0.01785
 15.58     -0.01840
 15.60     -0.01913
 15.62     -0.02069
 15.64     -0.02199
 15.66     -0.02301
 15.68     -0.02269
 15.70     -0.02396
 15.72     -0.02399
 15.74     -0.02290
 15.76     -0.02125
 15.78     -0.02032
 15.80     -0.01955
 15.82     -0.01740
 15.84     -0.01607
 15.86     -0.01525
 15.88     -0.01332
 15.90     -0.01151
 15.92     -0.01103
 15.94     -0.01021
 15.96     -0.00827
 15.98     -0.00746
 16.00     -0.00545
 16.02     -0.00430
 16.04     -0.00158
 16.06      0.00065
 16.08      0.00257
 16.10      0.00538
 16.12      0.00941
 16.14      0.01110
 16.16      0.01410
 16.18      0.01777
 16.20      0.02032
 16.22      0.02187
 16.24      0.02308
 16.26      0.02302
 16.28      0.02220
 16.30      0.02071
 16.32      0.02022
 16.34      0.01953
 16.36      0.01675
 16.38      0.01409
 16.40      0.01177
 16.42      0.00880
 16.44      0.00723
 16.46      0.00651
 16.48      0.00545
 16.50      0.00580
 16.52      0.00619
 16.54      0.00768
 16.56      0.00875
 16.58      0.01154
 16.60      0.01342
 16.62      0.01285
 16.64      0.01200
 16.66      0.01293
 16.68      0.01066
 16.70      0.00767
 16.72      0.00676
 16.74      0.00337
 16.76     -0.00038
 16.78     -0.00201
 16.80     -0.00431
 16.82     -0.00714
 16.84     -0.00798
 16.86     -0.00836
 16.88     -0.00956
 16.90     -0.00882
 16.92     -0.00704
 16.94     -0.00607
 16.96     -0.00513
 16.98     -0.00322
 17.00     -0.00058
 17.02     -0.00002
 17.04      0.00069
 17.06      0.00147
 17.08      0.00147
 17.10     -0.00021
 17.12     -0.00028
 17.14     -0.00113
 17.16     -0.00073
 17.18     -0.00094
 17.20     -0.00106
 17.22     -0.00036
 17.24      0.00110
 17.26      0.00092
 17.28      0.00126
 17.30      0.00350
 17.32      0.00510
 17.34      0.00579
 17.36      0.00552
 17.38      0.00595
 17.40      0.00522
 17.42      0.00387
 17.44      0.00247
 17.46      0.00157
 17.48     -0.00048
 17.50     -0.00319
 17.52     -0.00628
 17.54     -0.00812
 17.56     -0.00985
 17.58     -0.01008
 17.60     -0.01075
 17.62     -0.01079
 17.64     -0.01027
 17.66     -0.01014
 17.68     -0.01071
 17.70     -0.00978
 17.72     -0.00952
 17.74     -0.00856
 17.76     -0.00666
 17.78     -0.00499
 17.80     -0.00422
 17.82     -0.00332
 17.84     -0.00324
 17.86     -0.00218
 17.88     -0.00204
 17.90     -0.00141
 17.92      0.00007
 17.94      0.00173
 17.96      0.00071
 17.98      0.00122
 18.00      0.00103
 18.02      0.00007
 18.04     -0.00065
 18.06     -0.00009
 18.08      0.00027
 18.10     -0.00028
 18.12     -0.00077
 18.14     -0.00171
 18.16     -0.00255
 18.18     -0.00301
 18.20     -0.00284
 18.22     -0.00161
 18.24     -0.00007
 18.26      0.00129
 18.28      0.00302
 18.30      0.00499
 18.32      0.00649
 18.34      0.00701
 18.36      0.00794
 18.38      0.00782
 18.40      0.00859
 18.42      0.00784
 18.44      0.00745
 18.46      0.00697
 18.48      0.00566
 18.50      0.00301
 18.52      0.00118
 18.54     -0.00063
 18.56     -0.00284
 18.58     -0.00504
 18.60     -0.00514
 18.62     -0.00360
 18.64     -0.00419
 18.66     -0.00358
 18.68     -0.00159
 18.70     -0.00167
 18.72     -0.00200
 18.74      0.00019
 18.76      0.00161
 18.78      0.00292
 18.80      0.00410
 18.82      0.00417
 18.84      0.00329
 18.86      0.00432
 18.88      0.00357
 18.90      0.00343
 18.92      0.00398
 18.94      0.00545
 18.96      0.00377
 18.98      0.00405
 19.00      0.00442
 19.02      0.00478
 19.04      0.00469
 19.06      0.00541
 19.08      0.00498
 19.10      0.00476
 19.12      0.00341
 19.14      0.00233
 19.16      0.00141
 19.18      0.00070
 19.20      0.00120
 19.22      0.00115
 19.24      0.00149
 19.26      0.00067
 19.28      0.00114
 19.30      0.00138
 19.32      0.00193
 19.34      0.00275
 19.36      0.00503
 19.38      0.00370
 19.40      0.00333
 19.42      0.00282
 19.44      0.00101
 19.46     -0.00078
 19.48     -0.00046
 19.50     -0.00152
 19.52     -0.00185
 19.54     -0.00209
 19.56     -0.00246
 19.58     -0.00202
 19.60     -0.00140
 19.62     -0.00067
 19.64     -0.00020
 19.66      0.00079
 19.68      0.00126
 19.70     -0.00050
 19.72     -0.00102
 19.74     -0.00219
 19.76     -0.00381
 19.78     -0.00528
 19.80     -0.00558
 19.82     -0.00689
 19.84     -0.00747
 19.86     -0.00854
 19.88     -0.00939
 19.90     -0.00975
 19.92     -0.01107
 19.94     -0.01146
 19.96     -0.01234
 19.98     -0.01250
 20.00     -0.01184
 20.02     -0.00995
 20.04     -0.00852
 20.06     -0.00632
 20.08     -0.00383
 20.10     -0.00295
 20.12     -0.00250
 20.14     -0.00142
 20.16     -0.00066
 20.18      0.00055
 20.20      0.00228
 20.22      0.00413
 20.24      0.00547
 20.26      0.00718
 20.28      0.00726
 20.30      0.00796
 20.32      0.00793
 20.34      0.00798
 20.36      0.00834
 20.38      0.00866
 20.40      0.00788
 20.42      0.00845
 20.44      0.00729
 20.46      0.00604
 20.48      0.00449
 20.50      0.00344
 20.52      0.00347
 20.54      0.00257
 20.56      0.00228
 20.58      0.00203
 20.60      0.00213
 20.62     -0.00023
 20.64      0.00061
 20.66     -0.00026
 20.68     -0.00060
 20.70     -0.00214
 20.72     -0.00308
 20.74     -0.00484
 20.76     -0.00619
 20.78     -0.00733
 20.80     -0.00626
 20.82     -0.00588
 20.84     -0.00544
 20.86     -0.00492
 20.88     -0.00454
 20.90     -0.00448
 20.92     -0.00383
 20.94     -0.00315
 20.96     -0.00279
 20.98     -0.00236
 21.00     -0.00197
 21.02     -0.00107
 21.04     -0.00051
 21.06      0.00121
 21.08      0.00185
 21.10      0.00301
 21.12      0.00464
 21.14      0.00572
 21.16      0.00613
 21.18      0.00759
 21.20      0.00837
 21.22      0.00861
 21.24      0.00893
 21.26      0.00909
 21.28      0.00974
 21.30      0.00884
 21.32      0.00756
 21.34      0.00663
 21.36      0.00559
 21.38      0.00366
 21.40      0.00307
 21.42      0.00234
 21.44      0.00266
 21.46      0.00281
 21.48      0.00375
 21.50      0.00322
 21.52      0.00301
 21.54      0.00154
 21.56      0.00133
 21.58      0.00049
 21.60      0.00046
 21.62      0.00059
 21.64      0.00155
 21.66      0.00011
 21.68     -0.00059
 21.70     -0.00074
 21.72     -0.00192
 21.74     -0.00264
 21.76     -0.00210
 21.78     -0.00278
 21.80     -0.00383
 21.82     -0.00461
 21.84     -0.00527
 21.86     -0.00625
 21.88     -0.00703
 21.90     -0.00723
 21.92     -0.00709
 21.94     -0.00807
 21.96     -0.00766
 21.98     -0.00758
 22.00     -0.00720
 22.02     -0.00688
 22.04     -0.00683
 22.06     -0.00704
 22.08     -0.00598
 22.10     -0.00605
 22.12     -0.00558
 22.14     -0.00460
 22.16     -0.00386
 22.18     -0.00367
 22.20     -0.00299
 22.22     -0.00323
 22.24     -0.00288
 22.26     -0.00252
 22.28     -0.00259
 22.30     -0.00286
 22.32     -0.00178
 22.34     -0.00083
 22.36     -0.00033
 22.38      0.00024
 22.40      0.00129
 22.42      0.00228
 22.44      0.00261
 22.46      0.00241
 22.48      0.00343
 22.50      0.00407
 22.52      0.00320
 22.54      0.00299
 22.56      0.00306
 22.58      0.00272
 22.60      0.00162
 22.62      0.00186
 22.64      0.00187
 22.66      0.00247
 22.68      0.00195
 22.70      0.00262
 22.72      0.00279
 22.74      0.00238
 22.76      0.00188
 22.78      0.00285
 22.80      0.00257
 22.82      0.00201
 22.84      0.00251
 22.86      0.00300
 22.88      0.00237
 22.90      0.00226
 22.92      0.00228
 22.94      0.00126
 22.96      0.00102
 22.98      0.00034
 23.00     -0.00003
 23.02      0.00002
 23.04      0.00080
 23.06      0.00076
 23.08      0.00121
 23.10      0.00163
 23.12      0.00108
 23.14      0.00020
 23.16     -0.00038
 23.18     -0.00068
 23.20     -0.00056
 23.22      0.00015
 23.24      0.00077
 23.26      0.00121
 23.28      0.00081
 23.30      0.00007
 23.32      0.00005
 23.34      0.00052
 23.36      0.00026
 23.38      0.00099
 23.40      0.00135
 23.42      0.00139
 23.44      0.00120
 23.46      0.00084
 23.48      0.00064
 23.50      0.00017
 23.52     -0.00002
 23.54      0.00004
 23.56      0.00055
 23.58      0.00114
 23.60      0.00140
 23.62      0.00181
 23.64      0.00185
 23.66      0.00161
 23.68      0.00068
 23.70      0.00086
 23.72      0.00021
 23.74     -0.00043
 23.76     -0.00004
 23.78     -0.00021
 23.80     -0.00032
 23.82     -0.00051
 23.84     -0.00089
 23.86     -0.00184
 23.88     -0.00211
 23.90     -0.00238
 23.92     -0.00273
 23.94     -0.00305
 23.96     -0.00351
 23.98     -0.00335
 24.00     -0.00424
 24.02     -0.00439
 24.04     -0.00423
 24.06     -0.00348
 24.08     -0.00384
 24.10     -0.00328
 24.12     -0.00339
 24.14     -0.00362
 24.16     -0.00420
 24.18     -0.00367
 24.20     -0.00326
 24.22     -0.00260
 24.24     -0.00192
 24.26     -0.00101
 24.28     -0.00087
 24.30     -0.00104
 24.32     -0.00071
 24.34     -0.00038
 24.36     -0.00047
 24.38     -0.00018
 24.40      0.00046
 24.42      0.00041
 24.44      0.00042
 24.46      0.00054
 24.48      0.00083
 24.50      0.00037
 24.52      0.00081
 24.54      0.00071
 24.56      0.00041
 24.58      0.00016
 24.60      0.00012
 24.62     -0.00043
 24.64     -0.00054
 24.66     -0.00031
 24.68     -0.00046
 24.70     -0.00053
 24.72     -0.00035
 24.74     -0.00011
 24.76      0.00012
 24.78      0.00011
 24.80      0.00076
 24.82      0.00081
 24.84      0.00072
 24.86      0.00008
 24.88     -0.00009
 24.90      0.00021
 24.92      0.00021
 24.94      0.00073
 24.96      0.00167
 24.98      0.00211
 25.00      0.00223
 25.02      0.00235
 25.04      0.00203
 25.06      0.00170
 25.08      0.00155
 25.10      0.00073
 25.12      0.00080
 25.14      0.00057
 25.16      0.00036
 25.18      0.00034
 25.20      0.00094
 25.22      0.00079
 25.24      0.00076
 25.26      0.00103
 25.28      0.00109
 25.30      0.00107
 25.32      0.00097
 25.34      0.00138
 25.36      0.00107
 25.38      0.00062
 25.40      0.00038
 25.42      0.00053
 25.44     -0.00021
 25.46     -0.00034
 25.48     -0.00007
 25.50     -0.00062
 25.52     -0.00064
 25.54      0.00006
 25.56     -0.00011
 25.58      0.00008
 25.60      0.00053
 25.62      0.00005
 25.64     -0.00071
 25.66     -0.00065
 25.68     -0.00096
 25.70     -0.00084
 25.72     -0.00084
 25.74     -0.00075
 25.76     -0.00081
 25.78     -0.00087
 25.80     -0.00140
 25.82     -0.00139
 25.84     -0.00136
 25.86     -0.00158
 25.88     -0.00180
 25.90     -0.00209
 25.92     -0.00216
 25.94     -0.00229
 25.96     -0.00204
 25.98     -0.00187
 26.00     -0.00147
 26.02     -0.00139
 26.04     -0.00137
 26.06     -0.00160
 26.08     -0.00155
 26.10     -0.00160
 26.12     -0.00173
 26.14     -0.00165
 26.16     -0.00155
 26.18     -0.00182
 26.20     -0.00219
 26.22     -0.00207
 26.24     -0.00215
 26.26     -0.00231
 26.28     -0.00220
 26.30     -0.00184
 26.32     -0.00173
 26.34     -0.00159
 26.36     -0.00093
 26.38     -0.00089
 26.40     -0.00105
 26.42     -0.00117
 26.44     -0.00128
 26.46     -0.00150
 26.48     -0.00116
 26.50     -0.00067
 26.52     -0.00034
 26.54      0.00009
 26.56      0.00019
 26.58      0.00037
 26.60      0.00010
 26.62      0.00014
 26.64     -0.00011
 26.66     -0.00002
 26.68      0.00004
 26.70      0.00041
 26.72      0.00044
 26.74      0.00083
 26.76      0.00084
 26.78      0.00061
 26.80      0.00054
 26.82      0.00054
 26.84      0.00010
 26.86      0.00012
 26.88      0.00035
 26.90      0.00039
 26.92      0.00054
 26.94      0.00097
 26.96      0.00092
 26.98      0.00080
 27.00      0.00054
 27.02      0.00016
 27.04      0.00016
 27.06      0.00011
 27.08      0.00015
 27.10      0.00025
 27.12      0.00052
 27.14      0.00015
 27.16      0.00026
 27.18      0.00030
 27.20      0.00033
 27.22      0.00029
 27.24      0.00043
 27.26      0.00044
 27.28      0.00061
 27.30      0.00037
 27.32      0.00037
 27.34      0.00047
 27.36      0.00043
 27.38     -0.00000
 27.40      0.00011
 27.42      0.00017
 27.44      0.00023
 27.46      0.00013
 27.48      0.00021
 27.50      0.00034
 27.52      0.00020
 27.54     -0.00007
 27.56      0.00008
 27.58      0.00000
 27.60     -0.00015
 27.62     -0.00011
 27.64      0.00008
 27.66     -0.00015
 27.68     -0.00008
 27.70     -0.00020
 27.72     -0.00036
 27.74     -0.00053
 27.76     -0.00056
 27.78     -0.00067
 27.80     -0.00057
 27.82     -0.00066
 27.84     -0.00080
 27.86     -0.00061
 27.88     -0.00040
 27.90     -0.00031
 27.92     -0.00031
 27.94     -0.00019
 27.96     -0.00051
 27.98     -0.00075
 28.00     -0.00087
 28.02     -0.00083
 28.04     -0.00086
 28.06     -0.00079
 28.08     -0.00070
 28.10     -0.00076
 28.12     -0.00086
 28.14     -0.00071
 28.16     -0.00075
 28.18     -0.00076
 28.20     -0.00079
 28.22     -0.00066
 28.24     -0.00077
 28.26     -0.00057
 28.28     -0.00055
 28.30     -0.00051
 28.32     -0.00056
 28.34     -0.00070
 28.36     -0.00096
 28.38     -0.00110
 28.40     -0.00106
 28.42     -0.00097
 28.44     -0.00090
 28.46     -0.00086
 28.48     -0.00078
 28.50     -0.00096
 28.52     -0.00109
 28.54     -0.00111
 28.56     -0.00108
 28.58     -0.00109
 28.60     -0.00095
 28.62     -0.00094
 28.64     -0.00100
 28.66     -0.00103
 28.68     -0.00114
 28.70     -0.00120
 28.72     -0.00112
 28.74     -0.00114
 28.76     -0.00104
 28.78     -0.00097
 28.80     -0.00099
 28.82     -0.00108
 28.84     -0.00108
 28.86     -0.00119
 28.88     -0.00115
 28.90     -0.00115
 28.92     -0.00119
 28.94     -0.00122
 28.96     -0.00123
 28.98     -0.00128
 29.00     -0.00129
 29.02     -0.00116
 29.04     -0.00110
 29.06     -0.00105
 29.08     -0.00101
 29.10     -0.00086
 29.12     -0.00092
 29.14     -0.00084
 29.16     -0.00084
 29.18     -0.00079
 29.20     -0.00086
 29.22     -0.00078
 29.24     -0.00081
 29.26     -0.00076
 29.28     -0.00074
 29.30     -0.00073
 29.32     -0.00071
 29.34     -0.00072
 29.36     -0.00073
 29.38     -0.00071
 29.40     -0.00066
 29.42     -0.00062
 29.44     -0.00057
 29.46     -0.00056
 29.48     -0.00049
 29.50     -0.00048
 29.52     -0.00049
 29.54     -0.00045
 29.56     -0.00044
 29.58     -0.00044
 29.60     -0.00044
 29.62     -0.00046
 29.64     -0.00041
 29.66     -0.00038
 29.68     -0.00044
 29.70     -0.00045
 29.72     -0.00040
 29.74     -0.00044
 29.76     -0.00039
 29.78     -0.00029
 29.80     -0.00024
 29.82     -0.00023
 29.84     -0.00018
 29.86     -0.00019
 29.88     -0.00022
 29.90     -0.00022
 29.92     -0.00020
 29.94     -0.00023
 29.96     -0.00024
 29.98     -0.00024
 30.00     -0.00024
