 #r(A)        G(r)
  0.02      0.00000
  0.04      0.00000
  0.06      0.00000
  0.08      0.00000
  0.10      0.00000
  0.12      0.00000
  0.14      0.00000
  0.16      0.00000
  0.18      0.00000
  0.20      0.00000
  0.22      0.00000
  0.24     -0.00000
  0.26     -0.00000
  0.28     -0.00000
  0.30     -0.00001
  0.32     -0.00002
  0.34     -0.00004
  0.36     -0.00007
  0.38     -0.00012
  0.40     -0.00020
  0.42     -0.00032
  0.44     -0.00049
  0.46     -0.00070
  0.48     -0.00096
  0.50     -0.00126
  0.52     -0.00160
  0.54     -0.00197
  0.56     -0.00235
  0.58     -0.00274
  0.60     -0.00314
  0.62     -0.00354
  0.64     -0.00394
  0.66     -0.00434
  0.68     -0.00475
  0.70     -0.00515
  0.72     -0.00556
  0.74     -0.00596
  0.76     -0.00637
  0.78     -0.00677
  0.80     -0.00717
  0.82     -0.00758
  0.84     -0.00798
  0.86     -0.00839
  0.88     -0.00879
  0.90     -0.00920
  0.92     -0.00960
  0.94     -0.01001
  0.96     -0.01041
  0.98     -0.01081
  1.00     -0.01122
  1.02     -0.01162
  1.04     -0.01203
  1.06     -0.01243
  1.08     -0.01284
  1.10     -0.01324
  1.12     -0.01365
  1.14     -0.01405
  1.16     -0.01445
  1.18     -0.01486
  1.20     -0.01526
  1.22     -0.01567
  1.24     -0.01607
  1.26     -0.01648
  1.28     -0.01688
  1.30     -0.01729
  1.32     -0.01769
  1.34     -0.01810
  1.36     -0.01851
  1.38     -0.01892
  1.40     -0.01934
  1.42     -0.01976
  1.44     -0.02020
  1.46     -0.02065
  1.48     -0.02111
  1.50     -0.02159
  1.52     -0.02209
  1.54     -0.02259
  1.56     -0.02311
  1.58     -0.02364
  1.60     -0.02417
  1.62     -0.02470
  1.64     -0.02524
  1.66     -0.02578
  1.68     -0.02632
  1.70     -0.02686
  1.72     -0.02740
  1.74     -0.02794
  1.76     -0.02848
  1.78     -0.02902
  1.80     -0.02956
  1.82     -0.03010
  1.84     -0.03064
  1.86     -0.03118
  1.88     -0.03171
  1.90     -0.03225
  1.92     -0.03279
  1.94     -0.03333
  1.96     -0.03387
  1.98     -0.03441
  2.00     -0.03495
  2.02     -0.03549
  2.04     -0.03603
  2.06     -0.03657
  2.08     -0.03711
  2.10     -0.03765
  2.12     -0.03820
  2.14     -0.03875
  2.16     -0.03930
  2.18     -0.03988
  2.20     -0.04020
  2.22     -0.03949
  2.24     -0.03855
  2.26     -0.03191
  2.28     -0.02266
  2.30     -0.00685
  2.32      0.01985
  2.34      0.05807
  2.36      0.10928
  2.38      0.17778
  2.40      0.24856
  2.42      0.31577
  2.44      0.37497
  2.46      0.40422
  2.48      0.39411
  2.50      0.35757
  2.52      0.29290
  2.54      0.21427
  2.56      0.13913
  2.58      0.07617
  2.60      0.02715
  2.62     -0.00431
  2.64     -0.02613
  2.66     -0.04034
  2.68     -0.04752
  2.70     -0.05122
  2.72     -0.05251
  2.74     -0.05323
  2.76     -0.05372
  2.78     -0.05387
  2.80     -0.05402
  2.82     -0.05429
  2.84     -0.05446
  2.86     -0.05463
  2.88     -0.05481
  2.90     -0.05500
  2.92     -0.05522
  2.94     -0.05545
  2.96     -0.05570
  2.98     -0.05597
  3.00     -0.05625
  3.02     -0.05655
  3.04     -0.05686
  3.06     -0.05717
  3.08     -0.05749
  3.10     -0.05782
  3.12     -0.05814
  3.14     -0.05847
  3.16     -0.05879
  3.18     -0.05911
  3.20     -0.05944
  3.22     -0.05967
  3.24     -0.05972
  3.26     -0.05959
  3.28     -0.05827
  3.30     -0.05652
  3.32     -0.05361
  3.34     -0.04786
  3.36     -0.03513
  3.38     -0.02047
  3.40     -0.00100
  3.42      0.02253
  3.44      0.04498
  3.46      0.06166
  3.48      0.07379
  3.50      0.07955
  3.52      0.07255
  3.54      0.06147
  3.56      0.04176
  3.58      0.01984
  3.60     -0.00426
  3.62     -0.02267
  3.64     -0.04044
  3.66     -0.05138
  3.68     -0.05884
  3.70     -0.06335
  3.72     -0.06602
  3.74     -0.06728
  3.76     -0.06805
  3.78     -0.06873
  3.80     -0.06908
  3.82     -0.06952
  3.84     -0.06987
  3.86     -0.07031
  3.88     -0.07066
  3.90     -0.07102
  3.92     -0.07137
  3.94     -0.07173
  3.96     -0.07209
  3.98     -0.07238
  4.00     -0.07267
  4.02     -0.07238
  4.04     -0.07128
  4.06     -0.06991
  4.08     -0.06621
  4.10     -0.05507
  4.12     -0.03856
  4.14     -0.01296
  4.16      0.02397
  4.18      0.07797
  4.20      0.13884
  4.22      0.20956
  4.24      0.28438
  4.26      0.34351
  4.28      0.37350
  4.30      0.37461
  4.32      0.34545
  4.34      0.28896
  4.36      0.21838
  4.38      0.14789
  4.40      0.08509
  4.42      0.03072
  4.44     -0.01295
  4.46     -0.03957
  4.48     -0.05688
  4.50     -0.06737
  4.52     -0.07213
  4.54     -0.07426
  4.56     -0.07526
  4.58     -0.07599
  4.60     -0.07666
  4.62     -0.07704
  4.64     -0.07739
  4.66     -0.07783
  4.68     -0.07823
  4.70     -0.07806
  4.72     -0.07738
  4.74     -0.07615
  4.76     -0.07284
  4.78     -0.06673
  4.80     -0.05664
  4.82     -0.04336
  4.84     -0.02333
  4.86      0.00018
  4.88      0.02626
  4.90      0.05467
  4.92      0.07962
  4.94      0.09225
  4.96      0.09797
  4.98      0.09256
  5.00      0.07108
  5.02      0.04527
  5.04      0.01884
  5.06     -0.00940
  5.08     -0.03528
  5.10     -0.05287
  5.12     -0.06719
  5.14     -0.07615
  5.16     -0.08204
  5.18     -0.08459
  5.20     -0.08619
  5.22     -0.08690
  5.24     -0.08738
  5.26     -0.08745
  5.28     -0.08713
  5.30     -0.08647
  5.32     -0.08469
  5.34     -0.08034
  5.36     -0.07260
  5.38     -0.05999
  5.40     -0.04017
  5.42     -0.00971
  5.44      0.02996
  5.46      0.08098
  5.48      0.13193
  5.50      0.17764
  5.52      0.21243
  5.54      0.22993
  5.56      0.21976
  5.58      0.19863
  5.60      0.16078
  5.62      0.11291
  5.64      0.06047
  5.66      0.01612
  5.68     -0.02483
  5.70     -0.05271
  5.72     -0.07218
  5.74     -0.08198
  5.76     -0.08707
  5.78     -0.08992
  5.80     -0.09130
  5.82     -0.09186
  5.84     -0.09171
  5.86     -0.09065
  5.88     -0.08875
  5.90     -0.08656
  5.92     -0.08174
  5.94     -0.07493
  5.96     -0.06599
  5.98     -0.05321
  6.00     -0.03586
  6.02     -0.02116
  6.04     -0.00877
  6.06     -0.00107
  6.08      0.00085
  6.10     -0.00554
  6.12     -0.01530
  6.14     -0.02791
  6.16     -0.04289
  6.18     -0.05738
  6.20     -0.06941
  6.22     -0.07924
  6.24     -0.08662
  6.26     -0.09011
  6.28     -0.09262
  6.30     -0.09388
  6.32     -0.09341
  6.34     -0.09061
  6.36     -0.08356
  6.38     -0.07214
  6.40     -0.05180
  6.42     -0.01771
  6.44      0.02649
  6.46      0.09031
  6.48      0.16514
  6.50      0.24813
  6.52      0.32026
  6.54      0.38198
  6.56      0.40626
  6.58      0.39626
  6.60      0.35174
  6.62      0.28916
  6.64      0.20701
  6.66      0.12876
  6.68      0.06065
  6.70      0.00454
  6.72     -0.03912
  6.74     -0.06596
  6.76     -0.08326
  6.78     -0.09225
  6.80     -0.09600
  6.82     -0.09679
  6.84     -0.09613
  6.86     -0.09430
  6.88     -0.09075
  6.90     -0.08388
  6.92     -0.07754
  6.94     -0.06862
  6.96     -0.05859
  6.98     -0.05069
  7.00     -0.04533
  7.02     -0.04376
  7.04     -0.04668
  7.06     -0.05254
  7.08     -0.06013
  7.10     -0.06968
  7.12     -0.07800
  7.14     -0.08536
  7.16     -0.09226
  7.18     -0.09655
  7.20     -0.09939
  7.22     -0.09901
  7.24     -0.09609
  7.26     -0.08898
  7.28     -0.07787
  7.30     -0.05688
  7.32     -0.02903
  7.34      0.00790
  7.36      0.05407
  7.38      0.10521
  7.40      0.14922
  7.42      0.18533
  7.44      0.20505
  7.46      0.20155
  7.48      0.17814
  7.50      0.14031
  7.52      0.09338
  7.54      0.04467
  7.56     -0.00025
  7.58     -0.03667
  7.60     -0.06313
  7.62     -0.08074
  7.64     -0.09056
  7.66     -0.09173
  7.68     -0.08760
  7.70     -0.07863
  7.72     -0.06524
  7.74     -0.04424
  7.76     -0.01684
  7.78      0.01300
  7.80      0.04161
  7.82      0.06939
  7.84      0.08498
  7.86      0.08188
  7.88      0.06934
  7.90      0.04907
  7.92      0.01775
  7.94     -0.01441
  7.96     -0.03953
  7.98     -0.06159
  8.00     -0.07979
  8.02     -0.09017
  8.04     -0.09372
  8.06     -0.09202
  8.08     -0.08576
  8.10     -0.07173
  8.12     -0.05228
  8.14     -0.02816
  8.16     -0.00235
  8.18      0.02648
  8.20      0.04844
  8.22      0.06253
  8.24      0.06787
  8.26      0.06115
  8.28      0.04175
  8.30      0.01689
  8.32     -0.01092
  8.34     -0.03960
  8.36     -0.06187
  8.38     -0.07858
  8.40     -0.08830
  8.42     -0.09127
  8.44     -0.08810
  8.46     -0.07992
  8.48     -0.06533
  8.50     -0.04402
  8.52     -0.01936
  8.54      0.00562
  8.56      0.03122
  8.58      0.05120
  8.60      0.05775
  8.62      0.05200
  8.64      0.03831
  8.66      0.01463
  8.68     -0.01362
  8.70     -0.03952
  8.72     -0.05854
  8.74     -0.07130
  8.76     -0.07508
  8.78     -0.06756
  8.80     -0.04634
  8.82     -0.01245
  8.84      0.03447
  8.86      0.09462
  8.88      0.16350
  8.90      0.23561
  8.92      0.29692
  8.94      0.33661
  8.96      0.34784
  8.98      0.32764
  9.00      0.27618
  9.02      0.20938
  9.04      0.13446
  9.06      0.06495
  9.08      0.00519
  9.10     -0.03977
  9.12     -0.07252
  9.14     -0.09113
  9.16     -0.10293
  9.18     -0.10906
  9.20     -0.11223
  9.22     -0.11343
  9.24     -0.11388
  9.26     -0.11407
  9.28     -0.11410
  9.30     -0.11401
  9.32     -0.11381
  9.34     -0.11353
  9.36     -0.11302
  9.38     -0.11208
  9.40     -0.10984
  9.42     -0.10504
  9.44     -0.09639
  9.46     -0.08231
  9.48     -0.06113
  9.50     -0.03428
  9.52     -0.00002
  9.54      0.03888
  9.56      0.07877
  9.58      0.11509
  9.60      0.14257
  9.62      0.15463
  9.64      0.14815
  9.66      0.12618
  9.68      0.09096
  9.70      0.04726
  9.72      0.00372
  9.74     -0.03235
  9.76     -0.06023
  9.78     -0.07879
  9.80     -0.08636
  9.82     -0.08722
  9.84     -0.08240
  9.86     -0.07602
  9.88     -0.06753
  9.90     -0.05849
  9.92     -0.05201
  9.94     -0.05158
  9.96     -0.05364
  9.98     -0.05996
 10.00     -0.06855
 10.02     -0.07739
 10.04     -0.08293
 10.06     -0.08439
 10.08     -0.07935
 10.10     -0.06752
 10.12     -0.04634
 10.14     -0.01695
 10.16      0.01600
 10.18      0.05227
 10.20      0.08708
 10.22      0.11250
 10.24      0.12162
 10.26      0.11981
 10.28      0.09976
 10.30      0.06836
 10.32      0.03122
 10.34     -0.00215
 10.36     -0.03288
 10.38     -0.05243
 10.40     -0.06062
 10.42     -0.05859
 10.44     -0.04716
 10.46     -0.03142
 10.48     -0.00975
 10.50      0.00559
 10.52      0.02028
 10.54      0.02395
 10.56      0.02267
 10.58      0.00958
 10.60     -0.00507
 10.62     -0.02526
 10.64     -0.03893
 10.66     -0.04600
 10.68     -0.04227
 10.70     -0.02484
 10.72      0.00652
 10.74      0.04874
 10.76      0.09649
 10.78      0.14489
 10.80      0.18315
 10.82      0.20416
 10.84      0.20704
 10.86      0.18648
 10.88      0.14997
 10.90      0.10355
 10.92      0.05569
 10.94      0.01009
 10.96     -0.02280
 10.98     -0.04387
 11.00     -0.05359
 11.02     -0.05073
 11.04     -0.04275
 11.06     -0.03054
 11.08     -0.02177
 11.10     -0.01465
 11.12     -0.01474
 11.14     -0.01894
 11.16     -0.02996
 11.18     -0.04170
 11.20     -0.05336
 11.22     -0.06034
 11.24     -0.06089
 11.26     -0.05188
 11.28     -0.03437
 11.30     -0.00983
 11.32      0.01577
 11.34      0.04159
 11.36      0.06330
 11.38      0.07505
 11.40      0.07399
 11.42      0.06148
 11.44      0.04012
 11.46      0.01177
 11.48     -0.01574
 11.50     -0.03911
 11.52     -0.05271
 11.54     -0.05894
 11.56     -0.05774
 11.58     -0.05158
 11.60     -0.04141
 11.62     -0.03250
 11.64     -0.02564
 11.66     -0.02340
 11.68     -0.02690
 11.70     -0.03450
 11.72     -0.04322
 11.74     -0.05317
 11.76     -0.05818
 11.78     -0.05380
 11.80     -0.04581
 11.82     -0.02819
 11.84     -0.00437
 11.86      0.01995
 11.88      0.03931
 11.90      0.05686
 11.92      0.05981
 11.94      0.05247
 11.96      0.03633
 11.98      0.01387
 12.00     -0.01355
 12.02     -0.03778
 12.04     -0.05781
 12.06     -0.07275
 12.08     -0.08303
 12.10     -0.08704
 12.12     -0.08744
 12.14     -0.08721
 12.16     -0.08563
 12.18     -0.08386
 12.20     -0.08282
 12.22     -0.08175
 12.24     -0.07890
 12.26     -0.07094
 12.28     -0.05624
 12.30     -0.03156
 12.32     -0.00163
 12.34      0.03935
 12.36      0.08071
 12.38      0.11948
 12.40      0.14950
 12.42      0.16691
 12.44      0.16268
 12.46      0.14366
 12.48      0.11019
 12.50      0.06784
 12.52      0.02918
 12.54     -0.00356
 12.56     -0.02714
 12.58     -0.03908
 12.60     -0.04279
 12.62     -0.04260
 12.64     -0.03913
 12.66     -0.03622
 12.68     -0.03544
 12.70     -0.03630
 12.72     -0.03864
 12.74     -0.03875
 12.76     -0.03244
 12.78     -0.01787
 12.80      0.00459
 12.82      0.03888
 12.84      0.07775
 12.86      0.11631
 12.88      0.15163
 12.90      0.17372
 12.92      0.17771
 12.94      0.16634
 12.96      0.14038
 12.98      0.10376
 13.00      0.06807
 13.02      0.03737
 13.04      0.01574
 13.06      0.00622
 13.08      0.00631
 13.10      0.01464
 13.12      0.02332
 13.14      0.02963
 13.16      0.02971
 13.18      0.02254
 13.20      0.00704
 13.22     -0.00944
 13.24     -0.02614
 13.26     -0.04008
 13.28     -0.04913
 13.30     -0.05275
 13.32     -0.05234
 13.34     -0.04841
 13.36     -0.04448
 13.38     -0.04314
 13.40     -0.04346
 13.42     -0.04938
 13.44     -0.05863
 13.46     -0.06947
 13.48     -0.07976
 13.50     -0.08939
 13.52     -0.09639
 13.54     -0.10178
 13.56     -0.10532
 13.58     -0.10695
 13.60     -0.10742
 13.62     -0.10562
 13.64     -0.10184
 13.66     -0.09454
 13.68     -0.08210
 13.70     -0.06207
 13.72     -0.03560
 13.74     -0.00268
 13.76      0.03458
 13.78      0.07266
 13.80      0.10335
 13.82      0.12565
 13.84      0.13477
 13.86      0.12817
 13.88      0.10589
 13.90      0.07442
 13.92      0.03856
 13.94      0.00259
 13.96     -0.02860
 13.98     -0.05208
 14.00     -0.06759
 14.02     -0.07878
 14.04     -0.08480
 14.06     -0.08651
 14.08     -0.08468
 14.10     -0.07964
 14.12     -0.06923
 14.14     -0.05422
 14.16     -0.03325
 14.18     -0.00468
 14.20      0.02902
 14.22      0.06112
 14.24      0.09088
 14.26      0.11242
 14.28      0.12069
 14.30      0.11550
 14.32      0.10051
 14.34      0.07739
 14.36      0.05174
 14.38      0.02985
 14.40      0.01422
 14.42      0.00521
 14.44      0.00468
 14.46      0.00700
 14.48      0.00848
 14.50      0.00703
 14.52      0.00418
 14.54     -0.00321
 14.56     -0.01175
 14.58     -0.01834
 14.60     -0.02084
 14.62     -0.02037
 14.64     -0.01572
 14.66     -0.00814
 14.68     -0.00101
 14.70      0.00278
 14.72      0.00334
 14.74     -0.00123
 14.76     -0.00922
 14.78     -0.01874
 14.80     -0.02694
 14.82     -0.03246
 14.84     -0.03436
 14.86     -0.03180
 14.88     -0.02821
 14.90     -0.02324
 14.92     -0.01942
 14.94     -0.01527
 14.96     -0.01200
 14.98     -0.00318
 15.00      0.01009
 15.02      0.03080
 15.04      0.05778
 15.06      0.08743
 15.08      0.11457
 15.10      0.13379
 15.12      0.14087
 15.14      0.13245
 15.16      0.11390
 15.18      0.08603
 15.20      0.05459
 15.22      0.02461
 15.24      0.00009
 15.26     -0.01886
 15.28     -0.03153
 15.30     -0.03922
 15.32     -0.04364
 15.34     -0.04558
 15.36     -0.04720
 15.38     -0.04803
 15.40     -0.04647
 15.42     -0.04250
 15.44     -0.03619
 15.46     -0.02919
 15.48     -0.02158
 15.50     -0.01497
 15.52     -0.01159
 15.54     -0.01123
 15.56     -0.01485
 15.58     -0.02191
 15.60     -0.03044
 15.62     -0.03874
 15.64     -0.04587
 15.66     -0.04956
 15.68     -0.05093
 15.70     -0.05060
 15.72     -0.04895
 15.74     -0.04768
 15.76     -0.04703
 15.78     -0.04556
 15.80     -0.04342
 15.82     -0.03936
 15.84     -0.03418
 15.86     -0.02602
 15.88     -0.01857
 15.90     -0.01325
 15.92     -0.01101
 15.94     -0.01086
 15.96     -0.01449
 15.98     -0.01815
 16.00     -0.02117
 16.02     -0.02253
 16.04     -0.02125
 16.06     -0.01825
 16.08     -0.01340
 16.10     -0.00703
 16.12     -0.00266
 16.14      0.00314
 16.16      0.00880
 16.18      0.01775
 16.20      0.02932
 16.22      0.04575
 16.24      0.06176
 16.26      0.08111
 16.28      0.09232
 16.30      0.09884
 16.32      0.09456
 16.34      0.08191
 16.36      0.06072
 16.38      0.03752
 16.40      0.01302
 16.42     -0.00651
 16.44     -0.02198
 16.46     -0.03072
 16.48     -0.03491
 16.50     -0.03607
 16.52     -0.03192
 16.54     -0.02272
 16.56     -0.01032
 16.58      0.00731
 16.60      0.02883
 16.62      0.04845
 16.64      0.06639
 16.66      0.07862
 16.68      0.08210
 16.70      0.07540
 16.72      0.06115
 16.74      0.03947
 16.76      0.01349
 16.78     -0.01221
 16.80     -0.03514
 16.82     -0.05269
 16.84     -0.06483
 16.86     -0.07055
 16.88     -0.06984
 16.90     -0.06385
 16.92     -0.05289
 16.94     -0.03749
 16.96     -0.01787
 16.98      0.00127
 17.00      0.01948
 17.02      0.03342
 17.04      0.04110
 17.06      0.04093
 17.08      0.03452
 17.10      0.02277
 17.12      0.00795
 17.14     -0.00565
 17.16     -0.01834
 17.18     -0.02765
 17.20     -0.03408
 17.22     -0.03681
 17.24     -0.03541
 17.26     -0.03081
 17.28     -0.02273
 17.30     -0.01002
 17.32      0.00603
 17.34      0.02085
 17.36      0.03458
 17.38      0.04623
 17.40      0.05176
 17.42      0.05015
 17.44      0.04382
 17.46      0.03256
 17.48      0.01749
 17.50      0.00288
 17.52     -0.00986
 17.54     -0.02131
 17.56     -0.02809
 17.58     -0.03262
 17.60     -0.03445
 17.62     -0.03561
 17.64     -0.03585
 17.66     -0.03429
 17.68     -0.03099
 17.70     -0.02850
 17.72     -0.02510
 17.74     -0.02098
 17.76     -0.01867
 17.78     -0.01658
 17.80     -0.01416
 17.82     -0.01116
 17.84     -0.00719
 17.86     -0.00206
 17.88      0.00155
 17.90      0.00552
 17.92      0.00819
 17.94      0.01013
 17.96      0.00950
 17.98      0.00949
 18.00      0.00845
 18.02      0.00846
 18.04      0.00798
 18.06      0.00795
 18.08      0.00763
 18.10      0.00609
 18.12      0.00244
 18.14     -0.00217
 18.16     -0.00746
 18.18     -0.01339
 18.20     -0.01905
 18.22     -0.02307
 18.24     -0.02626
 18.26     -0.02525
 18.28     -0.01986
 18.30     -0.01235
 18.32     -0.00104
 18.34      0.01298
 18.36      0.02823
 18.38      0.04126
 18.40      0.05479
 18.42      0.06191
 18.44      0.06473
 18.46      0.06028
 18.48      0.04894
 18.50      0.03105
 18.52      0.01246
 18.54     -0.00779
 18.56     -0.02597
 18.58     -0.03962
 18.60     -0.04722
 18.62     -0.05015
 18.64     -0.04729
 18.66     -0.04098
 18.68     -0.03016
 18.70     -0.01804
 18.72     -0.00476
 18.74      0.00716
 18.76      0.01657
 18.78      0.02225
 18.80      0.02426
 18.82      0.02320
 18.84      0.02018
 18.86      0.01696
 18.88      0.01417
 18.90      0.01181
 18.92      0.01033
 18.94      0.00910
 18.96      0.00771
 18.98      0.00649
 19.00      0.00524
 19.02      0.00346
 19.04      0.00381
 19.06      0.00344
 19.08      0.00272
 19.10      0.00228
 19.12      0.00115
 19.14     -0.00215
 19.16     -0.00484
 19.18     -0.00828
 19.20     -0.01033
 19.22     -0.01205
 19.24     -0.01134
 19.26     -0.00985
 19.28     -0.00646
 19.30     -0.00181
 19.32      0.00538
 19.34      0.01207
 19.36      0.01854
 19.38      0.02541
 19.40      0.02915
 19.42      0.02952
 19.44      0.02520
 19.46      0.01797
 19.48      0.00621
 19.50     -0.00712
 19.52     -0.02044
 19.54     -0.03007
 19.56     -0.03619
 19.58     -0.03674
 19.60     -0.03316
 19.62     -0.02469
 19.64     -0.01268
 19.66      0.00157
 19.68      0.01462
 19.70      0.02652
 19.72      0.03482
 19.74      0.03756
 19.76      0.03361
 19.78      0.02566
 19.80      0.01557
 19.82      0.00219
 19.84     -0.01067
 19.86     -0.02106
 19.88     -0.02941
 19.90     -0.03546
 19.92     -0.03793
 19.94     -0.03830
 19.96     -0.03695
 19.98     -0.03491
 20.00     -0.03180
 20.02     -0.02929
 20.04     -0.02667
 20.06     -0.02485
 20.08     -0.02240
 20.10     -0.02187
 20.12     -0.02108
 20.14     -0.02018
 20.16     -0.01772
 20.18     -0.01403
 20.20     -0.00840
 20.22     -0.00089
 20.24      0.00810
 20.26      0.01818
 20.28      0.02882
 20.30      0.03838
 20.32      0.04706
 20.34      0.05177
 20.36      0.05320
 20.38      0.05011
 20.40      0.04403
 20.42      0.03405
 20.44      0.02437
 20.46      0.01448
 20.48      0.00616
 20.50     -0.00046
 20.52     -0.00281
 20.54     -0.00416
 20.56     -0.00262
 20.58     -0.00022
 20.60      0.00275
 20.62      0.00444
 20.64      0.00651
 20.66      0.00789
 20.68      0.00685
 20.70      0.00467
 20.72      0.00180
 20.74     -0.00232
 20.76     -0.00732
 20.78     -0.01135
 20.80     -0.01439
 20.82     -0.01683
 20.84     -0.01863
 20.86     -0.02000
 20.88     -0.02087
 20.90     -0.02118
 20.92     -0.02114
 20.94     -0.02102
 20.96     -0.02174
 20.98     -0.02238
 21.00     -0.02320
 21.02     -0.02410
 21.04     -0.02395
 21.06     -0.02309
 21.08     -0.01937
 21.10     -0.01382
 21.12     -0.00656
 21.14      0.00261
 21.16      0.01424
 21.18      0.02477
 21.20      0.03425
 21.22      0.04184
 21.24      0.04556
 21.26      0.04545
 21.28      0.04091
 21.30      0.03297
 21.32      0.02234
 21.34      0.01135
 21.36      0.00120
 21.38     -0.00569
 21.40     -0.00906
 21.42     -0.00899
 21.44     -0.00614
 21.46     -0.00202
 21.48      0.00233
 21.50      0.00757
 21.52      0.01172
 21.54      0.01414
 21.56      0.01547
 21.58      0.01513
 21.60      0.01266
 21.62      0.00975
 21.64      0.00707
 21.66      0.00472
 21.68      0.00358
 21.70      0.00271
 21.72      0.00316
 21.74      0.00286
 21.76      0.00218
 21.78      0.00164
 21.80      0.00033
 21.82     -0.00233
 21.84     -0.00512
 21.86     -0.00860
 21.88     -0.01368
 21.90     -0.01893
 21.92     -0.02333
 21.94     -0.02668
 21.96     -0.02837
 21.98     -0.02821
 22.00     -0.02576
 22.02     -0.02172
 22.04     -0.01748
 22.06     -0.01317
 22.08     -0.00920
 22.10     -0.00663
 22.12     -0.00609
 22.14     -0.00699
 22.16     -0.00864
 22.18     -0.01116
 22.20     -0.01321
 22.22     -0.01558
 22.24     -0.01594
 22.26     -0.01485
 22.28     -0.01280
 22.30     -0.00938
 22.32     -0.00467
 22.34     -0.00018
 22.36      0.00353
 22.38      0.00718
 22.40      0.00993
 22.42      0.01155
 22.44      0.01229
 22.46      0.01158
 22.48      0.01094
 22.50      0.01018
 22.52      0.01057
 22.54      0.01104
 22.56      0.01256
 22.58      0.01312
 22.60      0.01354
 22.62      0.01226
 22.64      0.01131
 22.66      0.00999
 22.68      0.00856
 22.70      0.00630
 22.72      0.00397
 22.74      0.00207
 22.76      0.00012
 22.78     -0.00081
 22.80     -0.00102
 22.82      0.00044
 22.84      0.00252
 22.86      0.00492
 22.88      0.00737
 22.90      0.00882
 22.92      0.00889
 22.94      0.00796
 22.96      0.00575
 22.98      0.00291
 23.00     -0.00065
 23.02     -0.00317
 23.04     -0.00519
 23.06     -0.00540
 23.08     -0.00523
 23.10     -0.00325
 23.12     -0.00073
 23.14      0.00129
 23.16      0.00255
 23.18      0.00478
 23.20      0.00543
 23.22      0.00416
 23.24      0.00251
 23.26      0.00065
 23.28     -0.00277
 23.30     -0.00598
 23.32     -0.00786
 23.34     -0.00864
 23.36     -0.00949
 23.38     -0.00921
 23.40     -0.00775
 23.42     -0.00592
 23.44     -0.00515
 23.46     -0.00337
 23.48     -0.00248
 23.50     -0.00148
 23.52     -0.00114
 23.54     -0.00029
 23.56      0.00034
 23.58      0.00160
 23.60      0.00332
 23.62      0.00562
 23.64      0.00758
 23.66      0.00941
 23.68      0.01093
 23.70      0.01043
 23.72      0.00947
 23.74      0.00853
 23.76      0.00653
 23.78      0.00432
 23.80      0.00290
 23.82      0.00140
 23.84     -0.00033
 23.86      0.00012
 23.88      0.00044
 23.90      0.00149
 23.92      0.00239
 23.94      0.00359
 23.96      0.00271
 23.98      0.00213
 24.00      0.00063
 24.02     -0.00162
 24.04     -0.00438
 24.06     -0.00772
 24.08     -0.01106
 24.10     -0.01416
 24.12     -0.01653
 24.14     -0.01839
 24.16     -0.01873
 24.18     -0.01871
 24.20     -0.01849
 24.22     -0.01814
 24.24     -0.01725
 24.26     -0.01661
 24.28     -0.01580
 24.30     -0.01451
 24.32     -0.01242
 24.34     -0.01010
 24.36     -0.00659
 24.38     -0.00202
 24.40      0.00250
 24.42      0.00702
 24.44      0.01181
 24.46      0.01432
 24.48      0.01483
 24.50      0.01583
 24.52      0.01517
 24.54      0.01322
 24.56      0.01185
 24.58      0.01023
 24.60      0.00714
 24.62      0.00522
 24.64      0.00366
 24.66      0.00243
 24.68      0.00200
 24.70      0.00206
 24.72      0.00153
 24.74      0.00180
 24.76      0.00162
 24.78      0.00171
 24.80      0.00165
 24.82      0.00151
 24.84      0.00084
 24.86      0.00020
 24.88     -0.00062
 24.90     -0.00137
 24.92     -0.00198
 24.94     -0.00293
 24.96     -0.00389
 24.98     -0.00497
 25.00     -0.00550
 25.02     -0.00540
 25.04     -0.00516
 25.06     -0.00329
 25.08     -0.00186
 25.10     -0.00009
 25.12      0.00224
 25.14      0.00488
 25.16      0.00698
 25.18      0.00924
 25.20      0.01143
 25.22      0.01202
 25.24      0.01172
 25.26      0.01029
 25.28      0.00828
 25.30      0.00585
 25.32      0.00341
 25.34      0.00092
 25.36     -0.00083
 25.38     -0.00202
 25.40     -0.00324
 25.42     -0.00387
 25.44     -0.00384
 25.46     -0.00393
 25.48     -0.00358
 25.50     -0.00332
 25.52     -0.00283
 25.54     -0.00195
 25.56     -0.00163
 25.58     -0.00155
 25.60     -0.00158
 25.62     -0.00179
 25.64     -0.00260
 25.66     -0.00261
 25.68     -0.00294
 25.70     -0.00261
 25.72     -0.00252
 25.74     -0.00216
 25.76     -0.00228
 25.78     -0.00185
 25.80     -0.00149
 25.82     -0.00072
 25.84     -0.00004
 25.86      0.00030
 25.88      0.00070
 25.90      0.00066
 25.92      0.00002
 25.94     -0.00089
 25.96     -0.00164
 25.98     -0.00235
 26.00     -0.00343
 26.02     -0.00421
 26.04     -0.00459
 26.06     -0.00450
 26.08     -0.00491
 26.10     -0.00447
 26.12     -0.00373
 26.14     -0.00322
 26.16     -0.00270
 26.18     -0.00200
 26.20     -0.00191
 26.22     -0.00161
 26.24     -0.00189
 26.26     -0.00219
 26.28     -0.00236
 26.30     -0.00277
 26.32     -0.00311
 26.34     -0.00304
 26.36     -0.00311
 26.38     -0.00323
 26.40     -0.00289
 26.42     -0.00286
 26.44     -0.00238
 26.46     -0.00213
 26.48     -0.00202
 26.50     -0.00132
 26.52     -0.00070
 26.54      0.00009
 26.56      0.00148
 26.58      0.00298
 26.60      0.00428
 26.62      0.00516
 26.64      0.00534
 26.66      0.00490
 26.68      0.00459
 26.70      0.00357
 26.72      0.00277
 26.74      0.00258
 26.76      0.00248
 26.78      0.00274
 26.80      0.00268
 26.82      0.00338
 26.84      0.00353
 26.86      0.00387
 26.88      0.00360
 26.90      0.00378
 26.92      0.00298
 26.94      0.00223
 26.96      0.00156
 26.98      0.00136
 27.00      0.00054
 27.02      0.00000
 27.04     -0.00049
 27.06     -0.00108
 27.08     -0.00197
 27.10     -0.00239
 27.12     -0.00271
 27.14     -0.00302
 27.16     -0.00323
 27.18     -0.00347
 27.20     -0.00354
 27.22     -0.00334
 27.24     -0.00296
 27.26     -0.00240
 27.28     -0.00193
 27.30     -0.00127
 27.32     -0.00084
 27.34     -0.00050
 27.36     -0.00048
 27.38     -0.00039
 27.40     -0.00051
 27.42     -0.00012
 27.44      0.00000
 27.46      0.00020
 27.48      0.00044
 27.50      0.00078
 27.52      0.00064
 27.54      0.00044
 27.56      0.00025
 27.58     -0.00003
 27.60     -0.00035
 27.62     -0.00078
 27.64     -0.00074
 27.66     -0.00063
 27.68     -0.00061
 27.70     -0.00038
 27.72     -0.00026
 27.74     -0.00053
 27.76     -0.00084
 27.78     -0.00115
 27.80     -0.00166
 27.82     -0.00189
 27.84     -0.00192
 27.86     -0.00199
 27.88     -0.00178
 27.90     -0.00171
 27.92     -0.00149
 27.94     -0.00119
 27.96     -0.00102
 27.98     -0.00103
 28.00     -0.00088
 28.02     -0.00108
 28.04     -0.00141
 28.06     -0.00145
 28.08     -0.00156
 28.10     -0.00164
 28.12     -0.00172
 28.14     -0.00143
 28.16     -0.00141
 28.18     -0.00116
 28.20     -0.00105
 28.22     -0.00075
 28.24     -0.00076
 28.26     -0.00070
 28.28     -0.00075
 28.30     -0.00073
 28.32     -0.00085
 28.34     -0.00097
 28.36     -0.00091
 28.38     -0.00089
 28.40     -0.00083
 28.42     -0.00078
 28.44     -0.00068
 28.46     -0.00066
 28.48     -0.00060
 28.50     -0.00051
 28.52     -0.00029
 28.54      0.00004
 28.56      0.00029
 28.58      0.00037
 28.60      0.00033
 28.62      0.00022
 28.64     -0.00004
 28.66     -0.00019
 28.68     -0.00021
 28.70     -0.00029
 28.72     -0.00034
 28.74     -0.00036
 28.76     -0.00037
 28.78     -0.00048
 28.80     -0.00030
 28.82     -0.00024
 28.84     -0.00018
 28.86     -0.00021
 28.88     -0.00021
 28.90     -0.00039
 28.92     -0.00049
 28.94     -0.00054
 28.96     -0.00055
 28.98     -0.00044
 29.00     -0.00047
 29.02     -0.00050
 29.04     -0.00055
 29.06     -0.00060
 29.08     -0.00068
 29.10     -0.00072
 29.12     -0.00067
 29.14     -0.00072
 29.16     -0.00073
 29.18     -0.00077
 29.20     -0.00076
 29.22     -0.00078
 29.24     -0.00075
 29.26     -0.00077
 29.28     -0.00078
 29.30     -0.00080
 29.32     -0.00082
 29.34     -0.00083
 29.36     -0.00081
 29.38     -0.00080
 29.40     -0.00072
 29.42     -0.00070
 29.44     -0.00069
 29.46     -0.00068
 29.48     -0.00066
 29.50     -0.00069
 29.52     -0.00067
 29.54     -0.00067
 29.56     -0.00064
 29.58     -0.00061
 29.60     -0.00059
 29.62     -0.00056
 29.64     -0.00050
 29.66     -0.00047
 29.68     -0.00046
 29.70     -0.00040
 29.72     -0.00038
 29.74     -0.00040
 29.76     -0.00040
 29.78     -0.00037
 29.80     -0.00040
 29.82     -0.00039
 29.84     -0.00038
 29.86     -0.00037
 29.88     -0.00038
 29.90     -0.00037
 29.92     -0.00035
 29.94     -0.00034
 29.96     -0.00033
 29.98     -0.00031
 30.00     -0.00030
