 #r(A)        G(r)
  0.02     -0.00000
  0.04     -0.00000
  0.06     -0.00000
  0.08     -0.00000
  0.10     -0.00000
  0.12     -0.00000
  0.14     -0.00000
  0.16     -0.00000
  0.18     -0.00000
  0.20     -0.00000
  0.22     -0.00000
  0.24     -0.00001
  0.26     -0.00001
  0.28     -0.00001
  0.30     -0.00002
  0.32     -0.00003
  0.34     -0.00004
  0.36     -0.00005
  0.38     -0.00006
  0.40     -0.00008
  0.42     -0.00011
  0.44     -0.00013
  0.46     -0.00017
  0.48     -0.00021
  0.50     -0.00026
  0.52     -0.00032
  0.54     -0.00039
  0.56     -0.00048
  0.58     -0.00059
  0.60     -0.00072
  0.62     -0.00088
  0.64     -0.00108
  0.66     -0.00132
  0.68     -0.00160
  0.70     -0.00192
  0.72     -0.00228
  0.74     -0.00266
  0.76     -0.00306
  0.78     -0.00348
  0.80     -0.00391
  0.82     -0.00436
  0.84     -0.00481
  0.86     -0.00527
  0.88     -0.00574
  0.90     -0.00621
  0.92     -0.00668
  0.94     -0.00715
  0.96     -0.00763
  0.98     -0.00810
  1.00     -0.00858
  1.02     -0.00906
  1.04     -0.00954
  1.06     -0.01002
  1.08     -0.01050
  1.10     -0.01099
  1.12     -0.01147
  1.14     -0.01195
  1.16     -0.01243
  1.18     -0.01292
  1.20     -0.01340
  1.22     -0.01388
  1.24     -0.01437
  1.26     -0.01485
  1.28     -0.01534
  1.30     -0.01582
  1.32     -0.01631
  1.34     -0.01680
  1.36     -0.01729
  1.38     -0.01777
  1.40     -0.01826
  1.42     -0.01875
  1.44     -0.01925
  1.46     -0.01974
  1.48     -0.02023
  1.50     -0.02073
  1.52     -0.02123
  1.54     -0.02173
  1.56     -0.02223
  1.58     -0.02274
  1.60     -0.02326
  1.62     -0.02377
  1.64     -0.02429
  1.66     -0.02482
  1.68     -0.02535
  1.70     -0.02589
  1.72     -0.02644
  1.74     -0.02699
  1.76     -0.02755
  1.78     -0.02812
  1.80     -0.02870
  1.82     -0.02928
  1.84     -0.02987
  1.86     -0.03047
  1.88     -0.03107
  1.90     -0.03168
  1.92     -0.03230
  1.94     -0.03271
  1.96     -0.03333
  1.98     -0.03396
  2.00     -0.03459
  2.02     -0.03522
  2.04     -0.03586
  2.06     -0.03650
  2.08     -0.03714
  2.10     -0.03752
  2.12     -0.03816
  2.14     -0.03819
  2.16     -0.03826
  2.18     -0.03822
  2.20     -0.03757
  2.22     -0.03562
  2.24     -0.03475
  2.26     -0.03369
  2.28     -0.03220
  2.30     -0.02965
  2.32     -0.02759
  2.34     -0.02455
  2.36     -0.01973
  2.38     -0.01433
  2.40     -0.00913
  2.42     -0.00113
  2.44      0.00749
  2.46      0.01503
  2.48      0.02514
  2.50      0.03642
  2.52      0.05246
  2.54      0.07643
  2.56      0.11005
  2.58      0.15777
  2.60      0.20480
  2.62      0.25252
  2.64      0.30430
  2.66      0.33217
  2.68      0.33105
  2.70      0.31453
  2.72      0.27911
  2.74      0.22124
  2.76      0.16909
  2.78      0.12949
  2.80      0.08858
  2.82      0.05635
  2.84      0.03294
  2.86      0.01400
  2.88     -0.00877
  2.90     -0.01853
  2.92     -0.02685
  2.94     -0.03518
  2.96     -0.04200
  2.98     -0.04565
  3.00     -0.04810
  3.02     -0.05109
  3.04     -0.05428
  3.06     -0.05469
  3.08     -0.05613
  3.10     -0.05697
  3.12     -0.05741
  3.14     -0.05746
  3.16     -0.05818
  3.18     -0.05865
  3.20     -0.05917
  3.22     -0.05991
  3.24     -0.05893
  3.26     -0.05916
  3.28     -0.05895
  3.30     -0.05817
  3.32     -0.05766
  3.34     -0.05874
  3.36     -0.05746
  3.38     -0.05662
  3.40     -0.05688
  3.42     -0.05442
  3.44     -0.05375
  3.46     -0.05258
  3.48     -0.05055
  3.50     -0.04851
  3.52     -0.04655
  3.54     -0.03889
  3.56     -0.03532
  3.58     -0.03172
  3.60     -0.02698
  3.62     -0.02392
  3.64     -0.02276
  3.66     -0.01760
  3.68     -0.01261
  3.70     -0.00527
  3.72     -0.00059
  3.74      0.00483
  3.76      0.00818
  3.78      0.00722
  3.80      0.00409
  3.82      0.00232
  3.84     -0.00445
  3.86     -0.00883
  3.88     -0.01215
  3.90     -0.01718
  3.92     -0.02298
  3.94     -0.02526
  3.96     -0.03316
  3.98     -0.03764
  4.00     -0.04267
  4.02     -0.04459
  4.04     -0.04895
  4.06     -0.05058
  4.08     -0.05206
  4.10     -0.05215
  4.12     -0.05459
  4.14     -0.05544
  4.16     -0.05355
  4.18     -0.05282
  4.20     -0.05033
  4.22     -0.04712
  4.24     -0.04212
  4.26     -0.04018
  4.28     -0.03539
  4.30     -0.02960
  4.32     -0.02151
  4.34     -0.01526
  4.36     -0.00764
  4.38      0.00060
  4.40      0.00897
  4.42      0.01897
  4.44      0.03361
  4.46      0.05665
  4.48      0.07524
  4.50      0.09634
  4.52      0.11803
  4.54      0.13406
  4.56      0.13922
  4.58      0.15261
  4.60      0.16470
  4.62      0.16539
  4.64      0.16399
  4.66      0.15887
  4.68      0.14605
  4.70      0.12619
  4.72      0.10521
  4.74      0.08622
  4.76      0.06964
  4.78      0.04915
  4.80      0.02931
  4.82      0.01750
  4.84      0.00348
  4.86     -0.00950
  4.88     -0.01859
  4.90     -0.02726
  4.92     -0.03707
  4.94     -0.04296
  4.96     -0.04507
  4.98     -0.04873
  5.00     -0.05017
  5.02     -0.04745
  5.04     -0.04811
  5.06     -0.04776
  5.08     -0.04344
  5.10     -0.03953
  5.12     -0.03882
  5.14     -0.03134
  5.16     -0.02666
  5.18     -0.02174
  5.20     -0.01565
  5.22     -0.00803
  5.24     -0.00337
  5.26      0.00159
  5.28      0.00527
  5.30      0.01063
  5.32      0.01540
  5.34      0.01644
  5.36      0.01756
  5.38      0.01658
  5.40      0.01243
  5.42      0.00407
  5.44     -0.00307
  5.46     -0.01313
  5.48     -0.02247
  5.50     -0.02907
  5.52     -0.03509
  5.54     -0.04035
  5.56     -0.04261
  5.58     -0.04574
  5.60     -0.04986
  5.62     -0.04927
  5.64     -0.04897
  5.66     -0.04677
  5.68     -0.04123
  5.70     -0.03651
  5.72     -0.02986
  5.74     -0.02093
  5.76     -0.01627
  5.78     -0.00629
  5.80      0.00482
  5.82      0.01385
  5.84      0.02238
  5.86      0.03459
  5.88      0.04022
  5.90      0.04455
  5.92      0.04882
  5.94      0.04995
  5.96      0.05074
  5.98      0.05172
  6.00      0.04965
  6.02      0.04319
  6.04      0.03859
  6.06      0.02772
  6.08      0.01445
  6.10      0.00373
  6.12     -0.00603
  6.14     -0.01530
  6.16     -0.02201
  6.18     -0.02526
  6.20     -0.03165
  6.22     -0.03730
  6.24     -0.04305
  6.26     -0.04569
  6.28     -0.05029
  6.30     -0.05098
  6.32     -0.05147
  6.34     -0.05137
  6.36     -0.05071
  6.38     -0.04845
  6.40     -0.04610
  6.42     -0.04270
  6.44     -0.03898
  6.46     -0.03372
  6.48     -0.03292
  6.50     -0.03265
  6.52     -0.03351
  6.54     -0.03243
  6.56     -0.03394
  6.58     -0.03217
  6.60     -0.03111
  6.62     -0.02651
  6.64     -0.02768
  6.66     -0.02786
  6.68     -0.02696
  6.70     -0.02418
  6.72     -0.02390
  6.74     -0.02082
  6.76     -0.01549
  6.78     -0.01019
  6.80     -0.00326
  6.82      0.00909
  6.84      0.02139
  6.86      0.03359
  6.88      0.04752
  6.90      0.05947
  6.92      0.07528
  6.94      0.09176
  6.96      0.10535
  6.98      0.11882
  7.00      0.12906
  7.02      0.13175
  7.04      0.13711
  7.06      0.13697
  7.08      0.13463
  7.10      0.13051
  7.12      0.11963
  7.14      0.10317
  7.16      0.08486
  7.18      0.06545
  7.20      0.04676
  7.22      0.03025
  7.24      0.01420
  7.26      0.00314
  7.28     -0.00983
  7.30     -0.01851
  7.32     -0.02735
  7.34     -0.03182
  7.36     -0.03678
  7.38     -0.03879
  7.40     -0.04159
  7.42     -0.04526
  7.44     -0.04953
  7.46     -0.05104
  7.48     -0.05250
  7.50     -0.05607
  7.52     -0.05354
  7.54     -0.05673
  7.56     -0.05792
  7.58     -0.05874
  7.60     -0.05673
  7.62     -0.05657
  7.64     -0.05300
  7.66     -0.05202
  7.68     -0.05025
  7.70     -0.04639
  7.72     -0.04391
  7.74     -0.03974
  7.76     -0.03159
  7.78     -0.02421
  7.80     -0.01846
  7.82     -0.00861
  7.84     -0.00130
  7.86      0.00575
  7.88      0.01270
  7.90      0.02320
  7.92      0.02895
  7.94      0.03642
  7.96      0.03941
  7.98      0.04463
  8.00      0.04228
  8.02      0.03852
  8.04      0.03680
  8.06      0.03191
  8.08      0.02602
  8.10      0.01869
  8.12      0.01510
  8.14      0.00896
  8.16      0.00397
  8.18     -0.00556
  8.20     -0.00869
  8.22     -0.01080
  8.24     -0.01360
  8.26     -0.01359
  8.28     -0.00987
  8.30     -0.00827
  8.32     -0.00949
  8.34     -0.00730
  8.36     -0.00474
  8.38     -0.00287
  8.40     -0.00305
  8.42     -0.00022
  8.44     -0.00367
  8.46     -0.00392
  8.48     -0.00501
  8.50     -0.00662
  8.52     -0.00943
  8.54     -0.01316
  8.56     -0.01736
  8.58     -0.02281
  8.60     -0.02548
  8.62     -0.02996
  8.64     -0.02777
  8.66     -0.02675
  8.68     -0.02610
  8.70     -0.02318
  8.72     -0.01971
  8.74     -0.01803
  8.76     -0.01576
  8.78     -0.01103
  8.80     -0.00905
  8.82     -0.00693
  8.84     -0.00432
  8.86     -0.00338
  8.88     -0.00346
  8.90     -0.00606
  8.92     -0.00775
  8.94     -0.01081
  8.96     -0.01319
  8.98     -0.01781
  9.00     -0.01735
  9.02     -0.01851
  9.04     -0.01877
  9.06     -0.02108
  9.08     -0.01678
  9.10     -0.01651
  9.12     -0.01194
  9.14     -0.00780
  9.16     -0.00075
  9.18      0.00217
  9.20      0.00654
  9.22      0.00900
  9.24      0.01185
  9.26      0.01486
  9.28      0.01613
  9.30      0.01748
  9.32      0.01769
  9.34      0.02221
  9.36      0.02244
  9.38      0.02684
  9.40      0.03316
  9.42      0.03925
  9.44      0.04135
  9.46      0.05296
  9.48      0.06208
  9.50      0.06858
  9.52      0.07925
  9.54      0.08974
  9.56      0.08911
  9.58      0.09159
  9.60      0.09366
  9.62      0.08846
  9.64      0.07884
  9.66      0.07702
  9.68      0.06890
  9.70      0.05864
  9.72      0.05089
  9.74      0.04020
  9.76      0.02324
  9.78      0.00872
  9.80     -0.00435
  9.82     -0.01689
  9.84     -0.02502
  9.86     -0.03376
  9.88     -0.04269
  9.90     -0.04791
  9.92     -0.05372
  9.94     -0.05592
  9.96     -0.05661
  9.98     -0.05581
 10.00     -0.05589
 10.02     -0.05511
 10.04     -0.05494
 10.06     -0.05051
 10.08     -0.04856
 10.10     -0.04508
 10.12     -0.03876
 10.14     -0.03141
 10.16     -0.02649
 10.18     -0.01684
 10.20     -0.01014
 10.22     -0.00291
 10.24      0.00106
 10.26      0.00615
 10.28      0.00725
 10.30      0.00920
 10.32      0.00875
 10.34      0.00871
 10.36      0.00482
 10.38      0.00259
 10.40     -0.00112
 10.42     -0.00610
 10.44     -0.01315
 10.46     -0.01677
 10.48     -0.01949
 10.50     -0.02495
 10.52     -0.02796
 10.54     -0.03053
 10.56     -0.03215
 10.58     -0.03538
 10.60     -0.03617
 10.62     -0.03764
 10.64     -0.03552
 10.66     -0.03629
 10.68     -0.03588
 10.70     -0.03266
 10.72     -0.03082
 10.74     -0.02852
 10.76     -0.02395
 10.78     -0.02248
 10.80     -0.02012
 10.82     -0.01782
 10.84     -0.01507
 10.86     -0.01173
 10.88     -0.00702
 10.90      0.00245
 10.92      0.00725
 10.94      0.01456
 10.96      0.01908
 10.98      0.02302
 11.00      0.02122
 11.02      0.02230
 11.04      0.01964
 11.06      0.01588
 11.08      0.01336
 11.10      0.01098
 11.12      0.01095
 11.14      0.00930
 11.16      0.00889
 11.18      0.01075
 11.20      0.00865
 11.22      0.00852
 11.24      0.00579
 11.26      0.00450
 11.28      0.00499
 11.30      0.00736
 11.32      0.00624
 11.34      0.00998
 11.36      0.01475
 11.38      0.01432
 11.40      0.01644
 11.42      0.01980
 11.44      0.02372
 11.46      0.02770
 11.48      0.03418
 11.50      0.03869
 11.52      0.04119
 11.54      0.04512
 11.56      0.04745
 11.58      0.05060
 11.60      0.05170
 11.62      0.05372
 11.64      0.05517
 11.66      0.05151
 11.68      0.04546
 11.70      0.03959
 11.72      0.03554
 11.74      0.02395
 11.76      0.01758
 11.78      0.01315
 11.80      0.00718
 11.82     -0.00053
 11.84     -0.00183
 11.86     -0.00353
 11.88     -0.00729
 11.90     -0.00998
 11.92     -0.01319
 11.94     -0.01290
 11.96     -0.01449
 11.98     -0.01463
 12.00     -0.01312
 12.02     -0.01005
 12.04     -0.01265
 12.06     -0.01058
 12.08     -0.01026
 12.10     -0.00807
 12.12     -0.00658
 12.14     -0.00446
 12.16     -0.00289
 12.18     -0.00093
 12.20      0.00102
 12.22      0.00162
 12.24      0.00097
 12.26     -0.00159
 12.28     -0.00432
 12.30     -0.00763
 12.32     -0.01197
 12.34     -0.01380
 12.36     -0.01445
 12.38     -0.01514
 12.40     -0.01864
 12.42     -0.01902
 12.44     -0.02004
 12.46     -0.02224
 12.48     -0.02584
 12.50     -0.02567
 12.52     -0.02490
 12.54     -0.02430
 12.56     -0.02595
 12.58     -0.02262
 12.60     -0.02144
 12.62     -0.02071
 12.64     -0.02073
 12.66     -0.01864
 12.68     -0.01911
 12.70     -0.01853
 12.72     -0.01717
 12.74     -0.01484
 12.76     -0.01211
 12.78     -0.01086
 12.80     -0.01147
 12.82     -0.01336
 12.84     -0.01448
 12.86     -0.01766
 12.88     -0.02041
 12.90     -0.02262
 12.92     -0.02396
 12.94     -0.02676
 12.96     -0.02674
 12.98     -0.02597
 13.00     -0.02696
 13.02     -0.02518
 13.04     -0.02155
 13.06     -0.02022
 13.08     -0.01847
 13.10     -0.01163
 13.12     -0.00934
 13.14     -0.00694
 13.16     -0.00375
 13.18      0.00274
 13.20      0.00671
 13.22      0.00976
 13.24      0.01416
 13.26      0.01957
 13.28      0.02456
 13.30      0.02693
 13.32      0.03264
 13.34      0.03312
 13.36      0.03556
 13.38      0.03248
 13.40      0.03187
 13.42      0.02829
 13.44      0.02514
 13.46      0.01950
 13.48      0.01598
 13.50      0.01386
 13.52      0.01378
 13.54      0.01651
 13.56      0.01798
 13.58      0.01975
 13.60      0.01881
 13.62      0.01860
 13.64      0.01670
 13.66      0.01931
 13.68      0.02097
 13.70      0.02477
 13.72      0.03050
 13.74      0.03333
 13.76      0.03410
 13.78      0.03556
 13.80      0.03740
 13.82      0.03827
 13.84      0.03912
 13.86      0.03903
 13.88      0.04127
 13.90      0.03861
 13.92      0.03384
 13.94      0.03394
 13.96      0.03249
 13.98      0.02785
 14.00      0.02575
 14.02      0.02176
 14.04      0.01693
 14.06      0.01254
 14.08      0.00934
 14.10      0.00497
 14.12      0.00391
 14.14     -0.00078
 14.16     -0.00436
 14.18     -0.00709
 14.20     -0.00828
 14.22     -0.01410
 14.24     -0.01577
 14.26     -0.02017
 14.28     -0.02385
 14.30     -0.02767
 14.32     -0.03104
 14.34     -0.03502
 14.36     -0.03743
 14.38     -0.04152
 14.40     -0.04529
 14.42     -0.04555
 14.44     -0.04789
 14.46     -0.04752
 14.48     -0.04593
 14.50     -0.04544
 14.52     -0.04599
 14.54     -0.04268
 14.56     -0.04268
 14.58     -0.04133
 14.60     -0.03809
 14.62     -0.03488
 14.64     -0.03151
 14.66     -0.02651
 14.68     -0.02282
 14.70     -0.01780
 14.72     -0.01248
 14.74     -0.00731
 14.76     -0.00323
 14.78      0.00224
 14.80      0.00525
 14.82      0.00680
 14.84      0.00732
 14.86      0.00718
 14.88      0.00698
 14.90      0.00677
 14.92      0.00501
 14.94      0.00490
 14.96      0.00483
 14.98      0.00117
 15.00     -0.00245
 15.02     -0.00185
 15.04     -0.00350
 15.06     -0.00418
 15.08     -0.00306
 15.10     -0.00267
 15.12     -0.00162
 15.14     -0.00087
 15.16      0.00204
 15.18      0.00478
 15.20      0.00815
 15.22      0.01071
 15.24      0.01229
 15.26      0.01269
 15.28      0.01711
 15.30      0.01957
 15.32      0.02092
 15.34      0.02330
 15.36      0.02526
 15.38      0.02294
 15.40      0.02380
 15.42      0.02369
 15.44      0.02102
 15.46      0.01786
 15.48      0.01473
 15.50      0.00986
 15.52      0.00699
 15.54      0.00550
 15.56      0.00501
 15.58      0.00468
 15.60      0.00365
 15.62      0.00211
 15.64      0.00166
 15.66      0.00075
 15.68     -0.00116
 15.70      0.00097
 15.72      0.00136
 15.74      0.00290
 15.76      0.00372
 15.78      0.00485
 15.80      0.00458
 15.82      0.00495
 15.84      0.00434
 15.86      0.00405
 15.88      0.00367
 15.90      0.00374
 15.92      0.00468
 15.94      0.00590
 15.96      0.00653
 15.98      0.00686
 16.00      0.00632
 16.02      0.00719
 16.04      0.00759
 16.06      0.00811
 16.08      0.01120
 16.10      0.01319
 16.12      0.01692
 16.14      0.01957
 16.16      0.02097
 16.18      0.02233
 16.20      0.02253
 16.22      0.01995
 16.24      0.01654
 16.26      0.01712
 16.28      0.01378
 16.30      0.01323
 16.32      0.01123
 16.34      0.00955
 16.36      0.00626
 16.38      0.00393
 16.40      0.00001
 16.42     -0.00402
 16.44     -0.00509
 16.46     -0.00770
 16.48     -0.01079
 16.50     -0.01402
 16.52     -0.01614
 16.54     -0.02070
 16.56     -0.02053
 16.58     -0.02175
 16.60     -0.01979
 16.62     -0.01976
 16.64     -0.01876
 16.66     -0.02220
 16.68     -0.02149
 16.70     -0.02271
 16.72     -0.02039
 16.74     -0.02102
 16.76     -0.01985
 16.78     -0.02025
 16.80     -0.01923
 16.82     -0.02128
 16.84     -0.02075
 16.86     -0.01995
 16.88     -0.01982
 16.90     -0.02012
 16.92     -0.01778
 16.94     -0.01604
 16.96     -0.01779
 16.98     -0.01592
 17.00     -0.01620
 17.02     -0.01781
 17.04     -0.01841
 17.06     -0.01523
 17.08     -0.01442
 17.10     -0.01224
 17.12     -0.01060
 17.14     -0.00650
 17.16     -0.00478
 17.18     -0.00249
 17.20     -0.00021
 17.22      0.00314
 17.24      0.00534
 17.26      0.00602
 17.28      0.00653
 17.30      0.00860
 17.32      0.00931
 17.34      0.01102
 17.36      0.01354
 17.38      0.01713
 17.40      0.01701
 17.42      0.02069
 17.44      0.01993
 17.46      0.01956
 17.48      0.01991
 17.50      0.02092
 17.52      0.01828
 17.54      0.01645
 17.56      0.01571
 17.58      0.01474
 17.60      0.01482
 17.62      0.01399
 17.64      0.01444
 17.66      0.01295
 17.68      0.01114
 17.70      0.00920
 17.72      0.00762
 17.74      0.00817
 17.76      0.01113
 17.78      0.00960
 17.80      0.00961
 17.82      0.01030
 17.84      0.00958
 17.86      0.00871
 17.88      0.01058
 17.90      0.00926
 17.92      0.00880
 17.94      0.00920
 17.96      0.00678
 17.98      0.00517
 18.00      0.00468
 18.02      0.00369
 18.04     -0.00031
 18.06     -0.00188
 18.08     -0.00377
 18.10     -0.00482
 18.12     -0.00467
 18.14     -0.00488
 18.16     -0.00606
 18.18     -0.00652
 18.20     -0.00629
 18.22     -0.00672
 18.24     -0.00600
 18.26     -0.00488
 18.28     -0.00464
 18.30     -0.00441
 18.32     -0.00338
 18.34     -0.00262
 18.36     -0.00178
 18.38     -0.00195
 18.40     -0.00246
 18.42     -0.00195
 18.44     -0.00266
 18.46     -0.00329
 18.48     -0.00337
 18.50     -0.00349
 18.52     -0.00388
 18.54     -0.00300
 18.56     -0.00175
 18.58     -0.00192
 18.60     -0.00034
 18.62     -0.00133
 18.64     -0.00026
 18.66     -0.00084
 18.68     -0.00006
 18.70     -0.00063
 18.72      0.00110
 18.74      0.00052
 18.76     -0.00094
 18.78     -0.00054
 18.80      0.00103
 18.82     -0.00200
 18.84     -0.00374
 18.86     -0.00307
 18.88     -0.00375
 18.90     -0.00766
 18.92     -0.00756
 18.94     -0.00731
 18.96     -0.00641
 18.98     -0.00682
 19.00     -0.00590
 19.02     -0.00611
 19.04     -0.00683
 19.06     -0.00853
 19.08     -0.00991
 19.10     -0.00970
 19.12     -0.00895
 19.14     -0.00758
 19.16     -0.00527
 19.18     -0.00172
 19.20     -0.00105
 19.22     -0.00081
 19.24     -0.00028
 19.26     -0.00154
 19.28     -0.00226
 19.30     -0.00103
 19.32     -0.00004
 19.34      0.00005
 19.36      0.00303
 19.38      0.00335
 19.40      0.00215
 19.42      0.00167
 19.44      0.00145
 19.46      0.00078
 19.48      0.00033
 19.50      0.00183
 19.52      0.00345
 19.54      0.00442
 19.56      0.00401
 19.58      0.00429
 19.60      0.00301
 19.62      0.00200
 19.64      0.00116
 19.66      0.00127
 19.68      0.00205
 19.70      0.00288
 19.72      0.00182
 19.74      0.00218
 19.76      0.00194
 19.78      0.00266
 19.80      0.00273
 19.82      0.00342
 19.84      0.00361
 19.86      0.00354
 19.88      0.00196
 19.90      0.00202
 19.92      0.00277
 19.94      0.00153
 19.96      0.00016
 19.98     -0.00007
 20.00     -0.00061
 20.02     -0.00099
 20.04     -0.00055
 20.06      0.00126
 20.08      0.00198
 20.10      0.00204
 20.12      0.00315
 20.14      0.00310
 20.16      0.00323
 20.18      0.00427
 20.20      0.00533
 20.22      0.00385
 20.24      0.00383
 20.26      0.00305
 20.28      0.00254
 20.30      0.00309
 20.32      0.00429
 20.34      0.00545
 20.36      0.00529
 20.38      0.00356
 20.40      0.00264
 20.42      0.00164
 20.44      0.00126
 20.46      0.00281
 20.48      0.00324
 20.50      0.00258
 20.52      0.00381
 20.54      0.00277
 20.56      0.00004
 20.58      0.00003
 20.60     -0.00000
 20.62     -0.00234
 20.64     -0.00163
 20.66     -0.00089
 20.68     -0.00115
 20.70     -0.00141
 20.72      0.00064
 20.74     -0.00017
 20.76      0.00090
 20.78      0.00129
 20.80      0.00132
 20.82      0.00058
 20.84      0.00115
 20.86      0.00046
 20.88      0.00132
 20.90      0.00200
 20.92      0.00065
 20.94      0.00013
 20.96      0.00096
 20.98     -0.00057
 21.00     -0.00099
 21.02     -0.00083
 21.04     -0.00108
 21.06     -0.00274
 21.08     -0.00325
 21.10     -0.00447
 21.12     -0.00445
 21.14     -0.00462
 21.16     -0.00484
 21.18     -0.00467
 21.20     -0.00408
 21.22     -0.00465
 21.24     -0.00423
 21.26     -0.00438
 21.28     -0.00349
 21.30     -0.00488
 21.32     -0.00517
 21.34     -0.00627
 21.36     -0.00707
 21.38     -0.00822
 21.40     -0.00747
 21.42     -0.00679
 21.44     -0.00648
 21.46     -0.00546
 21.48     -0.00472
 21.50     -0.00437
 21.52     -0.00459
 21.54     -0.00353
 21.56     -0.00265
 21.58     -0.00258
 21.60     -0.00177
 21.62     -0.00074
 21.64     -0.00042
 21.66     -0.00028
 21.68     -0.00005
 21.70     -0.00048
 21.72      0.00041
 21.74      0.00110
 21.76      0.00228
 21.78      0.00196
 21.80      0.00405
 21.82      0.00332
 21.84      0.00300
 21.86      0.00248
 21.88      0.00629
 21.90      0.00593
 21.92      0.00727
 21.94      0.00822
 21.96      0.00839
 21.98      0.00572
 22.00      0.00550
 22.02      0.00405
 22.04      0.00234
 22.06      0.00164
 22.08      0.00133
 22.10      0.00027
 22.12     -0.00014
 22.14     -0.00008
 22.16     -0.00015
 22.18     -0.00033
 22.20     -0.00111
 22.22     -0.00021
 22.24     -0.00100
 22.26     -0.00221
 22.28     -0.00365
 22.30     -0.00297
 22.32     -0.00347
 22.34     -0.00300
 22.36     -0.00134
 22.38     -0.00038
 22.40     -0.00131
 22.42     -0.00189
 22.44     -0.00155
 22.46     -0.00278
 22.48     -0.00345
 22.50     -0.00221
 22.52     -0.00137
 22.54     -0.00080
 22.56     -0.00010
 22.58      0.00138
 22.60      0.00194
 22.62      0.00165
 22.64      0.00180
 22.66      0.00173
 22.68      0.00195
 22.70      0.00257
 22.72      0.00371
 22.74      0.00424
 22.76      0.00531
 22.78      0.00479
 22.80      0.00360
 22.82      0.00319
 22.84      0.00237
 22.86      0.00148
 22.88      0.00178
 22.90      0.00198
 22.92      0.00155
 22.94      0.00153
 22.96      0.00268
 22.98      0.00267
 23.00      0.00221
 23.02      0.00256
 23.04      0.00275
 23.06      0.00109
 23.08      0.00103
 23.10      0.00204
 23.12      0.00085
 23.14      0.00094
 23.16      0.00057
 23.18      0.00098
 23.20     -0.00016
 23.22      0.00021
 23.24     -0.00076
 23.26     -0.00046
 23.28     -0.00210
 23.30     -0.00292
 23.32     -0.00214
 23.34     -0.00267
 23.36     -0.00286
 23.38     -0.00234
 23.40     -0.00206
 23.42     -0.00329
 23.44     -0.00275
 23.46     -0.00273
 23.48     -0.00286
 23.50     -0.00281
 23.52     -0.00333
 23.54     -0.00392
 23.56     -0.00492
 23.58     -0.00566
 23.60     -0.00622
 23.62     -0.00572
 23.64     -0.00499
 23.66     -0.00437
 23.68     -0.00377
 23.70     -0.00345
 23.72     -0.00365
 23.74     -0.00413
 23.76     -0.00384
 23.78     -0.00418
 23.80     -0.00366
 23.82     -0.00304
 23.84     -0.00210
 23.86     -0.00141
 23.88     -0.00047
 23.90      0.00057
 23.92      0.00028
 23.94     -0.00047
 23.96     -0.00068
 23.98     -0.00132
 24.00     -0.00209
 24.02     -0.00119
 24.04     -0.00029
 24.06     -0.00012
 24.08      0.00026
 24.10      0.00080
 24.12      0.00100
 24.14      0.00083
 24.16      0.00142
 24.18      0.00133
 24.20      0.00120
 24.22      0.00090
 24.24      0.00194
 24.26      0.00184
 24.28      0.00223
 24.30      0.00251
 24.32      0.00265
 24.34      0.00237
 24.36      0.00252
 24.38      0.00341
 24.40      0.00379
 24.42      0.00384
 24.44      0.00330
 24.46      0.00296
 24.48      0.00277
 24.50      0.00216
 24.52      0.00215
 24.54      0.00152
 24.56      0.00118
 24.58      0.00098
 24.60      0.00057
 24.62      0.00028
 24.64      0.00085
 24.66      0.00072
 24.68      0.00003
 24.70      0.00056
 24.72     -0.00012
 24.74      0.00028
 24.76      0.00044
 24.78      0.00031
 24.80     -0.00016
 24.82      0.00043
 24.84     -0.00049
 24.86     -0.00047
 24.88     -0.00013
 24.90     -0.00011
 24.92     -0.00045
 24.94     -0.00001
 24.96     -0.00016
 24.98     -0.00028
 25.00     -0.00013
 25.02      0.00006
 25.04     -0.00022
 25.06     -0.00014
 25.08     -0.00032
 25.10     -0.00043
 25.12     -0.00056
 25.14     -0.00051
 25.16     -0.00101
 25.18     -0.00064
 25.20     -0.00091
 25.22     -0.00086
 25.24     -0.00125
 25.26     -0.00050
 25.28     -0.00087
 25.30     -0.00072
 25.32     -0.00054
 25.34     -0.00058
 25.36     -0.00093
 25.38     -0.00126
 25.40     -0.00144
 25.42     -0.00173
 25.44     -0.00101
 25.46     -0.00121
 25.48     -0.00068
 25.50     -0.00067
 25.52     -0.00069
 25.54     -0.00148
 25.56     -0.00137
 25.58     -0.00155
 25.60     -0.00145
 25.62     -0.00142
 25.64     -0.00081
 25.66     -0.00077
 25.68     -0.00029
 25.70     -0.00072
 25.72     -0.00077
 25.74     -0.00125
 25.76     -0.00167
 25.78     -0.00185
 25.80     -0.00152
 25.82     -0.00166
 25.84     -0.00178
 25.86     -0.00142
 25.88     -0.00161
 25.90     -0.00172
 25.92     -0.00125
 25.94     -0.00125
 25.96     -0.00143
 25.98     -0.00212
 26.00     -0.00214
 26.02     -0.00251
 26.04     -0.00239
 26.06     -0.00203
 26.08     -0.00108
 26.10     -0.00060
 26.12     -0.00039
 26.14     -0.00036
 26.16     -0.00046
 26.18     -0.00087
 26.20     -0.00128
 26.22     -0.00099
 26.24     -0.00064
 26.26     -0.00027
 26.28     -0.00004
 26.30      0.00001
 26.32      0.00008
 26.34     -0.00010
 26.36      0.00024
 26.38      0.00063
 26.40      0.00084
 26.42      0.00053
 26.44      0.00082
 26.46      0.00038
 26.48      0.00037
 26.50      0.00079
 26.52      0.00140
 26.54      0.00131
 26.56      0.00159
 26.58      0.00128
 26.60      0.00108
 26.62      0.00046
 26.64      0.00013
 26.66     -0.00026
 26.68      0.00010
 26.70      0.00009
 26.72     -0.00016
 26.74      0.00015
 26.76      0.00058
 26.78      0.00004
 26.80      0.00019
 26.82      0.00049
 26.84      0.00009
 26.86     -0.00023
 26.88     -0.00004
 26.90     -0.00015
 26.92     -0.00014
 26.94      0.00016
 26.96      0.00009
 26.98     -0.00024
 27.00     -0.00055
 27.02     -0.00058
 27.04     -0.00076
 27.06     -0.00066
 27.08     -0.00076
 27.10     -0.00086
 27.12     -0.00086
 27.14     -0.00061
 27.16     -0.00067
 27.18     -0.00043
 27.20     -0.00051
 27.22     -0.00063
 27.24     -0.00078
 27.26     -0.00087
 27.28     -0.00100
 27.30     -0.00089
 27.32     -0.00092
 27.34     -0.00108
 27.36     -0.00136
 27.38     -0.00129
 27.40     -0.00136
 27.42     -0.00135
 27.44     -0.00130
 27.46     -0.00096
 27.48     -0.00104
 27.50     -0.00109
 27.52     -0.00122
 27.54     -0.00125
 27.56     -0.00153
 27.58     -0.00148
 27.60     -0.00153
 27.62     -0.00158
 27.64     -0.00170
 27.66     -0.00172
 27.68     -0.00183
 27.70     -0.00178
 27.72     -0.00158
 27.74     -0.00142
 27.76     -0.00133
 27.78     -0.00097
 27.80     -0.00080
 27.82     -0.00081
 27.84     -0.00087
 27.86     -0.00082
 27.88     -0.00100
 27.90     -0.00107
 27.92     -0.00109
 27.94     -0.00110
 27.96     -0.00115
 27.98     -0.00111
 28.00     -0.00114
 28.02     -0.00121
 28.04     -0.00119
 28.06     -0.00112
 28.08     -0.00117
 28.10     -0.00116
 28.12     -0.00109
 28.14     -0.00103
 28.16     -0.00108
 28.18     -0.00105
 28.20     -0.00098
 28.22     -0.00098
 28.24     -0.00101
 28.26     -0.00096
 28.28     -0.00093
 28.30     -0.00089
 28.32     -0.00084
 28.34     -0.00077
 28.36     -0.00075
 28.38     -0.00068
 28.40     -0.00068
 28.42     -0.00068
 28.44     -0.00069
 28.46     -0.00066
 28.48     -0.00071
 28.50     -0.00068
 28.52     -0.00061
 28.54     -0.00059
 28.56     -0.00056
 28.58     -0.00054
 28.60     -0.00051
 28.62     -0.00053
 28.64     -0.00051
 28.66     -0.00049
 28.68     -0.00047
 28.70     -0.00045
 28.72     -0.00043
 28.74     -0.00041
 28.76     -0.00035
 28.78     -0.00033
 28.80     -0.00031
 28.82     -0.00030
 28.84     -0.00028
 28.86     -0.00031
 28.88     -0.00029
 28.90     -0.00028
 28.92     -0.00026
 28.94     -0.00025
 28.96     -0.00024
 28.98     -0.00023
 29.00     -0.00021
 29.02     -0.00020
 29.04     -0.00019
 29.06     -0.00018
 29.08     -0.00017
 29.10     -0.00016
 29.12     -0.00016
 29.14     -0.00015
 29.16     -0.00014
 29.18     -0.00013
 29.20     -0.00012
 29.22     -0.00012
 29.24     -0.00011
 29.26     -0.00010
 29.28     -0.00010
 29.30     -0.00009
 29.32     -0.00009
 29.34     -0.00008
 29.36     -0.00008
 29.38     -0.00007
 29.40     -0.00007
 29.42     -0.00006
 29.44     -0.00006
 29.46     -0.00006
 29.48     -0.00005
 29.50     -0.00005
 29.52     -0.00005
 29.54     -0.00004
 29.56     -0.00004
 29.58     -0.00004
 29.60     -0.00003
 29.62     -0.00003
 29.64     -0.00003
 29.66     -0.00003
 29.68     -0.00003
 29.70     -0.00002
 29.72     -0.00002
 29.74     -0.00002
 29.76     -0.00002
 29.78     -0.00002
 29.80     -0.00002
 29.82     -0.00001
 29.84     -0.00001
 29.86     -0.00001
 29.88     -0.00001
 29.90     -0.00001
 29.92     -0.00001
 29.94     -0.00001
 29.96     -0.00001
 29.98     -0.00001
 30.00     -0.00001
