 #r(A)        G(r)
  0.02      0.00000
  0.04      0.00000
  0.06      0.00000
  0.08      0.00000
  0.10      0.00000
  0.12      0.00000
  0.14      0.00000
  0.16      0.00000
  0.18      0.00000
  0.20      0.00000
  0.22      0.00000
  0.24      0.00000
  0.26      0.00000
  0.28      0.00000
  0.30      0.00000
  0.32      0.00000
  0.34      0.00000
  0.36      0.00000
  0.38      0.00000
  0.40      0.00000
  0.42      0.00000
  0.44      0.00000
  0.46      0.00000
  0.48      0.00000
  0.50      0.00000
  0.52      0.00000
  0.54      0.00000
  0.56     -0.00000
  0.58     -0.00001
  0.60     -0.00001
  0.62     -0.00003
  0.64     -0.00006
  0.66     -0.00014
  0.68     -0.00026
  0.70     -0.00046
  0.72     -0.00071
  0.74     -0.00101
  0.76     -0.00135
  0.78     -0.00174
  0.80     -0.00215
  0.82     -0.00259
  0.84     -0.00305
  0.86     -0.00353
  0.88     -0.00401
  0.90     -0.00450
  0.92     -0.00498
  0.94     -0.00547
  0.96     -0.00596
  0.98     -0.00645
  1.00     -0.00694
  1.02     -0.00743
  1.04     -0.00791
  1.06     -0.00840
  1.08     -0.00889
  1.10     -0.00938
  1.12     -0.00987
  1.14     -0.01036
  1.16     -0.01085
  1.18     -0.01134
  1.20     -0.01183
  1.22     -0.01232
  1.24     -0.01281
  1.26     -0.01330
  1.28     -0.01379
  1.30     -0.01428
  1.32     -0.01477
  1.34     -0.01526
  1.36     -0.01575
  1.38     -0.01624
  1.40     -0.01673
  1.42     -0.01722
  1.44     -0.01771
  1.46     -0.01820
  1.48     -0.01869
  1.50     -0.01918
  1.52     -0.01967
  1.54     -0.02016
  1.56     -0.02065
  1.58     -0.02114
  1.60     -0.02163
  1.62     -0.02212
  1.64     -0.02262
  1.66     -0.02311
  1.68     -0.02360
  1.70     -0.02410
  1.72     -0.02460
  1.74     -0.02511
  1.76     -0.02562
  1.78     -0.02614
  1.80     -0.02666
  1.82     -0.02720
  1.84     -0.02774
  1.86     -0.02829
  1.88     -0.02886
  1.90     -0.02945
  1.92     -0.03005
  1.94     -0.03066
  1.96     -0.03129
  1.98     -0.03193
  2.00     -0.03257
  2.02     -0.03322
  2.04     -0.03387
  2.06     -0.03452
  2.08     -0.03517
  2.10     -0.03582
  2.12     -0.03647
  2.14     -0.03712
  2.16     -0.03777
  2.18     -0.03842
  2.20     -0.03908
  2.22     -0.03973
  2.24     -0.04038
  2.26     -0.04103
  2.28     -0.04168
  2.30     -0.04233
  2.32     -0.04298
  2.34     -0.04363
  2.36     -0.04428
  2.38     -0.04494
  2.40     -0.04559
  2.42     -0.04624
  2.44     -0.04689
  2.46     -0.04754
  2.48     -0.04820
  2.50     -0.04886
  2.52     -0.04435
  2.54     -0.04501
  2.56     -0.03808
  2.58     -0.01860
  2.60      0.01812
  2.62      0.10157
  2.64      0.19423
  2.66      0.32735
  2.68      0.43736
  2.70      0.48350
  2.72      0.47977
  2.74      0.47844
  2.76      0.38855
  2.78      0.30662
  2.80      0.28266
  2.82      0.22414
  2.84      0.14069
  2.86      0.09327
  2.88      0.04399
  2.90     -0.01206
  2.92     -0.03994
  2.94     -0.04926
  2.96     -0.04960
  2.98     -0.04978
  3.00     -0.05444
  3.02     -0.05461
  3.04     -0.05478
  3.06     -0.05934
  3.08     -0.05951
  3.10     -0.05969
  3.12     -0.05986
  3.14     -0.06003
  3.16     -0.06020
  3.18     -0.06037
  3.20     -0.06054
  3.22     -0.06072
  3.24     -0.06089
  3.26     -0.06107
  3.28     -0.06124
  3.30     -0.06142
  3.32     -0.06159
  3.34     -0.06178
  3.36     -0.06196
  3.38     -0.06215
  3.40     -0.06235
  3.42     -0.06259
  3.44     -0.06283
  3.46     -0.06308
  3.48     -0.06334
  3.50     -0.06362
  3.52     -0.06020
  3.54     -0.06052
  3.56     -0.06085
  3.58     -0.05753
  3.60     -0.05789
  3.62     -0.06106
  3.64     -0.06142
  3.66     -0.05287
  3.68     -0.04625
  3.70     -0.03956
  3.72     -0.03555
  3.74     -0.02541
  3.76     -0.01295
  3.78     -0.00322
  3.80      0.01088
  3.82      0.01897
  3.84      0.03544
  3.86      0.05919
  3.88      0.06853
  3.90      0.06692
  3.92      0.08475
  3.94      0.07392
  3.96      0.04124
  3.98      0.01405
  4.00      0.00364
  4.02     -0.02494
  4.04     -0.04165
  4.06     -0.05498
  4.08     -0.05840
  4.10     -0.06838
  4.12     -0.07181
  4.14     -0.07203
  4.16     -0.07227
  4.18     -0.07254
  4.20     -0.07285
  4.22     -0.07319
  4.24     -0.07355
  4.26     -0.07392
  4.28     -0.07430
  4.30     -0.07470
  4.32     -0.07510
  4.34     -0.07551
  4.36     -0.07591
  4.38     -0.07632
  4.40     -0.07673
  4.42     -0.07120
  4.44     -0.06571
  4.46     -0.06612
  4.48     -0.06652
  4.50     -0.06692
  4.52     -0.07035
  4.54     -0.07086
  4.56     -0.04828
  4.58     -0.03724
  4.60     -0.01486
  4.62      0.03008
  4.64      0.10297
  4.66      0.14994
  4.68      0.24452
  4.70      0.30782
  4.72      0.37031
  4.74      0.38502
  4.76      0.40531
  4.78      0.37277
  4.80      0.35997
  4.82      0.27874
  4.84      0.20356
  4.86      0.14772
  4.88      0.07362
  4.90      0.02390
  4.92     -0.00605
  4.94     -0.02503
  4.96     -0.06011
  4.98     -0.06011
  5.00     -0.08422
  5.02     -0.08422
  5.04     -0.08424
  5.06     -0.08425
  5.08     -0.08427
  5.10     -0.08431
  5.12     -0.08435
  5.14     -0.08441
  5.16     -0.08448
  5.18     -0.08457
  5.20     -0.08217
  5.22     -0.07729
  5.24     -0.07748
  5.26     -0.07522
  5.28     -0.07425
  5.30     -0.06719
  5.32     -0.06766
  5.34     -0.05578
  5.36     -0.03544
  5.38      0.02749
  5.40      0.03657
  5.42      0.04934
  5.44      0.05355
  5.46      0.06112
  5.48      0.03742
  5.50      0.06534
  5.52      0.07301
  5.54      0.07239
  5.56      0.07752
  5.58      0.04300
  5.60      0.00440
  5.62     -0.00676
  5.64     -0.02237
  5.66     -0.05454
  5.68     -0.05828
  5.70     -0.06552
  5.72     -0.08089
  5.74     -0.08222
  5.76     -0.08249
  5.78     -0.08613
  5.80     -0.08862
  5.82     -0.08882
  5.84     -0.07777
  5.86     -0.07583
  5.88     -0.06713
  5.90     -0.05847
  5.92     -0.04983
  5.94     -0.04585
  5.96     -0.04184
  5.98     -0.02909
  6.00     -0.02732
  6.02     -0.01248
  6.04     -0.00215
  6.06      0.03859
  6.08      0.07477
  6.10      0.11528
  6.12      0.14907
  6.14      0.19344
  6.16      0.19677
  6.18      0.20639
  6.20      0.20343
  6.22      0.17293
  6.24      0.11711
  6.26      0.09112
  6.28      0.03569
  6.30     -0.01299
  6.32     -0.03414
  6.34     -0.04466
  6.36     -0.07402
  6.38     -0.08655
  6.40     -0.08653
  6.42     -0.09277
  6.44     -0.09691
  6.46     -0.09691
  6.48     -0.09691
  6.50     -0.09692
  6.52     -0.09290
  6.54     -0.08890
  6.56     -0.07889
  6.58     -0.07892
  6.60     -0.07098
  6.62     -0.05915
  6.64     -0.03549
  6.66     -0.03176
  6.68     -0.01215
  6.70     -0.00057
  6.72     -0.00223
  6.74     -0.00672
  6.76     -0.00323
  6.78     -0.00764
  6.80     -0.01981
  6.82     -0.03256
  6.84     -0.05634
  6.86     -0.07170
  6.88     -0.07811
  6.90     -0.08632
  6.92     -0.08872
  6.94     -0.08921
  6.96     -0.08847
  6.98     -0.09476
  7.00     -0.08399
  7.02     -0.07700
  7.04     -0.06631
  7.06     -0.04825
  7.08     -0.02651
  7.10     -0.00867
  7.12      0.00549
  7.14      0.02694
  7.16      0.07393
  7.18      0.09874
  7.20      0.14542
  7.22      0.23586
  7.24      0.28598
  7.26      0.31373
  7.28      0.37430
  7.30      0.36590
  7.32      0.32836
  7.34      0.32728
  7.36      0.27422
  7.38      0.18013
  7.40      0.14392
  7.42      0.08641
  7.44      0.00640
  7.46     -0.03449
  7.48     -0.04851
  7.50     -0.07501
  7.52     -0.09075
  7.54     -0.09275
  7.56     -0.09609
  7.58     -0.09859
  7.60     -0.10113
  7.62     -0.09932
  7.64     -0.09535
  7.66     -0.09184
  7.68     -0.08557
  7.70     -0.07786
  7.72     -0.07445
  7.74     -0.07661
  7.76     -0.06644
  7.78     -0.06587
  7.80     -0.06431
  7.82     -0.04923
  7.84     -0.04422
  7.86     -0.05445
  7.88     -0.05790
  7.90     -0.06309
  7.92     -0.08090
  7.94     -0.08109
  7.96     -0.07962
  7.98     -0.07491
  8.00     -0.07026
  8.02     -0.06727
  8.04     -0.06434
  8.06     -0.05160
  8.08     -0.04793
  8.10     -0.03214
  8.12     -0.01877
  8.14     -0.00304
  8.16      0.00768
  8.18      0.02729
  8.20      0.07000
  8.22      0.10383
  8.24      0.12074
  8.26      0.14720
  8.28      0.15207
  8.30      0.11602
  8.32      0.12464
  8.34      0.12234
  8.36      0.10416
  8.38      0.08159
  8.40      0.05129
  8.42     -0.01292
  8.44     -0.03372
  8.46     -0.06381
  8.48     -0.07336
  8.50     -0.07344
  8.52     -0.06263
  8.54     -0.07371
  8.56     -0.06765
  8.58     -0.05700
  8.60     -0.03716
  8.62     -0.01745
  8.64      0.00531
  8.66      0.02338
  8.68      0.03379
  8.70      0.05623
  8.72      0.04377
  8.74      0.03583
  8.76      0.01890
  8.78      0.01406
  8.80     -0.01497
  8.82     -0.01968
  8.84     -0.03191
  8.86     -0.02912
  8.88     -0.04573
  8.90     -0.05038
  8.92     -0.06088
  8.94     -0.06248
  8.96     -0.07150
  8.98     -0.07010
  9.00     -0.05559
  9.02     -0.03223
  9.04     -0.00753
  9.06      0.00260
  9.08      0.04323
  9.10      0.03721
  9.12      0.04425
  9.14      0.03679
  9.16      0.04534
  9.18      0.02198
  9.20      0.01327
  9.22     -0.00412
  9.24     -0.02000
  9.26     -0.03444
  9.28     -0.05028
  9.30     -0.05752
  9.32     -0.07189
  9.34     -0.07776
  9.36     -0.07667
  9.38     -0.07979
  9.40     -0.06608
  9.42     -0.05239
  9.44     -0.03882
  9.46     -0.02815
  9.48      0.00483
  9.50      0.02092
  9.52      0.03148
  9.54      0.04339
  9.56      0.04421
  9.58      0.02563
  9.60      0.00988
  9.62     -0.00022
  9.64     -0.01036
  9.66     -0.00949
  9.68      0.00098
  9.70      0.00872
  9.72      0.00836
  9.74      0.00254
  9.76      0.00479
  9.78      0.00836
  9.80      0.01463
  9.82      0.02239
  9.84      0.05895
  9.86      0.09198
  9.88      0.13292
  9.90      0.16713
  9.92      0.21604
  9.94      0.24939
  9.96      0.25016
  9.98      0.22175
 10.00      0.19485
 10.02      0.19172
 10.04      0.14904
 10.06      0.11192
 10.08      0.08162
 10.10      0.05013
 10.12     -0.01025
 10.14     -0.05072
 10.16     -0.07147
 10.18     -0.08564
 10.20     -0.09584
 10.22     -0.10474
 10.24     -0.10456
 10.26     -0.10957
 10.28     -0.11202
 10.30     -0.10935
 10.32     -0.10670
 10.34     -0.10413
 10.36     -0.10156
 10.38     -0.10157
 10.40     -0.10163
 10.42     -0.09920
 10.44     -0.09176
 10.46     -0.07927
 10.48     -0.06932
 10.50     -0.05689
 10.52     -0.04953
 10.54     -0.02974
 10.56     -0.02000
 10.58     -0.00275
 10.60      0.01007
 10.62      0.02973
 10.64      0.04671
 10.66      0.05505
 10.68      0.08437
 10.70      0.11057
 10.72      0.11638
 10.74      0.09623
 10.76      0.08487
 10.78      0.04394
 10.80      0.01474
 10.82     -0.00084
 10.84     -0.01815
 10.86     -0.03169
 10.88     -0.03909
 10.90     -0.05444
 10.92     -0.07336
 10.94     -0.07285
 10.96     -0.07592
 10.98     -0.07780
 11.00     -0.08508
 11.02     -0.07014
 11.04     -0.07924
 11.06     -0.06797
 11.08     -0.06149
 11.10     -0.05204
 11.12     -0.05880
 11.14     -0.04822
 11.16     -0.04727
 11.18     -0.04482
 11.20     -0.03913
 11.22     -0.02640
 11.24     -0.00139
 11.26      0.01826
 11.28      0.02064
 11.30      0.03909
 11.32      0.05892
 11.34      0.04161
 11.36      0.03077
 11.38      0.03349
 11.40      0.03778
 11.42      0.03248
 11.44      0.04385
 11.46      0.04136
 11.48      0.04586
 11.50      0.01949
 11.52     -0.00023
 11.54     -0.02559
 11.56     -0.03026
 11.58     -0.03608
 11.60     -0.03014
 11.62     -0.02568
 11.64     -0.01433
 11.66     -0.01328
 11.68     -0.01562
 11.70      0.00065
 11.72     -0.00511
 11.74      0.00154
 11.76      0.00593
 11.78      0.01144
 11.80      0.00391
 11.82      0.01609
 11.84      0.01869
 11.86      0.02464
 11.88      0.01669
 11.90      0.01815
 11.92      0.02567
 11.94      0.04035
 11.96      0.06048
 11.98      0.08127
 12.00      0.11289
 12.02      0.13120
 12.04      0.14395
 12.06      0.13365
 12.08      0.13882
 12.10      0.09793
 12.12      0.06698
 12.14      0.03937
 12.16      0.02062
 12.18      0.00949
 12.20     -0.00469
 12.22     -0.01348
 12.24     -0.02981
 12.26     -0.03746
 12.28     -0.04731
 12.30     -0.03548
 12.32     -0.03555
 12.34     -0.01847
 12.36     -0.01533
 12.38     -0.01652
 12.40     -0.02195
 12.42     -0.00769
 12.44     -0.00893
 12.46     -0.00586
 12.48     -0.01444
 12.50     -0.01238
 12.52     -0.02577
 12.54     -0.03333
 12.56     -0.02397
 12.58     -0.00406
 12.60      0.01264
 12.62      0.02616
 12.64      0.03128
 12.66      0.02692
 12.68      0.02467
 12.70      0.01720
 12.72      0.01390
 12.74     -0.00595
 12.76     -0.00816
 12.78     -0.02901
 12.80     -0.01988
 12.82     -0.04171
 12.84     -0.02630
 12.86     -0.03672
 12.88     -0.03060
 12.90     -0.05030
 12.92     -0.02986
 12.94     -0.03817
 12.96     -0.03721
 12.98     -0.02504
 13.00     -0.01391
 13.02     -0.01811
 13.04     -0.02015
 13.06     -0.01206
 13.08     -0.01720
 13.10     -0.03342
 13.12     -0.03447
 13.14     -0.03241
 13.16     -0.03043
 13.18     -0.02543
 13.20     -0.00734
 13.22      0.00865
 13.24      0.01070
 13.26      0.01169
 13.28      0.01467
 13.30      0.01266
 13.32     -0.00729
 13.34     -0.00030
 13.36     -0.00824
 13.38     -0.02706
 13.40     -0.04190
 13.42     -0.04486
 13.44     -0.05869
 13.46     -0.06461
 13.48     -0.06755
 13.50     -0.06758
 13.52     -0.07156
 13.54     -0.06966
 13.56     -0.06098
 13.58     -0.05130
 13.60     -0.03682
 13.62     -0.03366
 13.64     -0.01728
 13.66     -0.00727
 13.68     -0.00352
 13.70      0.00980
 13.72      0.02384
 13.74      0.04868
 13.76      0.06018
 13.78      0.09938
 13.80      0.08432
 13.82      0.09089
 13.84      0.07534
 13.86      0.06784
 13.88      0.04180
 13.90      0.05648
 13.92      0.04780
 13.94      0.03437
 13.96      0.01436
 13.98      0.00856
 14.00     -0.01332
 14.02     -0.02851
 14.04     -0.02861
 14.06     -0.02113
 14.08     -0.02694
 14.10     -0.02799
 14.12     -0.01591
 14.14     -0.01516
 14.16     -0.00882
 14.18     -0.00809
 14.20      0.01689
 14.22      0.02970
 14.24      0.03785
 14.26      0.03484
 14.28      0.06244
 14.30      0.07511
 14.32      0.08963
 14.34      0.11159
 14.36      0.12531
 14.38      0.12049
 14.40      0.10009
 14.42      0.09901
 14.44      0.09699
 14.46      0.08686
 14.48      0.06943
 14.50      0.05489
 14.52      0.03205
 14.54      0.00290
 14.56     -0.00065
 14.58     -0.00055
 14.60      0.00777
 14.62      0.00606
 14.64      0.00528
 14.66      0.00358
 14.68     -0.00895
 14.70     -0.02416
 14.72     -0.02945
 14.74     -0.03921
 14.76     -0.04272
 14.78     -0.04171
 14.80     -0.04247
 14.82     -0.05043
 14.84     -0.04408
 14.86     -0.05384
 14.88     -0.05914
 14.90     -0.05818
 14.92     -0.05016
 14.94     -0.05105
 14.96     -0.04924
 14.98     -0.05009
 15.00     -0.05447
 15.02     -0.06154
 15.04     -0.06684
 15.06     -0.06859
 15.08     -0.06683
 15.10     -0.06331
 15.12     -0.06682
 15.14     -0.06684
 15.16     -0.06860
 15.18     -0.06494
 15.20     -0.05279
 15.22     -0.04065
 15.24     -0.02856
 15.26     -0.01646
 15.28     -0.00723
 15.30      0.00474
 15.32      0.01165
 15.34      0.01670
 15.36      0.02694
 15.38      0.04489
 15.40      0.04473
 15.42      0.04365
 15.44      0.04699
 15.46      0.04264
 15.48      0.02455
 15.50      0.01425
 15.52      0.00360
 15.54     -0.00409
 15.56     -0.00705
 15.58     -0.01339
 15.60     -0.02521
 15.62     -0.02552
 15.64     -0.03054
 15.66     -0.03725
 15.68     -0.03928
 15.70     -0.03115
 15.72     -0.01929
 15.74     -0.01294
 15.76     -0.01497
 15.78      0.00186
 15.80      0.00358
 15.82      0.00857
 15.84      0.02568
 15.86      0.04908
 15.88      0.05650
 15.90      0.06859
 15.92      0.07437
 15.94      0.06598
 15.96      0.05598
 15.98      0.04764
 16.00      0.04515
 16.02      0.02819
 16.04      0.03065
 16.06      0.02822
 16.08      0.02247
 16.10      0.00854
 16.12      0.01232
 16.14      0.00904
 16.16      0.00501
 16.18     -0.00229
 16.20      0.00273
 16.22      0.00606
 16.24     -0.01266
 16.26     -0.01177
 16.28     -0.01250
 16.30     -0.01894
 16.32     -0.02621
 16.34     -0.02451
 16.36     -0.02772
 16.38     -0.03253
 16.40     -0.02646
 16.42     -0.01703
 16.44     -0.01544
 16.46     -0.01950
 16.48     -0.00506
 16.50     -0.00955
 16.52     -0.01309
 16.54     -0.01557
 16.56     -0.00286
 16.58     -0.00220
 16.60      0.01405
 16.62      0.01509
 16.64      0.04364
 16.66      0.04588
 16.68      0.04098
 16.70      0.03054
 16.72      0.03875
 16.74      0.02986
 16.76      0.02265
 16.78      0.04311
 16.80      0.06355
 16.82      0.07329
 16.84      0.07559
 16.86      0.09054
 16.88      0.08265
 16.90      0.07362
 16.92      0.04077
 16.94      0.02364
 16.96      0.00497
 16.98     -0.01055
 17.00     -0.02838
 17.02     -0.02974
 17.04     -0.03580
 17.06     -0.03796
 17.08     -0.04324
 17.10     -0.04539
 17.12     -0.04211
 17.14     -0.03807
 17.16     -0.03944
 17.18     -0.03079
 17.20     -0.03137
 17.22     -0.03195
 17.24     -0.03561
 17.26     -0.02853
 17.28     -0.03376
 17.30     -0.02976
 17.32     -0.03035
 17.34     -0.02484
 17.36     -0.03005
 17.38     -0.03297
 17.40     -0.03361
 17.42     -0.02967
 17.44     -0.03793
 17.46     -0.04541
 17.48     -0.04382
 17.50     -0.03619
 17.52     -0.03992
 17.54     -0.02966
 17.56     -0.02430
 17.58     -0.02200
 17.60     -0.02275
 17.62     -0.01593
 17.64     -0.01929
 17.66     -0.00949
 17.68     -0.00346
 17.70      0.00178
 17.72      0.00779
 17.74      0.01232
 17.76      0.00416
 17.78     -0.00176
 17.80     -0.01363
 17.82     -0.02176
 17.84     -0.01208
 17.86     -0.00164
 17.88      0.00656
 17.90      0.01033
 17.92      0.01482
 17.94      0.01406
 17.96      0.01185
 17.98      0.00816
 18.00      0.01848
 18.02      0.02876
 18.04      0.02212
 18.06      0.02140
 18.08      0.03971
 18.10      0.04041
 18.12      0.03746
 18.14      0.04405
 18.16      0.04189
 18.18      0.02583
 18.20      0.02438
 18.22      0.03094
 18.24      0.02514
 18.26      0.03174
 18.28      0.02530
 18.30      0.01450
 18.32     -0.00065
 18.34      0.01241
 18.36     -0.00193
 18.38      0.00321
 18.40      0.00694
 18.42      0.00562
 18.44     -0.01194
 18.46     -0.00032
 18.48     -0.00093
 18.50      0.00775
 18.52      0.01573
 18.54      0.02691
 18.56      0.02986
 18.58      0.03069
 18.60      0.02011
 18.62      0.01952
 18.64      0.00968
 18.66     -0.00014
 18.68     -0.01204
 18.70     -0.01330
 18.72     -0.02309
 18.74     -0.02861
 18.76     -0.02775
 18.78     -0.02617
 18.80     -0.02746
 18.82     -0.02310
 18.84     -0.01595
 18.86     -0.01725
 18.88     -0.01713
 18.90     -0.00725
 18.92     -0.00649
 18.94      0.00471
 18.96      0.01524
 18.98      0.02124
 19.00      0.02003
 19.02      0.02287
 19.04      0.01869
 19.06      0.01524
 19.08      0.00872
 19.10     -0.00110
 19.12     -0.00449
 19.14     -0.01691
 19.16     -0.02169
 19.18     -0.01399
 19.20     -0.01320
 19.22     -0.01175
 19.24     -0.00856
 19.26     -0.00367
 19.28      0.00637
 19.30      0.01127
 19.32      0.01649
 19.34      0.01659
 19.36      0.01668
 19.38      0.00479
 19.40      0.01003
 19.42      0.00909
 19.44      0.00819
 19.46      0.00695
 19.48      0.00336
 19.50     -0.00637
 19.52     -0.01099
 19.54     -0.01761
 19.56     -0.02423
 19.58     -0.02168
 19.60     -0.02354
 19.62     -0.02947
 19.64     -0.02323
 19.66     -0.01835
 19.68     -0.01753
 19.70     -0.01536
 19.72     -0.01587
 19.74     -0.02244
 19.76     -0.01964
 19.78     -0.01818
 19.80     -0.01204
 19.82     -0.01591
 19.84     -0.01042
 19.86     -0.01098
 19.88     -0.00886
 19.90     -0.00278
 19.92      0.00668
 19.94      0.01675
 19.96      0.01486
 19.98      0.01762
 20.00      0.00777
 20.02      0.00987
 20.04     -0.00194
 20.06      0.00940
 20.08      0.00884
 20.10      0.01159
 20.12      0.01367
 20.14      0.01711
 20.16      0.00339
 20.18      0.00219
 20.20     -0.00163
 20.22     -0.00938
 20.24     -0.00467
 20.26      0.00526
 20.28     -0.00246
 20.30      0.00158
 20.32      0.00498
 20.34      0.00638
 20.36      0.00582
 20.38      0.00856
 20.40      0.00997
 20.42      0.01658
 20.44      0.01603
 20.46      0.00706
 20.48      0.02013
 20.50      0.02412
 20.52      0.01843
 20.54      0.00716
 20.56      0.01504
 20.58      0.00613
 20.60     -0.00791
 20.62     -0.01035
 20.64     -0.00785
 20.66     -0.01674
 20.68     -0.02432
 20.70     -0.02162
 20.72     -0.02215
 20.74     -0.02012
 20.76     -0.02065
 20.78     -0.01798
 20.80     -0.01596
 20.82     -0.01649
 20.84     -0.01131
 20.86     -0.00105
 20.88      0.00413
 20.90      0.00677
 20.92      0.01574
 20.94      0.01394
 20.96      0.00455
 20.98      0.00087
 21.00      0.00287
 21.02      0.00925
 21.04      0.00809
 21.06      0.01135
 21.08      0.02466
 21.10      0.02602
 21.12      0.02106
 21.14      0.02119
 21.16      0.02132
 21.18      0.00767
 21.20      0.00530
 21.22     -0.00519
 21.24     -0.00317
 21.26     -0.00489
 21.28     -0.00100
 21.30     -0.00209
 21.32      0.00428
 21.34      0.00381
 21.36      0.00458
 21.38      0.00040
 21.40      0.00427
 21.42      0.00131
 21.44     -0.00225
 21.46     -0.00395
 21.48     -0.00348
 21.50     -0.00521
 21.52     -0.00814
 21.54     -0.00861
 21.56      0.00075
 21.58      0.00550
 21.60      0.00440
 21.62      0.01313
 21.64      0.01634
 21.66      0.00974
 21.68      0.01508
 21.70      0.01096
 21.72      0.00622
 21.74      0.00334
 21.76     -0.00015
 21.78     -0.00639
 21.80     -0.00925
 21.82     -0.00665
 21.84     -0.00708
 21.86     -0.00690
 21.88     -0.00614
 21.90      0.00282
 21.92     -0.00064
 21.94      0.00075
 21.96      0.00394
 21.98      0.00471
 22.00      0.00396
 22.02     -0.00249
 22.04     -0.00578
 22.06     -0.00981
 22.08     -0.01626
 22.10     -0.02511
 22.12     -0.02253
 22.14     -0.02670
 22.16     -0.02714
 22.18     -0.02549
 22.20     -0.02414
 22.22     -0.02490
 22.24     -0.02414
 22.26     -0.02281
 22.28     -0.02179
 22.30     -0.01899
 22.32     -0.01382
 22.34     -0.00005
 22.36      0.00244
 22.38      0.00610
 22.40      0.00947
 22.42      0.00781
 22.44      0.00554
 22.46      0.00507
 22.48      0.00223
 22.50      0.00588
 22.52      0.01070
 22.54      0.01550
 22.56      0.01679
 22.58      0.01926
 22.60      0.02639
 22.62      0.02475
 22.64      0.02075
 22.66      0.01738
 22.68      0.01753
 22.70      0.00604
 22.72      0.00851
 22.74      0.00574
 22.76      0.01115
 22.78      0.00898
 22.80      0.00501
 22.82     -0.00209
 22.84     -0.00191
 22.86     -0.00696
 22.88     -0.00563
 22.90     -0.00544
 22.92     -0.00092
 22.94     -0.00249
 22.96     -0.00173
 22.98     -0.00503
 23.00     -0.00139
 23.02     -0.00497
 23.04     -0.00566
 23.06     -0.00491
 23.08     -0.00703
 23.10     -0.01232
 23.12     -0.01473
 23.14     -0.01429
 23.16     -0.01014
 23.18     -0.00428
 23.20     -0.00327
 23.22      0.00087
 23.24     -0.00185
 23.26     -0.00856
 23.28     -0.01185
 23.30     -0.01142
 23.32     -0.00903
 23.34     -0.01145
 23.36     -0.00197
 23.38     -0.00071
 23.40      0.00196
 23.42      0.00433
 23.44      0.01209
 23.46      0.00682
 23.48      0.01032
 23.50      0.01045
 23.52      0.00717
 23.54      0.00841
 23.56      0.01359
 23.58      0.01596
 23.60      0.02058
 23.62      0.01987
 23.64      0.01524
 23.66      0.00976
 23.68      0.00541
 23.70      0.00219
 23.72      0.00261
 23.74      0.00694
 23.76      0.00429
 23.78      0.00220
 23.80      0.00178
 23.82      0.00803
 23.84      0.00539
 23.86      0.00387
 23.88      0.00071
 23.90      0.00474
 23.92     -0.00012
 23.94      0.00113
 23.96      0.00682
 23.98      0.00810
 24.00      0.00437
 24.02      0.00617
 24.04      0.00467
 24.06      0.00317
 24.08      0.00334
 24.10     -0.00034
 24.12     -0.00953
 24.14     -0.01266
 24.16     -0.01140
 24.18     -0.01177
 24.20     -0.01105
 24.22     -0.00649
 24.24     -0.00740
 24.26     -0.01024
 24.28     -0.00734
 24.30     -0.00716
 24.32     -0.00536
 24.34     -0.00572
 24.36     -0.00745
 24.38     -0.00946
 24.40     -0.00928
 24.42     -0.01510
 24.44     -0.01059
 24.46     -0.01097
 24.48     -0.00919
 24.50     -0.00904
 24.52     -0.00402
 24.54     -0.00711
 24.56     -0.00426
 24.58     -0.00250
 24.60     -0.00236
 24.62     -0.00492
 24.64     -0.00531
 24.66     -0.00518
 24.68     -0.00935
 24.70     -0.00520
 24.72     -0.00186
 24.74      0.00362
 24.76      0.00160
 24.78      0.00494
 24.80      0.00158
 24.82      0.00170
 24.84     -0.00193
 24.86     -0.00127
 24.88      0.00258
 24.90      0.00217
 24.92      0.00069
 24.94      0.00082
 24.96     -0.00224
 24.98     -0.00638
 25.00     -0.00572
 25.02     -0.00613
 25.04     -0.00601
 25.06      0.00047
 25.08      0.00059
 25.10      0.00862
 25.12      0.00821
 25.14      0.00992
 25.16      0.00635
 25.18      0.00911
 25.20      0.00291
 25.22      0.00566
 25.24      0.00894
 25.26      0.01065
 25.28      0.00972
 25.30      0.00724
 25.32      0.00423
 25.34      0.00331
 25.36      0.00136
 25.38     -0.00163
 25.40      0.00217
 25.42      0.00336
 25.44      0.00401
 25.46      0.00312
 25.48      0.00430
 25.50      0.00080
 25.52      0.00198
 25.54     -0.00256
 25.56      0.00070
 25.58      0.00188
 25.60      0.00150
 25.62     -0.00250
 25.64     -0.00236
 25.66     -0.00430
 25.68     -0.00521
 25.70     -0.00121
 25.72      0.00150
 25.74      0.00265
 25.76      0.00278
 25.78      0.00445
 25.80      0.00071
 25.82     -0.00070
 25.84     -0.00263
 25.86     -0.00148
 25.88     -0.00239
 25.90     -0.00124
 25.92      0.00194
 25.94      0.00309
 25.96      0.00117
 25.98      0.00027
 26.00     -0.00165
 26.02     -0.00460
 26.04     -0.00703
 26.06     -0.00538
 26.08     -0.00832
 26.10     -0.00516
 26.12     -0.00454
 26.14     -0.00189
 26.16     -0.00128
 26.18     -0.00066
 26.20     -0.00359
 26.22      0.00005
 26.24      0.00116
 26.26      0.00076
 26.28      0.00491
 26.30      0.00704
 26.32      0.00714
 26.34      0.01077
 26.36      0.01139
 26.38      0.00849
 26.40      0.00560
 26.42      0.00070
 26.44     -0.00370
 26.46     -0.00358
 26.48     -0.00246
 26.50     -0.00132
 26.52     -0.00119
 26.54     -0.00107
 26.56     -0.00294
 26.58     -0.00481
 26.60     -0.00568
 26.62     -0.00455
 26.64     -0.00742
 26.66     -0.00729
 26.68     -0.00593
 26.70     -0.00481
 26.72     -0.00667
 26.74     -0.00555
 26.76     -0.00543
 26.78     -0.00754
 26.80     -0.00644
 26.82     -0.00583
 26.84     -0.00522
 26.86     -0.00511
 26.88     -0.00204
 26.90      0.00003
 26.92      0.00211
 26.94      0.00148
 26.96      0.00257
 26.98      0.00070
 27.00     -0.00313
 27.02     -0.00204
 27.04     -0.00169
 27.06     -0.00257
 27.08     -0.00246
 27.10      0.00205
 27.12      0.00263
 27.14      0.00371
 27.16      0.00381
 27.18      0.00440
 27.20      0.00401
 27.22      0.00312
 27.24      0.00322
 27.26      0.00429
 27.28      0.00536
 27.30      0.00157
 27.32      0.00029
 27.34      0.00087
 27.36      0.00023
 27.38     -0.00149
 27.40     -0.00139
 27.42     -0.00090
 27.44     -0.00226
 27.46     -0.00337
 27.48     -0.00292
 27.50     -0.00186
 27.52     -0.00226
 27.54     -0.00314
 27.56     -0.00161
 27.58     -0.00008
 27.60     -0.00072
 27.62     -0.00112
 27.64     -0.00031
 27.66     -0.00071
 27.68     -0.00016
 27.70     -0.00032
 27.72      0.00096
 27.74      0.00319
 27.76      0.00279
 27.78      0.00001
 27.80      0.00009
 27.82     -0.00055
 27.84     -0.00333
 27.86     -0.00231
 27.88     -0.00128
 27.90     -0.00025
 27.92      0.00030
 27.94      0.00037
 27.96     -0.00098
 27.98     -0.00090
 28.00     -0.00083
 28.02     -0.00077
 28.04      0.00072
 28.06      0.00079
 28.08      0.00181
 28.10      0.00141
 28.12      0.00242
 28.14      0.00248
 28.16      0.00279
 28.18      0.00192
 28.20      0.00153
 28.22     -0.00123
 28.24     -0.00257
 28.26     -0.00273
 28.28     -0.00313
 28.30     -0.00306
 28.32     -0.00299
 28.34     -0.00199
 28.36     -0.00099
 28.38     -0.00140
 28.40     -0.00133
 28.42      0.00059
 28.44     -0.00029
 28.46     -0.00024
 28.48     -0.00018
 28.50      0.00081
 28.52     -0.00100
 28.54     -0.00002
 28.56     -0.00066
 28.58     -0.00061
 28.60     -0.00149
 28.62     -0.00097
 28.64     -0.00162
 28.66     -0.00133
 28.68     -0.00128
 28.70     -0.00077
 28.72     -0.00118
 28.74     -0.00136
 28.76     -0.00085
 28.78      0.00012
 28.80     -0.00029
 28.82     -0.00024
 28.84     -0.00019
 28.86     -0.00106
 28.88     -0.00147
 28.90     -0.00142
 28.92     -0.00137
 28.94     -0.00040
 28.96     -0.00036
 28.98     -0.00077
 29.00     -0.00072
 29.02     -0.00068
 29.04     -0.00155
 29.06     -0.00150
 29.08     -0.00146
 29.10     -0.00142
 29.12     -0.00138
 29.14     -0.00043
 29.16     -0.00039
 29.18     -0.00035
 29.20      0.00014
 29.22      0.00018
 29.24     -0.00069
 29.26     -0.00066
 29.28     -0.00062
 29.30     -0.00104
 29.32     -0.00101
 29.34     -0.00098
 29.36     -0.00095
 29.38     -0.00092
 29.40     -0.00089
 29.42     -0.00087
 29.44     -0.00084
 29.46     -0.00081
 29.48     -0.00079
 29.50     -0.00076
 29.52     -0.00074
 29.54     -0.00071
 29.56     -0.00069
 29.58     -0.00066
 29.60     -0.00064
 29.62     -0.00062
 29.64     -0.00059
 29.66     -0.00057
 29.68     -0.00055
 29.70     -0.00053
 29.72     -0.00051
 29.74     -0.00049
 29.76     -0.00047
 29.78     -0.00045
 29.80     -0.00043
 29.82     -0.00019
 29.84     -0.00018
 29.86     -0.00016
 29.88     -0.00015
 29.90     -0.00013
 29.92     -0.00034
 29.94     -0.00032
 29.96     -0.00031
 29.98     -0.00029
 30.00     -0.00028
