 #r(A)        h(r)         Base         G(r)
  0.02      0.00000      0.00000      0.00000
  0.04      0.00000      0.00000      0.00000
  0.06      0.00000      0.00000      0.00000
  0.08      0.00000      0.00000      0.00000
  0.10      0.00000      0.00000      0.00000
  0.12      0.00000      0.00000      0.00000
  0.14      0.00000      0.00000      0.00000
  0.16      0.00000      0.00000      0.00000
  0.18      0.00000      0.00000      0.00000
  0.20      0.00000      0.00000      0.00000
  0.22      0.00000      0.00000      0.00000
  0.24      0.00000      0.00000     -0.00000
  0.26      0.00000      0.00000     -0.00000
  0.28      0.00000      0.00000     -0.00000
  0.30      0.00000      0.00000     -0.00000
  0.32      0.00000      0.00000     -0.00000
  0.34      0.00000      0.00000     -0.00000
  0.36      0.00000      0.00001     -0.00001
  0.38      0.00000      0.00001     -0.00001
  0.40      0.00000      0.00002     -0.00002
  0.42      0.00000      0.00004     -0.00004
  0.44      0.00000      0.00006     -0.00006
  0.46      0.00000      0.00009     -0.00009
  0.48      0.00000      0.00013     -0.00013
  0.50      0.00000      0.00018     -0.00018
  0.52      0.00000      0.00024     -0.00024
  0.54      0.00000      0.00032     -0.00032
  0.56      0.00000      0.00042     -0.00042
  0.58      0.00000      0.00053     -0.00053
  0.60      0.00000      0.00067     -0.00067
  0.62      0.00000      0.00083     -0.00083
  0.64      0.00000      0.00102     -0.00102
  0.66      0.00000      0.00123     -0.00123
  0.68      0.00000      0.00147     -0.00147
  0.70      0.00000      0.00173     -0.00173
  0.72      0.00000      0.00202     -0.00202
  0.74      0.00000      0.00233     -0.00233
  0.76      0.00000      0.00266     -0.00266
  0.78      0.00000      0.00301     -0.00301
  0.80      0.00000      0.00338     -0.00338
  0.82      0.00000      0.00375     -0.00375
  0.84      0.00000      0.00413     -0.00413
  0.86      0.00000      0.00452     -0.00452
  0.88      0.00000      0.00492     -0.00492
  0.90      0.00000      0.00532     -0.00532
  0.92      0.00000      0.00572     -0.00572
  0.94      0.00000      0.00612     -0.00612
  0.96      0.00000      0.00653     -0.00653
  0.98      0.00000      0.00694     -0.00694
  1.00      0.00000      0.00735     -0.00735
  1.02      0.00000      0.00776     -0.00776
  1.04      0.00000      0.00817     -0.00817
  1.06      0.00000      0.00858     -0.00858
  1.08      0.00000      0.00900     -0.00900
  1.10      0.00000      0.00941     -0.00941
  1.12      0.00000      0.00982     -0.00982
  1.14      0.00000      0.01024     -0.01024
  1.16      0.00000      0.01065     -0.01065
  1.18      0.00000      0.01107     -0.01107
  1.20      0.00000      0.01148     -0.01148
  1.22      0.00000      0.01190     -0.01190
  1.24      0.00000      0.01232     -0.01232
  1.26      0.00000      0.01273     -0.01273
  1.28      0.00000      0.01315     -0.01315
  1.30      0.00000      0.01357     -0.01357
  1.32      0.00000      0.01399     -0.01399
  1.34      0.00000      0.01441     -0.01441
  1.36      0.00000      0.01483     -0.01483
  1.38      0.00000      0.01525     -0.01525
  1.40      0.00000      0.01568     -0.01568
  1.42      0.00000      0.01610     -0.01610
  1.44      0.00000      0.01653     -0.01653
  1.46      0.00000      0.01696     -0.01696
  1.48      0.00000      0.01740     -0.01740
  1.50      0.00000      0.01783     -0.01783
  1.52      0.00000      0.01828     -0.01828
  1.54      0.00000      0.01872     -0.01872
  1.56      0.00000      0.01917     -0.01917
  1.58      0.00000      0.01962     -0.01962
  1.60      0.00000      0.02008     -0.02008
  1.62      0.00000      0.02054     -0.02054
  1.64      0.00000      0.02100     -0.02100
  1.66      0.00000      0.02147     -0.02147
  1.68      0.00000      0.02194     -0.02194
  1.70      0.00000      0.02241     -0.02241
  1.72      0.00000      0.02289     -0.02289
  1.74      0.00000      0.02337     -0.02337
  1.76      0.00000      0.02386     -0.02386
  1.78      0.00000      0.02435     -0.02435
  1.80      0.00000      0.02484     -0.02484
  1.82      0.00000      0.02534     -0.02534
  1.84      0.00000      0.02585     -0.02585
  1.86      0.00000      0.02636     -0.02636
  1.88      0.00000      0.02687     -0.02687
  1.90      0.00000      0.02739     -0.02739
  1.92      0.00000      0.02791     -0.02791
  1.94      0.00000      0.02843     -0.02843
  1.96      0.00000      0.02896     -0.02896
  1.98      0.00000      0.02948     -0.02948
  2.00      0.00000      0.03002     -0.03002
  2.02      0.00000      0.03055     -0.03055
  2.04      0.00000      0.03109     -0.03109
  2.06      0.00000      0.03163     -0.03163
  2.08      0.00000      0.03217     -0.03217
  2.10      0.00000      0.03271     -0.03271
  2.12      0.00000      0.03326     -0.03326
  2.14      0.00000      0.03380     -0.03380
  2.16      0.00000      0.03435     -0.03435
  2.18      0.00000      0.03490     -0.03490
  2.20      0.00000      0.03546     -0.03537
  2.22      0.00000      0.03602     -0.03579
  2.24      0.00046      0.03658     -0.03622
  2.26      0.00068      0.03716     -0.03630
  2.28      0.00068      0.03774     -0.03569
  2.30      0.00246      0.03832     -0.03440
  2.32      0.00594      0.03892     -0.03214
  2.34      0.00985      0.03953     -0.02648
  2.36      0.01500      0.04014     -0.01970
  2.38      0.03200      0.04076     -0.01226
  2.40      0.03941      0.04139     -0.00175
  2.42      0.04626      0.04201      0.01014
  2.44      0.06548      0.04264      0.02279
  2.46      0.07761      0.04327      0.03921
  2.48      0.09842      0.04389      0.05554
  2.50      0.12461      0.04451      0.07231
  2.52      0.13103      0.04511      0.09014
  2.54      0.15239      0.04570      0.11173
  2.56      0.16981      0.04627      0.12739
  2.58      0.20931      0.04682      0.15350
  2.60      0.20575      0.04734      0.17045
  2.62      0.26430      0.04784      0.19028
  2.64      0.23978      0.04830      0.20109
  2.66      0.27143      0.04872      0.20940
  2.68      0.26568      0.04911      0.21396
  2.70      0.24943      0.04946      0.21057
  2.72      0.28904      0.04976      0.19690
  2.74      0.22454      0.05003      0.17571
  2.76      0.20464      0.05026      0.15566
  2.78      0.16104      0.05046      0.11847
  2.80      0.15033      0.05063      0.09163
  2.82      0.10408      0.05078      0.06354
  2.84      0.09124      0.05092      0.04219
  2.86      0.06493      0.05104      0.02128
  2.88      0.05496      0.05116      0.00920
  2.90      0.04640      0.05127     -0.00490
  2.92      0.04428      0.05138     -0.01409
  2.94      0.02126      0.05148     -0.02349
  2.96      0.01952      0.05158     -0.02997
  2.98      0.00848      0.05168     -0.03674
  3.00      0.01452      0.05179     -0.03916
  3.02      0.01091      0.05189     -0.04163
  3.04      0.00973      0.05200     -0.04243
  3.06      0.00768      0.05212     -0.04437
  3.08      0.00503      0.05223     -0.04614
  3.10      0.00536      0.05235     -0.04740
  3.12      0.00266      0.05248     -0.04774
  3.14      0.00403      0.05261     -0.04774
  3.16      0.00662      0.05274     -0.04782
  3.18      0.00568      0.05288     -0.04707
  3.20      0.00562      0.05302     -0.04683
  3.22      0.00710      0.05317     -0.04748
  3.24      0.00592      0.05332     -0.04728
  3.26      0.00410      0.05347     -0.04754
  3.28      0.00745      0.05364     -0.04666
  3.30      0.00511      0.05381     -0.04639
  3.32      0.01229      0.05398     -0.04615
  3.34      0.00813      0.05416     -0.04628
  3.36      0.00619      0.05435     -0.04424
  3.38      0.00768      0.05454     -0.04193
  3.40      0.01625      0.05473     -0.03939
  3.42      0.02476      0.05493     -0.03304
  3.44      0.02181      0.05513     -0.02951
  3.46      0.03892      0.05534     -0.02626
  3.48      0.02635      0.05554     -0.02463
  3.50      0.03351      0.05575     -0.02041
  3.52      0.03397      0.05595     -0.02103
  3.54      0.04393      0.05616     -0.02007
  3.56      0.03686      0.05637     -0.01947
  3.58      0.03219      0.05657     -0.01896
  3.60      0.03752      0.05678     -0.02013
  3.62      0.03756      0.05699     -0.02201
  3.64      0.03914      0.05720     -0.02119
  3.66      0.02849      0.05741     -0.02143
  3.68      0.03734      0.05762     -0.02057
  3.70      0.03739      0.05783     -0.02079
  3.72      0.04292      0.05805     -0.01694
  3.74      0.03907      0.05826     -0.01615
  3.76      0.04879      0.05847     -0.01503
  3.78      0.04236      0.05867     -0.01375
  3.80      0.04407      0.05888     -0.01085
  3.82      0.05031      0.05908     -0.01250
  3.84      0.05462      0.05928     -0.01257
  3.86      0.04156      0.05947     -0.01488
  3.88      0.04300      0.05967     -0.01781
  3.90      0.03346      0.05986     -0.02310
  3.92      0.03664      0.06005     -0.02541
  3.94      0.02912      0.06024     -0.02768
  3.96      0.03097      0.06043     -0.02762
  3.98      0.03258      0.06062     -0.03077
  4.00      0.03476      0.06081     -0.03305
  4.02      0.02183      0.06101     -0.03585
  4.04      0.01868      0.06120     -0.03904
  4.06      0.01793      0.06140     -0.04109
  4.08      0.01760      0.06160     -0.04168
  4.10      0.02551      0.06180     -0.04179
  4.12      0.01989      0.06200     -0.04051
  4.14      0.01913      0.06221     -0.03729
  4.16      0.02535      0.06242     -0.03578
  4.18      0.03471      0.06262     -0.03161
  4.20      0.03408      0.06283     -0.02396
  4.22      0.04179      0.06304     -0.01580
  4.24      0.05844      0.06324     -0.00652
  4.26      0.06716      0.06344      0.00437
  4.28      0.08212      0.06362      0.01326
  4.30      0.08952      0.06380      0.02119
  4.32      0.08720      0.06396      0.02775
  4.34      0.09896      0.06410      0.03247
  4.36      0.10075      0.06424      0.03562
  4.38      0.10645      0.06435      0.04088
  4.40      0.10591      0.06446      0.04346
  4.42      0.11409      0.06455      0.04456
  4.44      0.11241      0.06463      0.04307
  4.46      0.10668      0.06469      0.04460
  4.48      0.09940      0.06475      0.04715
  4.50      0.11386      0.06480      0.04570
  4.52      0.12712      0.06484      0.05196
  4.54      0.10543      0.06488      0.05869
  4.56      0.13819      0.06493      0.06517
  4.58      0.13326      0.06497      0.06811
  4.60      0.14646      0.06501      0.07568
  4.62      0.14204      0.06506      0.07556
  4.64      0.14351      0.06511      0.07551
  4.66      0.13782      0.06516      0.07074
  4.68      0.13326      0.06523      0.06626
  4.70      0.12292      0.06531      0.05942
  4.72      0.11992      0.06540      0.05378
  4.74      0.10972      0.06550      0.04608
  4.76      0.11009      0.06562      0.03691
  4.78      0.09527      0.06575      0.02539
  4.80      0.07767      0.06590      0.01406
  4.82      0.06296      0.06605      0.00506
  4.84      0.05377      0.06622     -0.00444
  4.86      0.06587      0.06640     -0.01065
  4.88      0.04860      0.06658     -0.01504
  4.90      0.04754      0.06677     -0.01647
  4.92      0.04190      0.06697     -0.02232
  4.94      0.04759      0.06717     -0.02305
  4.96      0.03763      0.06738     -0.02309
  4.98      0.04594      0.06759     -0.02208
  5.00      0.04840      0.06780     -0.02184
  5.02      0.04798      0.06803     -0.01959
  5.04      0.04986      0.06825     -0.01851
  5.06      0.04998      0.06848     -0.01867
  5.08      0.05248      0.06871     -0.01714
  5.10      0.04875      0.06894     -0.01815
  5.12      0.05676      0.06918     -0.01708
  5.14      0.04600      0.06941     -0.01728
  5.16      0.05649      0.06965     -0.01473
  5.18      0.05268      0.06989     -0.01357
  5.20      0.06267      0.07013     -0.01201
  5.22      0.06377      0.07037     -0.01036
  5.24      0.05500      0.07060     -0.00538
  5.26      0.06594      0.07083     -0.00372
  5.28      0.07872      0.07106     -0.00304
  5.30      0.07211      0.07127      0.00024
  5.32      0.06830      0.07148      0.00091
  5.34      0.07250      0.07169     -0.00181
  5.36      0.07034      0.07188     -0.00202
  5.38      0.06613      0.07207     -0.00230
  5.40      0.07207      0.07226     -0.00394
  5.42      0.06785      0.07244     -0.00389
  5.44      0.06518      0.07261     -0.00185
  5.46      0.07150      0.07277     -0.00023
  5.48      0.07717      0.07293      0.00018
  5.50      0.08103      0.07309      0.00263
  5.52      0.07070      0.07324      0.00417
  5.54      0.07820      0.07339      0.00449
  5.56      0.07993      0.07353      0.00516
  5.58      0.07952      0.07367      0.00540
  5.60      0.08508      0.07380      0.00509
  5.62      0.07262      0.07392      0.00456
  5.64      0.07730      0.07404      0.00424
  5.66      0.07788      0.07416      0.00247
  5.68      0.07856      0.07427      0.00436
  5.70      0.07677      0.07438      0.00322
  5.72      0.08267      0.07448      0.00144
  5.74      0.07210      0.07458     -0.00222
  5.76      0.06951      0.07467     -0.00486
  5.78      0.06075      0.07476     -0.00796
  5.80      0.06406      0.07485     -0.00964
  5.82      0.06763      0.07494     -0.01074
  5.84      0.06413      0.07503     -0.00988
  5.86      0.06444      0.07512     -0.00908
  5.88      0.06549      0.07521     -0.01018
  5.90      0.06849      0.07530     -0.00968
  5.92      0.06257      0.07538     -0.00973
  5.94      0.06709      0.07547     -0.00976
  5.96      0.06464      0.07556     -0.00808
  5.98      0.06578      0.07564     -0.00630
  6.00      0.07730      0.07572     -0.00678
  6.02      0.07186      0.07580     -0.00676
  6.04      0.06510      0.07588     -0.00816
  6.06      0.06517      0.07595     -0.01197
  6.08      0.05913      0.07602     -0.01356
  6.10      0.05865      0.07609     -0.01458
  6.12      0.06425      0.07616     -0.01482
  6.14      0.06035      0.07622     -0.01482
  6.16      0.06431      0.07629     -0.01516
  6.18      0.05948      0.07635     -0.01590
  6.20      0.05723      0.07641     -0.01949
  6.22      0.06086      0.07646     -0.02539
  6.24      0.04272      0.07652     -0.02896
  6.26      0.03509      0.07658     -0.03278
  6.28      0.04192      0.07665     -0.03556
  6.30      0.03841      0.07672     -0.03549
  6.32      0.04732      0.07680     -0.03545
  6.34      0.04342      0.07689     -0.03567
  6.36      0.03567      0.07698     -0.03394
  6.38      0.04128      0.07708     -0.03411
  6.40      0.04752      0.07720     -0.03227
  6.42      0.04695      0.07732     -0.02907
  6.44      0.05322      0.07744     -0.02521
  6.46      0.05226      0.07758     -0.02165
  6.48      0.06123      0.07772     -0.01471
  6.50      0.06597      0.07787     -0.00751
  6.52      0.08237      0.07803      0.00066
  6.54      0.08999      0.07819      0.00910
  6.56      0.09391      0.07835      0.01635
  6.58      0.10419      0.07851      0.02251
  6.60      0.10305      0.07867      0.02633
  6.62      0.11399      0.07884      0.03194
  6.64      0.10987      0.07900      0.03358
  6.66      0.12280      0.07916      0.03624
  6.68      0.11318      0.07933      0.03735
  6.70      0.11720      0.07949      0.03592
  6.72      0.12033      0.07965      0.03529
  6.74      0.10352      0.07980      0.03420
  6.76      0.12046      0.07996      0.03005
  6.78      0.10851      0.08011      0.02834
  6.80      0.09723      0.08026      0.02928
  6.82      0.11254      0.08042      0.02513
  6.84      0.10899      0.08056      0.02494
  6.86      0.10044      0.08070      0.02443
  6.88      0.10830      0.08084      0.02192
  6.90      0.09542      0.08097      0.01981
  6.92      0.10064      0.08111      0.02106
  6.94      0.09913      0.08123      0.02069
  6.96      0.10736      0.08135      0.02333
  6.98      0.10706      0.08147      0.02853
  7.00      0.10924      0.08158      0.03531
  7.02      0.12722      0.08169      0.03740
  7.04      0.13358      0.08179      0.03896
  7.06      0.11835      0.08188      0.04045
  7.08      0.11536      0.08196      0.03849
  7.10      0.11711      0.08203      0.03593
  7.12      0.11784      0.08210      0.03685
  7.14      0.12115      0.08217      0.03553
  7.16      0.12333      0.08222      0.03136
  7.18      0.10908      0.08227      0.02491
  7.20      0.09650      0.08231      0.01876
  7.22      0.08584      0.08236      0.00737
  7.24      0.09065      0.08240      0.00083
  7.26      0.06653      0.08244     -0.00495
  7.28      0.07660      0.08248     -0.00665
  7.30      0.06780      0.08252     -0.01189
  7.32      0.07758      0.08257     -0.01305
  7.34      0.06466      0.08262     -0.01623
  7.36      0.06096      0.08268     -0.01632
  7.38      0.06094      0.08274     -0.01882
  7.40      0.06764      0.08280     -0.02003
  7.42      0.06538      0.08286     -0.02010
  7.44      0.05893      0.08292     -0.01960
  7.46      0.06092      0.08299     -0.01953
  7.48      0.06378      0.08307     -0.02011
  7.50      0.06834      0.08314     -0.01725
  7.52      0.06280      0.08322     -0.01571
  7.54      0.07364      0.08330     -0.01217
  7.56      0.06898      0.08338     -0.01240
  7.58      0.08187      0.08347     -0.01200
  7.60      0.06762      0.08355     -0.01212
  7.62      0.06524      0.08364     -0.01280
  7.64      0.07345      0.08374     -0.01496
  7.66      0.06601      0.08384     -0.01418
  7.68      0.07157      0.08394     -0.01369
  7.70      0.07205      0.08405     -0.01418
  7.72      0.06817      0.08416     -0.01373
  7.74      0.07154      0.08428     -0.01480
  7.76      0.06880      0.08439     -0.01436
  7.78      0.06683      0.08452     -0.01336
  7.80      0.07482      0.08464     -0.01143
  7.82      0.07381      0.08477     -0.00862
  7.84      0.08181      0.08489     -0.00620
  7.86      0.08348      0.08502     -0.00618
  7.88      0.07956      0.08514     -0.00387
  7.90      0.07551      0.08526     -0.00271
  7.92      0.08597      0.08538     -0.00376
  7.94      0.08823      0.08550     -0.00362
  7.96      0.07885      0.08562     -0.00078
  7.98      0.08084      0.08573     -0.00143
  8.00      0.09032      0.08585     -0.00202
  8.02      0.08327      0.08595     -0.00116
  8.04      0.08586      0.08606     -0.00150
  8.06      0.08368      0.08616     -0.00170
  8.08      0.07968      0.08626     -0.00198
  8.10      0.08983      0.08636     -0.00175
  8.12      0.08235      0.08645     -0.00316
  8.14      0.08749      0.08654     -0.00466
  8.16      0.07709      0.08662     -0.00735
  8.18      0.07264      0.08670     -0.00861
  8.20      0.07679      0.08678     -0.01045
  8.22      0.07641      0.08685     -0.01057
  8.24      0.07868      0.08692     -0.01044
  8.26      0.07689      0.08699     -0.01088
  8.28      0.07364      0.08705     -0.01196
  8.30      0.07492      0.08711     -0.01384
  8.32      0.07131      0.08716     -0.01471
  8.34      0.06956      0.08721     -0.01473
  8.36      0.07283      0.08726     -0.01602
  8.38      0.07380      0.08730     -0.01785
  8.40      0.06869      0.08734     -0.01688
  8.42      0.06236      0.08738     -0.01622
  8.44      0.07465      0.08742     -0.01575
  8.46      0.07631      0.08745     -0.01315
  8.48      0.07635      0.08748     -0.00967
  8.50      0.08183      0.08751     -0.00803
  8.52      0.07994      0.08754     -0.00675
  8.54      0.08297      0.08756     -0.00566
  8.56      0.08284      0.08758     -0.00442
  8.58      0.08189      0.08761     -0.00481
  8.60      0.08816      0.08764     -0.00560
  8.62      0.07812      0.08767     -0.00610
  8.64      0.07918      0.08770     -0.00608
  8.66      0.08052      0.08774     -0.00789
  8.68      0.08213      0.08779     -0.00538
  8.70      0.07934      0.08784     -0.00262
  8.72      0.09088      0.08789     -0.00323
  8.74      0.09319      0.08795     -0.00098
  8.76      0.07777      0.08801      0.00148
  8.78      0.09366      0.08808      0.00415
  8.80      0.09195      0.08815      0.00537
  8.82      0.10457      0.08822      0.00931
  8.84      0.09964      0.08829      0.01233
  8.86      0.09780      0.08837      0.01423
  8.88      0.10915      0.08844      0.01597
  8.90      0.10179      0.08852      0.01661
  8.92      0.11367      0.08860      0.02076
  8.94      0.10320      0.08867      0.02357
  8.96      0.11895      0.08875      0.02795
  8.98      0.12358      0.08882      0.03034
  9.00      0.12409      0.08890      0.03368
  9.02      0.12600      0.08897      0.03144
  9.04      0.12028      0.08904      0.03051
  9.06      0.10810      0.08911      0.03080
  9.08      0.11926      0.08918      0.02925
  9.10      0.12587      0.08926      0.02831
  9.12      0.11862      0.08933      0.02939
  9.14      0.11600      0.08941      0.02879
  9.16      0.11385      0.08949      0.02525
  9.18      0.11662      0.08957      0.02522
  9.20      0.10857      0.08965      0.02384
  9.22      0.11890      0.08973      0.02314
  9.24      0.10950      0.08982      0.02199
  9.26      0.11079      0.08990      0.02104
  9.28      0.11126      0.08998      0.01703
  9.30      0.10423      0.09005      0.01527
  9.32      0.09923      0.09013      0.01122
  9.34      0.10109      0.09020      0.00612
  9.36      0.09091      0.09027      0.00449
  9.38      0.08611      0.09034      0.00069
  9.40      0.09647      0.09041     -0.00308
  9.42      0.08056      0.09048     -0.00237
  9.44      0.08260      0.09054     -0.00311
  9.46      0.09476      0.09061     -0.00571
  9.48      0.08275      0.09068     -0.00629
  9.50      0.08382      0.09074     -0.00534
  9.52      0.07799      0.09081     -0.00610
  9.54      0.08767      0.09087     -0.00413
  9.56      0.09131      0.09093     -0.00329
  9.58      0.09292      0.09099      0.00114
  9.60      0.08833      0.09105      0.00355
  9.62      0.10041      0.09111      0.00604
  9.64      0.10000      0.09116      0.00819
  9.66      0.10405      0.09121      0.01171
  9.68      0.10397      0.09125      0.01162
  9.70      0.10614      0.09129      0.01130
  9.72      0.10018      0.09132      0.01121
  9.74      0.09859      0.09135      0.01051
  9.76      0.10378      0.09137      0.00818
  9.78      0.10060      0.09139      0.00515
  9.80      0.09461      0.09140      0.00442
  9.82      0.08510      0.09141     -0.00038
  9.84      0.09501      0.09142     -0.00313
  9.86      0.07985      0.09142     -0.00511
  9.88      0.08688      0.09143     -0.00710
  9.90      0.08476      0.09143     -0.00967
  9.92      0.07516      0.09143     -0.00942
  9.94      0.08219      0.09144     -0.01076
  9.96      0.08109      0.09144     -0.01445
  9.98      0.08020      0.09144     -0.01396
 10.00      0.06633      0.09145     -0.01756
 10.02      0.07760      0.09145     -0.01939
 10.04      0.06421      0.09146     -0.02118
 10.06      0.07196      0.09148     -0.02275
 10.08      0.07129      0.09149     -0.02444
 10.10      0.05857      0.09151     -0.02423
 10.12      0.06924      0.09153     -0.02691
 10.14      0.06531      0.09155     -0.02970
 10.16      0.05867      0.09158     -0.02841
 10.18      0.05747      0.09161     -0.03105
 10.20      0.06514      0.09165     -0.03169
 10.22      0.05621      0.09169     -0.03003
 10.24      0.06231      0.09173     -0.02940
 10.26      0.06716      0.09178     -0.02935
 10.28      0.06086      0.09183     -0.02772
 10.30      0.06563      0.09188     -0.02658
 10.32      0.06458      0.09194     -0.02653
 10.34      0.06831      0.09199     -0.02549
 10.36      0.06766      0.09205     -0.02540
 10.38      0.06634      0.09211     -0.02355
 10.40      0.06640      0.09217     -0.02307
 10.42      0.07411      0.09223     -0.02244
 10.44      0.07101      0.09229     -0.02091
 10.46      0.07111      0.09236     -0.01980
 10.48      0.07431      0.09242     -0.01970
 10.50      0.07223      0.09248     -0.01812
 10.52      0.07495      0.09255     -0.01606
 10.54      0.07920      0.09261     -0.01254
 10.56      0.08175      0.09268     -0.00801
 10.58      0.09223      0.09274     -0.00427
 10.60      0.09521      0.09281     -0.00260
 10.62      0.09399      0.09287      0.00070
 10.64      0.08788      0.09293      0.00239
 10.66      0.09853      0.09298      0.00378
 10.68      0.10099      0.09304      0.00460
 10.70      0.10243      0.09309      0.00735
 10.72      0.09836      0.09314      0.00559
 10.74      0.10187      0.09318      0.00578
 10.76      0.08997      0.09322      0.00585
 10.78      0.10218      0.09327      0.00695
 10.80      0.10297      0.09331      0.00778
 10.82      0.10409      0.09334      0.00995
 10.84      0.10623      0.09338      0.01343
 10.86      0.10098      0.09342      0.01477
 10.88      0.11981      0.09345      0.01582
 10.90      0.10981      0.09348      0.01706
 10.92      0.10952      0.09351      0.02161
 10.94      0.11260      0.09354      0.01979
 10.96      0.12386      0.09357      0.02196
 10.98      0.11084      0.09359      0.02565
 11.00      0.12083      0.09362      0.02712
 11.02      0.12809      0.09364      0.02748
 11.04      0.12010      0.09366      0.03156
 11.06      0.12577      0.09369      0.03402
 11.08      0.13135      0.09371      0.03284
 11.10      0.13322      0.09372      0.03403
 11.12      0.12231      0.09374      0.03628
 11.14      0.12610      0.09375      0.03730
 11.16      0.13712      0.09376      0.03620
 11.18      0.13649      0.09377      0.03749
 11.20      0.12782      0.09378      0.03599
 11.22      0.12878      0.09378      0.03263
 11.24      0.11863      0.09378      0.02878
 11.26      0.12036      0.09379      0.02619
 11.28      0.11722      0.09379      0.02290
 11.30      0.11489      0.09379      0.02234
 11.32      0.11233      0.09380      0.02033
 11.34      0.11588      0.09380      0.01809
 11.36      0.11032      0.09381      0.01659
 11.38      0.10605      0.09381      0.01644
 11.40      0.10740      0.09382      0.01414
 11.42      0.11162      0.09382      0.01070
 11.44      0.10441      0.09382      0.00975
 11.46      0.09311      0.09382      0.00880
 11.48      0.10134      0.09382      0.00543
 11.50      0.10261      0.09383      0.00281
 11.52      0.09480      0.09383      0.00185
 11.54      0.09133      0.09383      0.00026
 11.56      0.08834      0.09383     -0.00311
 11.58      0.09341      0.09384     -0.00435
 11.60      0.08576      0.09384     -0.00558
 11.62      0.08861      0.09384     -0.00567
 11.64      0.08517      0.09385     -0.00607
 11.66      0.08791      0.09386     -0.00402
 11.68      0.09146      0.09386     -0.00515
 11.70      0.09602      0.09387     -0.00595
 11.72      0.08301      0.09388     -0.00703
 11.74      0.08123      0.09389     -0.01108
 11.76      0.08253      0.09391     -0.01262
 11.78      0.07130      0.09392     -0.01307
 11.80      0.08838      0.09394     -0.01386
 11.82      0.08082      0.09395     -0.01414
 11.84      0.07735      0.09397     -0.01192
 11.86      0.08122      0.09399     -0.01318
 11.88      0.08250      0.09400     -0.01441
 11.90      0.08215      0.09402     -0.01322
 11.92      0.07474      0.09403     -0.01372
 11.94      0.08338      0.09405     -0.01436
 11.96      0.07877      0.09406     -0.01370
 11.98      0.07938      0.09407     -0.01182
 12.00      0.08552      0.09409     -0.01138
 12.02      0.08425      0.09410     -0.01079
 12.04      0.08562      0.09411     -0.01025
 12.06      0.08178      0.09411     -0.01241
 12.08      0.08213      0.09411     -0.01273
 12.10      0.07472      0.09411     -0.01221
 12.12      0.08265      0.09411     -0.01299
 12.14      0.08825      0.09411     -0.01300
 12.16      0.07785      0.09410     -0.01236
 12.18      0.08209      0.09409     -0.01163
 12.20      0.07787      0.09408     -0.01344
 12.22      0.08624      0.09407     -0.01247
 12.24      0.07917      0.09405     -0.01258
 12.26      0.08263      0.09403     -0.01427
 12.28      0.08145      0.09401     -0.01554
 12.30      0.06932      0.09399     -0.01634
 12.32      0.07980      0.09397     -0.01648
 12.34      0.07507      0.09394     -0.01856
 12.36      0.08177      0.09392     -0.01755
 12.38      0.07093      0.09389     -0.01794
 12.40      0.07426      0.09386     -0.01830
 12.42      0.07770      0.09384     -0.01735
 12.44      0.07315      0.09381     -0.01581
 12.46      0.08639      0.09379     -0.01528
 12.48      0.07852      0.09376     -0.01561
 12.50      0.07679      0.09374     -0.01426
 12.52      0.07589      0.09372     -0.01580
 12.54      0.07980      0.09369     -0.01582
 12.56      0.07858      0.09367     -0.01441
 12.58      0.07831      0.09365     -0.01233
 12.60      0.08372      0.09363     -0.01184
 12.62      0.08622      0.09361     -0.01143
 12.64      0.08214      0.09360     -0.00982
 12.66      0.08055      0.09358     -0.00963
 12.68      0.08627      0.09357     -0.00921
 12.70      0.08458      0.09356     -0.00858
 12.72      0.08828      0.09355     -0.00688
 12.74      0.08523      0.09355     -0.00581
 12.76      0.08901      0.09354     -0.00195
 12.78      0.09156      0.09354     -0.00100
 12.80      0.10389      0.09354      0.00160
 12.82      0.09300      0.09353      0.00273
 12.84      0.09822      0.09353      0.00382
 12.86      0.09466      0.09353      0.00327
 12.88      0.09700      0.09353      0.00526
 12.90      0.10113      0.09354      0.00529
 12.92      0.10295      0.09354      0.00776
 12.94      0.09839      0.09355      0.00860
 12.96      0.10705      0.09356      0.01079
 12.98      0.10123      0.09356      0.01340
 13.00      0.11209      0.09357      0.01553
 13.02      0.11605      0.09358      0.01665
 13.04      0.10912      0.09359      0.02058
 13.06      0.11270      0.09360      0.02042
 13.08      0.12092      0.09361      0.02115
 13.10      0.11134      0.09362      0.02287
 13.12      0.11974      0.09363      0.02392
 13.14      0.11775      0.09364      0.02409
 13.16      0.11801      0.09364      0.02708
 13.18      0.12178      0.09364      0.02757
 13.20      0.12633      0.09365      0.02873
 13.22      0.12221      0.09365      0.03113
 13.24      0.12358      0.09365      0.03285
 13.26      0.13000      0.09364      0.03463
 13.28      0.13036      0.09363      0.03632
 13.30      0.13519      0.09362      0.03674
 13.32      0.13063      0.09360      0.03615
 13.34      0.12563      0.09358      0.03217
 13.36      0.12694      0.09355      0.03022
 13.38      0.11035      0.09352      0.02882
 13.40      0.12531      0.09349      0.02723
 13.42      0.12350      0.09346      0.02314
 13.44      0.11749      0.09342      0.02511
 13.46      0.10635      0.09338      0.02367
 13.48      0.12000      0.09333      0.02069
 13.50      0.11790      0.09329      0.01755
 13.52      0.10838      0.09324      0.01749
 13.54      0.10157      0.09319      0.01397
 13.56      0.10579      0.09314      0.00978
 13.58      0.10215      0.09309      0.00766
 13.60      0.09671      0.09304      0.00554
 13.62      0.09753      0.09299      0.00243
 13.64      0.09073      0.09294      0.00063
 13.66      0.09001      0.09289     -0.00089
 13.68      0.09289      0.09284     -0.00347
 13.70      0.08882      0.09279     -0.00630
 13.72      0.08440      0.09275     -0.00805
 13.74      0.07635      0.09270     -0.01243
 13.76      0.08103      0.09266     -0.01521
 13.78      0.07074      0.09262     -0.01798
 13.80      0.07476      0.09259     -0.01921
 13.82      0.07036      0.09256     -0.02130
 13.84      0.07001      0.09253     -0.02149
 13.86      0.07042      0.09250     -0.02188
 13.88      0.06964      0.09248     -0.02248
 13.90      0.07267      0.09246     -0.02271
 13.92      0.06722      0.09243     -0.02242
 13.94      0.06875      0.09242     -0.02142
 13.96      0.07176      0.09240     -0.02163
 13.98      0.07457      0.09238     -0.01989
 14.00      0.07153      0.09236     -0.02007
 14.02      0.07585      0.09235     -0.01995
 14.04      0.06777      0.09233     -0.02085
 14.06      0.07225      0.09232     -0.02165
 14.08      0.07000      0.09230     -0.02179
 14.10      0.06745      0.09229     -0.02133
 14.12      0.07507      0.09227     -0.02001
 14.14      0.07002      0.09226     -0.01989
 14.16      0.07877      0.09224     -0.01770
 14.18      0.07052      0.09223     -0.01618
 14.20      0.07831      0.09221     -0.01553
 14.22      0.08259      0.09219     -0.01624
 14.24      0.07321      0.09217     -0.01468
 14.26      0.07508      0.09214     -0.01615
 14.28      0.07824      0.09212     -0.01679
 14.30      0.07086      0.09210     -0.01529
 14.32      0.07927      0.09207     -0.01554
 14.34      0.08056      0.09205     -0.01499
 14.36      0.07372      0.09202     -0.01214
 14.38      0.08090      0.09200     -0.00997
 14.40      0.08497      0.09197     -0.00743
 14.42      0.08997      0.09195     -0.00392
 14.44      0.09318      0.09192     -0.00212
 14.46      0.09113      0.09189     -0.00152
 14.48      0.08975      0.09185     -0.00043
 14.50      0.08782      0.09182     -0.00076
 14.52      0.09523      0.09178     -0.00265
 14.54      0.09133      0.09174     -0.00250
 14.56      0.08153      0.09170     -0.00243
 14.58      0.09033      0.09167     -0.00440
 14.60      0.08794      0.09163     -0.00291
 14.62      0.08518      0.09159     -0.00150
 14.64      0.09860      0.09155     -0.00079
 14.66      0.08839      0.09151     -0.00080
 14.68      0.09368      0.09146      0.00227
 14.70      0.08768      0.09142      0.00079
 14.72      0.10031      0.09138      0.00117
 14.74      0.09101      0.09134      0.00098
 14.76      0.09007      0.09129      0.00378
 14.78      0.09252      0.09125      0.00411
 14.80      0.10143      0.09120      0.00633
 14.82      0.10178      0.09116      0.00815
 14.84      0.10186      0.09111      0.01042
 14.86      0.09895      0.09107      0.01014
 14.88      0.10365      0.09102      0.01047
 14.90      0.09980      0.09097      0.01252
 14.92      0.10320      0.09092      0.01353
 14.94      0.11184      0.09087      0.01370
 14.96      0.10377      0.09081      0.01582
 14.98      0.10421      0.09076      0.01548
 15.00      0.11017      0.09070      0.01373
 15.02      0.10121      0.09065      0.01204
 15.04      0.10282      0.09059      0.01198
 15.06      0.09502      0.09054      0.00951
 15.08      0.10365      0.09048      0.00861
 15.10      0.09756      0.09043      0.00716
 15.12      0.09643      0.09038      0.00762
 15.14      0.09530      0.09032      0.00559
 15.16      0.09703      0.09027      0.00459
 15.18      0.09325      0.09022      0.00444
 15.20      0.09233      0.09017      0.00386
 15.22      0.09543      0.09012      0.00369
 15.24      0.09213      0.09008      0.00496
 15.26      0.09594      0.09003      0.00590
 15.28      0.09938      0.08999      0.00620
 15.30      0.09678      0.08995      0.00730
 15.32      0.09671      0.08991      0.00871
 15.34      0.09745      0.08987      0.00894
 15.36      0.10277      0.08984      0.00942
 15.38      0.10034      0.08980      0.00960
 15.40      0.09904      0.08977      0.01136
 15.42      0.09742      0.08973      0.01178
 15.44      0.10605      0.08970      0.01275
 15.46      0.10470      0.08967      0.01444
 15.48      0.10505      0.08963      0.01565
 15.50      0.10729      0.08960      0.01439
 15.52      0.10331      0.08956      0.01555
 15.54      0.09958      0.08953      0.01622
 15.56      0.11032      0.08949      0.01777
 15.58      0.10821      0.08945      0.01790
 15.60      0.11489      0.08941      0.01858
 15.62      0.10373      0.08936      0.01767
 15.64      0.10280      0.08931      0.01731
 15.66      0.10554      0.08926      0.01462
 15.68      0.10616      0.08921      0.01626
 15.70      0.10119      0.08915      0.01563
 15.72      0.11166      0.08909      0.01500
 15.74      0.09933      0.08903      0.01368
 15.76      0.10210      0.08896      0.01201
 15.78      0.09926      0.08889      0.00909
 15.80      0.09251      0.08881      0.00764
 15.82      0.09671      0.08874      0.00536
 15.84      0.09169      0.08866      0.00288
 15.86      0.09030      0.08857      0.00102
 15.88      0.08646      0.08849     -0.00360
 15.90      0.08282      0.08840     -0.00760
 15.92      0.07315      0.08831     -0.01161
 15.94      0.07127      0.08821     -0.01412
 15.96      0.06978      0.08812     -0.01629
 15.98      0.07347      0.08803     -0.01640
 16.00      0.07150      0.08795     -0.01718
 16.02      0.07216      0.08786     -0.01917
 16.04      0.06691      0.08777     -0.02134
 16.06      0.05941      0.08768     -0.02484
 16.08      0.06217      0.08760     -0.02700
 16.10      0.05356      0.08751     -0.02917
 16.12      0.06094      0.08743     -0.02895
 16.14      0.05564      0.08736     -0.02935
 16.16      0.06011      0.08729     -0.02904
 16.18      0.05981      0.08722     -0.03043
 16.20      0.05472      0.08715     -0.03011
 16.22      0.05362      0.08709     -0.02913
 16.24      0.05693      0.08703     -0.02837
 16.26      0.06471      0.08698     -0.02585
 16.28      0.06330      0.08693     -0.02275
 16.30      0.06707      0.08688     -0.01955
 16.32      0.06889      0.08683     -0.01724
 16.34      0.07265      0.08678     -0.01508
 16.36      0.07605      0.08674     -0.01287
 16.38      0.07382      0.08669     -0.01105
 16.40      0.07791      0.08665     -0.00960
 16.42      0.07777      0.08660     -0.00761
 16.44      0.07966      0.08656     -0.00555
 16.46      0.08578      0.08652     -0.00363
 16.48      0.08390      0.08648     -0.00170
 16.50      0.08734      0.08643      0.00191
 16.52      0.08722      0.08639      0.00266
 16.54      0.09750      0.08635      0.00440
 16.56      0.08930      0.08630      0.00579
 16.58      0.09236      0.08625      0.00647
 16.60      0.09409      0.08620      0.00558
 16.62      0.09035      0.08615      0.00651
 16.64      0.09281      0.08609      0.00582
 16.66      0.09369      0.08603      0.00635
 16.68      0.08863      0.08597      0.00786
 16.70      0.09647      0.08591      0.00800
 16.72      0.09757      0.08585      0.00786
 16.74      0.09320      0.08579      0.00858
 16.76      0.09270      0.08572      0.00898
 16.78      0.09187      0.08565      0.00876
 16.80      0.09815      0.08558      0.01000
 16.82      0.09611      0.08550      0.00992
 16.84      0.09902      0.08542      0.01051
 16.86      0.09192      0.08535      0.01054
 16.88      0.09447      0.08527      0.01009
 16.90      0.09792      0.08518      0.01004
 16.92      0.09343      0.08510      0.01167
 16.94      0.09835      0.08501      0.01316
 16.96      0.09965      0.08493      0.01144
 16.98      0.10150      0.08484      0.01268
 17.00      0.08888      0.08475      0.01328
 17.02      0.09921      0.08466      0.01218
 17.04      0.10092      0.08457      0.01182
 17.06      0.09371      0.08448      0.01252
 17.08      0.09922      0.08438      0.01069
 17.10      0.09191      0.08429      0.00807
 17.12      0.08959      0.08419      0.00572
 17.14      0.08736      0.08410      0.00201
 17.16      0.08146      0.08400     -0.00083
 17.18      0.08018      0.08391     -0.00198
 17.20      0.07725      0.08381     -0.00349
 17.22      0.08336      0.08372     -0.00297
 17.24      0.07937      0.08364     -0.00386
 17.26      0.08362      0.08355     -0.00296
 17.28      0.07527      0.08346     -0.00240
 17.30      0.08131      0.08338     -0.00153
 17.32      0.08573      0.08330     -0.00048
 17.34      0.08330      0.08321      0.00125
 17.36      0.08849      0.08313      0.00222
 17.38      0.08350      0.08305      0.00130
 17.40      0.08576      0.08297      0.00102
 17.42      0.08072      0.08290      0.00130
 17.44      0.08153      0.08282      0.00196
 17.46      0.08948      0.08274      0.00285
 17.48      0.08639      0.08266      0.00424
 17.50      0.08982      0.08259      0.00502
 17.52      0.08731      0.08251      0.00549
 17.54      0.08503      0.08243      0.00568
 17.56      0.09146      0.08236      0.00364
 17.58      0.08695      0.08228      0.00343
 17.60      0.07923      0.08220      0.00444
 17.62      0.08583      0.08212      0.00301
 17.64      0.08971      0.08205      0.00221
 17.66      0.08396      0.08197      0.00336
 17.68      0.08257      0.08190      0.00535
 17.70      0.08459      0.08183      0.00467
 17.72      0.09541      0.08176      0.00486
 17.74      0.08598      0.08168      0.00534
 17.76      0.08454      0.08161      0.00572
 17.78      0.08462      0.08154      0.00458
 17.80      0.08612      0.08147      0.00357
 17.82      0.08936      0.08139      0.00273
 17.84      0.08055      0.08132      0.00201
 17.86      0.07999      0.08125      0.00002
 17.88      0.08064      0.08118     -0.00216
 17.90      0.07581      0.08111     -0.00223
 17.92      0.07807      0.08104     -0.00238
 17.94      0.07987      0.08096     -0.00272
 17.96      0.07890      0.08089     -0.00295
 17.98      0.07854      0.08082     -0.00297
 18.00      0.07431      0.08074     -0.00420
 18.02      0.07760      0.08067     -0.00576
 18.04      0.07337      0.08059     -0.00617
 18.06      0.07073      0.08051     -0.00581
 18.08      0.07609      0.08044     -0.00604
 18.10      0.07570      0.08036     -0.00470
 18.12      0.07610      0.08027     -0.00217
 18.14      0.07967      0.08019     -0.00256
 18.16      0.08299      0.08010     -0.00180
 18.18      0.07369      0.08001     -0.00251
 18.20      0.07906      0.07992     -0.00313
 18.22      0.07210      0.07982     -0.00526
 18.24      0.07609      0.07972     -0.00390
 18.26      0.07188      0.07962     -0.00494
 18.28      0.07996      0.07952     -0.00481
 18.30      0.07334      0.07941     -0.00498
 18.32      0.07224      0.07931     -0.00301
 18.34      0.07476      0.07920     -0.00370
 18.36      0.08116      0.07909     -0.00162
 18.38      0.07598      0.07898     -0.00023
 18.40      0.08320      0.07887      0.00107
 18.42      0.07865      0.07876     -0.00019
 18.44      0.08071      0.07864      0.00025
 18.46      0.07431      0.07852     -0.00033
 18.48      0.07756      0.07840     -0.00125
 18.50      0.07974      0.07828     -0.00227
 18.52      0.07343      0.07816     -0.00210
 18.54      0.07500      0.07804     -0.00310
 18.56      0.07460      0.07792     -0.00338
 18.58      0.07195      0.07781     -0.00280
 18.60      0.07773      0.07769     -0.00341
 18.62      0.07573      0.07757     -0.00347
 18.64      0.07140      0.07745     -0.00330
 18.66      0.07368      0.07734     -0.00346
 18.68      0.07225      0.07722     -0.00348
 18.70      0.07631      0.07711     -0.00308
 18.72      0.07507      0.07700     -0.00281
 18.74      0.07286      0.07688     -0.00273
 18.76      0.07444      0.07677     -0.00365
 18.78      0.07209      0.07666     -0.00357
 18.80      0.07118      0.07655     -0.00381
 18.82      0.07490      0.07645     -0.00462
 18.84      0.07110      0.07634     -0.00481
 18.86      0.06987      0.07624     -0.00500
 18.88      0.07061      0.07614     -0.00515
 18.90      0.06969      0.07604     -0.00414
 18.92      0.07367      0.07594     -0.00359
 18.94      0.07566      0.07585     -0.00157
 18.96      0.07216      0.07576     -0.00031
 18.98      0.08024      0.07567      0.00167
 19.00      0.07551      0.07558      0.00227
 19.02      0.08310      0.07550      0.00435
 19.04      0.07823      0.07541      0.00306
 19.06      0.08213      0.07533      0.00432
 19.08      0.07337      0.07524      0.00318
 19.10      0.08138      0.07516      0.00442
 19.12      0.07703      0.07508      0.00409
 19.14      0.08403      0.07500      0.00544
 19.16      0.08004      0.07492      0.00678
 19.18      0.07976      0.07484      0.00848
 19.20      0.08767      0.07476      0.00796
 19.22      0.08512      0.07468      0.00894
 19.24      0.08102      0.07459      0.00809
 19.26      0.08452      0.07450      0.00703
 19.28      0.07506      0.07441      0.00615
 19.30      0.08196      0.07431      0.00624
 19.32      0.08023      0.07422      0.00668
 19.34      0.08102      0.07412      0.00753
 19.36      0.08624      0.07403      0.00628
 19.38      0.07882      0.07393      0.00546
 19.40      0.07522      0.07382      0.00426
 19.42      0.07563      0.07372      0.00102
 19.44      0.07450      0.07362     -0.00088
 19.46      0.06957      0.07352     -0.00110
 19.48      0.06877      0.07341     -0.00221
 19.50      0.07360      0.07331     -0.00308
 19.52      0.06958      0.07321     -0.00261
 19.54      0.06963      0.07311     -0.00343
 19.56      0.07141      0.07301     -0.00342
 19.58      0.06419      0.07291     -0.00291
 19.60      0.07314      0.07281     -0.00178
 19.62      0.07159      0.07270     -0.00134
 19.64      0.07479      0.07260      0.00033
 19.66      0.07309      0.07250     -0.00027
 19.68      0.07204      0.07240     -0.00039
 19.70      0.06963      0.07229     -0.00132
 19.72      0.07050      0.07219     -0.00148
 19.74      0.06958      0.07208     -0.00159
 19.76      0.07180      0.07198     -0.00064
 19.78      0.07093      0.07187     -0.00050
 19.80      0.07386      0.07177      0.00058
 19.82      0.07071      0.07166      0.00146
 19.84      0.07444      0.07155      0.00186
 19.86      0.07567      0.07145      0.00201
 19.88      0.07236      0.07134      0.00242
 19.90      0.07412      0.07123      0.00039
 19.92      0.07218      0.07112      0.00118
 19.94      0.06374      0.07101      0.00119
 19.96      0.07912      0.07090      0.00131
 19.98      0.07183      0.07079      0.00084
 20.00      0.07417      0.07068      0.00375
 20.02      0.06927      0.07056      0.00142
 20.04      0.07776      0.07045      0.00125
 20.06      0.06689      0.07034      0.00056
 20.08      0.07042      0.07023     -0.00037
 20.10      0.07012      0.07011     -0.00112
 20.12      0.06408      0.07000      0.00010
 20.14      0.07347      0.06989     -0.00050
 20.16      0.07239      0.06978     -0.00170
 20.18      0.06688      0.06967     -0.00060
 20.20      0.06357      0.06956     -0.00170
 20.22      0.06903      0.06945     -0.00183
 20.24      0.06741      0.06934     -0.00009
 20.26      0.07118      0.06923      0.00190
 20.28      0.07504      0.06913      0.00279
 20.30      0.07303      0.06902      0.00242
 20.32      0.07289      0.06891      0.00217
 20.34      0.06504      0.06879      0.00076
 20.36      0.06938      0.06868     -0.00071
 20.38      0.06745      0.06857     -0.00241
 20.40      0.06512      0.06846     -0.00343
 20.42      0.06384      0.06835     -0.00484
 20.44      0.05937      0.06824     -0.00552
 20.46      0.06178      0.06814     -0.00568
 20.48      0.06353      0.06803     -0.00491
 20.50      0.06375      0.06792     -0.00404
 20.52      0.06717      0.06782     -0.00295
 20.54      0.06320      0.06771     -0.00315
 20.56      0.06672      0.06761     -0.00312
 20.58      0.06199      0.06750     -0.00404
 20.60      0.06336      0.06740     -0.00232
 20.62      0.06207      0.06729     -0.00355
 20.64      0.07122      0.06718     -0.00326
 20.66      0.06007      0.06708     -0.00259
 20.68      0.06291      0.06697     -0.00225
 20.70      0.06618      0.06686     -0.00400
 20.72      0.06320      0.06675     -0.00425
 20.74      0.06192      0.06664     -0.00342
 20.76      0.05827      0.06653     -0.00325
 20.78      0.06655      0.06642     -0.00321
 20.80      0.06646      0.06631     -0.00196
 20.82      0.06285      0.06620      0.00102
 20.84      0.06764      0.06609      0.00321
 20.86      0.07261      0.06598      0.00374
 20.88      0.07694      0.06586      0.00520
 20.90      0.06855      0.06575      0.00593
 20.92      0.06959      0.06563      0.00710
 20.94      0.07071      0.06551      0.00614
 20.96      0.07784      0.06539      0.00826
 20.98      0.07155      0.06526      0.01028
 21.00      0.07857      0.06514      0.01042
 21.02      0.07905      0.06501      0.00899
 21.04      0.07079      0.06488      0.00995
 21.06      0.07007      0.06475      0.00951
 21.08      0.07566      0.06462      0.00772
 21.10      0.07573      0.06448      0.00697
 21.12      0.06943      0.06435      0.00695
 21.14      0.06639      0.06421      0.00541
 21.16      0.06928      0.06407      0.00311
 21.18      0.06729      0.06393      0.00277
 21.20      0.06352      0.06380      0.00355
 21.22      0.06707      0.06366      0.00227
 21.24      0.06960      0.06352      0.00138
 21.26      0.06216      0.06339      0.00108
 21.28      0.06218      0.06325      0.00027
 21.30      0.06130      0.06312     -0.00081
 21.32      0.06234      0.06298     -0.00031
 21.34      0.06357      0.06285     -0.00067
 21.36      0.06399      0.06272     -0.00070
 21.38      0.05967      0.06258     -0.00102
 21.40      0.06052      0.06245     -0.00173
 21.42      0.06009      0.06232     -0.00287
 21.44      0.05935      0.06219     -0.00258
 21.46      0.05764      0.06207     -0.00224
 21.48      0.06047      0.06194     -0.00212
 21.50      0.06158      0.06181     -0.00244
 21.52      0.06004      0.06168     -0.00284
 21.54      0.05715      0.06156     -0.00455
 21.56      0.05496      0.06143     -0.00549
 21.58      0.05131      0.06130     -0.00713
 21.60      0.05623      0.06118     -0.00833
 21.62      0.05119      0.06105     -0.00896
 21.64      0.05056      0.06093     -0.00867
 21.66      0.05119      0.06081     -0.00954
 21.68      0.05213      0.06069     -0.00918
 21.70      0.05129      0.06057     -0.00913
 21.72      0.05236      0.06045     -0.00831
 21.74      0.05024      0.06034     -0.00831
 21.76      0.05470      0.06022     -0.00810
 21.78      0.05152      0.06011     -0.00785
 21.80      0.05179      0.06000     -0.00736
 21.82      0.05305      0.05989     -0.00695
 21.84      0.05215      0.05978     -0.00549
 21.86      0.05617      0.05967     -0.00418
 21.88      0.05829      0.05957     -0.00255
 21.90      0.05783      0.05946     -0.00033
 21.92      0.06064      0.05935     -0.00032
 21.94      0.06275      0.05925      0.00086
 21.96      0.05568      0.05914      0.00169
 21.98      0.06365      0.05903      0.00218
 22.00      0.06142      0.05892      0.00216
 22.02      0.06260      0.05882      0.00377
 22.04      0.06208      0.05871      0.00517
 22.06      0.06321      0.05860      0.00651
 22.08      0.07008      0.05849      0.00708
 22.10      0.06756      0.05837      0.00927
 22.12      0.06490      0.05826      0.01024
 22.14      0.07249      0.05814      0.01060
 22.16      0.06749      0.05802      0.01039
 22.18      0.07127      0.05790      0.00986
 22.20      0.06589      0.05778      0.00795
 22.22      0.06168      0.05765      0.00792
 22.24      0.06229      0.05752      0.00741
 22.26      0.06674      0.05740      0.00650
 22.28      0.06807      0.05727      0.00604
 22.30      0.06070      0.05713      0.00599
 22.32      0.05874      0.05700      0.00512
 22.34      0.06135      0.05687      0.00310
 22.36      0.06173      0.05674      0.00368
 22.38      0.05734      0.05660      0.00334
 22.40      0.06289      0.05647      0.00220
 22.42      0.05638      0.05633      0.00219
 22.44      0.05500      0.05619      0.00280
 22.46      0.06098      0.05605      0.00033
 22.48      0.05972      0.05591      0.00070
 22.50      0.04985      0.05577     -0.00053
 22.52      0.05753      0.05563     -0.00105
 22.54      0.04814      0.05549     -0.00246
 22.56      0.05768      0.05535     -0.00248
 22.58      0.05193      0.05521     -0.00381
 22.60      0.04904      0.05506     -0.00371
 22.62      0.05021      0.05492     -0.00496
 22.64      0.04792      0.05478     -0.00558
 22.66      0.05070      0.05464     -0.00498
 22.68      0.04813      0.05451     -0.00581
 22.70      0.05134      0.05437     -0.00520
 22.72      0.04542      0.05423     -0.00478
 22.74      0.05028      0.05410     -0.00526
 22.76      0.05212      0.05397     -0.00520
 22.78      0.04503      0.05383     -0.00413
 22.80      0.05098      0.05370     -0.00389
 22.82      0.05009      0.05357     -0.00472
 22.84      0.05085      0.05343     -0.00378
 22.86      0.04729      0.05330     -0.00273
 22.88      0.04906      0.05317     -0.00156
 22.90      0.05556      0.05304     -0.00088
 22.92      0.05528      0.05291      0.00112
 22.94      0.05360      0.05278      0.00309
 22.96      0.05665      0.05265      0.00277
 22.98      0.05825      0.05252      0.00191
 23.00      0.05332      0.05239      0.00214
 23.02      0.05033      0.05226      0.00162
 23.04      0.05406      0.05213      0.00041
 23.06      0.05345      0.05200     -0.00046
 23.08      0.05154      0.05187      0.00031
 23.10      0.04832      0.05174      0.00077
 23.12      0.05352      0.05162      0.00059
 23.14      0.05575      0.05149      0.00062
 23.16      0.05192      0.05136      0.00169
 23.18      0.05107      0.05124      0.00154
 23.20      0.05300      0.05111      0.00055
 23.22      0.05214      0.05098      0.00055
 23.24      0.05015      0.05085      0.00198
 23.26      0.05131      0.05072      0.00165
 23.28      0.05755      0.05060      0.00186
 23.30      0.05072      0.05046      0.00168
 23.32      0.05253      0.05033      0.00288
 23.34      0.04859      0.05020      0.00130
 23.36      0.05668      0.05007      0.00195
 23.38      0.04898      0.04993      0.00133
 23.40      0.05328      0.04980      0.00306
 23.42      0.04877      0.04966      0.00123
 23.44      0.05657      0.04953      0.00107
 23.46      0.04687      0.04939      0.00022
 23.48      0.04748      0.04925      0.00053
 23.50      0.04834      0.04911     -0.00052
 23.52      0.04965      0.04898      0.00017
 23.54      0.05063      0.04884      0.00099
 23.56      0.04963      0.04870      0.00176
 23.58      0.05091      0.04856      0.00142
 23.60      0.05149      0.04842     -0.00008
 23.62      0.04725      0.04828     -0.00086
 23.64      0.04244      0.04814     -0.00113
 23.66      0.04503      0.04800     -0.00218
 23.68      0.04886      0.04787     -0.00269
 23.70      0.04552      0.04772     -0.00179
 23.72      0.04404      0.04758     -0.00089
 23.74      0.04621      0.04744     -0.00145
 23.76      0.04884      0.04730      0.00048
 23.78      0.04534      0.04716      0.00118
 23.80      0.05449      0.04702      0.00138
 23.82      0.04681      0.04688      0.00112
 23.84      0.04654      0.04673      0.00088
 23.86      0.04679      0.04658     -0.00087
 23.88      0.04341      0.04643     -0.00229
 23.90      0.04503      0.04628     -0.00260
 23.92      0.03893      0.04613     -0.00194
 23.94      0.04425      0.04599     -0.00157
 23.96      0.04936      0.04584     -0.00199
 23.98      0.04451      0.04569      0.00029
 24.00      0.04219      0.04554     -0.00020
 24.02      0.04958      0.04539     -0.00103
 24.04      0.04107      0.04524     -0.00067
 24.06      0.04445      0.04509     -0.00041
 24.08      0.04556      0.04494     -0.00163
 24.10      0.04271      0.04479     -0.00032
 24.12      0.04274      0.04464      0.00087
 24.14      0.04691      0.04450      0.00164
 24.16      0.04962      0.04435      0.00278
 24.18      0.04871      0.04420      0.00393
 24.20      0.04766      0.04405      0.00391
 24.22      0.04778      0.04391      0.00285
 24.24      0.04605      0.04376      0.00146
 24.26      0.04360      0.04361      0.00063
 24.28      0.04103      0.04347     -0.00002
 24.30      0.04278      0.04332      0.00044
 24.32      0.04378      0.04318      0.00017
 24.34      0.04763      0.04303      0.00088
 24.36      0.04151      0.04289      0.00083
 24.38      0.04385      0.04274     -0.00014
 24.40      0.04181      0.04260     -0.00196
 24.42      0.03822      0.04246     -0.00270
 24.44      0.03781      0.04231     -0.00244
 24.46      0.03710      0.04217     -0.00201
 24.48      0.04442      0.04203     -0.00138
 24.50      0.04326      0.04189      0.00007
 24.52      0.04065      0.04175      0.00178
 24.54      0.04435      0.04160      0.00113
 24.56      0.04497      0.04146      0.00073
 24.58      0.04044      0.04132      0.00078
 24.60      0.04052      0.04117     -0.00001
 24.62      0.04019      0.04103      0.00037
 24.64      0.03967      0.04088      0.00260
 24.66      0.04615      0.04074      0.00389
 24.68      0.05086      0.04059      0.00465
 24.70      0.04628      0.04044      0.00501
 24.72      0.04320      0.04029      0.00457
 24.74      0.04076      0.04013      0.00370
 24.76      0.04320      0.03998      0.00181
 24.78      0.04574      0.03982      0.00074
 24.80      0.03603      0.03966      0.00063
 24.82      0.03710      0.03951     -0.00082
 24.84      0.03941      0.03935     -0.00216
 24.86      0.03516      0.03919     -0.00146
 24.88      0.03823      0.03903     -0.00121
 24.90      0.03875      0.03887     -0.00115
 24.92      0.03755      0.03871     -0.00027
 24.94      0.03893      0.03856      0.00031
 24.96      0.03878      0.03840      0.00070
 24.98      0.04033      0.03824      0.00028
 25.00      0.03991      0.03808     -0.00060
 25.02      0.03462      0.03792     -0.00039
 25.04      0.03372      0.03776     -0.00077
 25.06      0.03907      0.03760     -0.00135
 25.08      0.03760      0.03743     -0.00081
 25.10      0.03622      0.03727     -0.00017
 25.12      0.03651      0.03711     -0.00090
 25.14      0.03615      0.03695     -0.00104
 25.16      0.03459      0.03679     -0.00243
 25.18      0.03610      0.03663     -0.00341
 25.20      0.02845      0.03646     -0.00395
 25.22      0.03080      0.03630     -0.00455
 25.24      0.03265      0.03614     -0.00511
 25.26      0.03076      0.03598     -0.00375
 25.28      0.03250      0.03582     -0.00361
 25.30      0.03445      0.03566     -0.00323
 25.32      0.03070      0.03550     -0.00295
 25.34      0.03373      0.03534     -0.00257
 25.36      0.03135      0.03518     -0.00260
 25.38      0.03363      0.03502     -0.00184
 25.40      0.03349      0.03487     -0.00141
 25.42      0.03374      0.03471     -0.00012
 25.44      0.03506      0.03455      0.00030
 25.46      0.03704      0.03439      0.00155
 25.48      0.03494      0.03423      0.00212
 25.50      0.03894      0.03407      0.00312
 25.52      0.03578      0.03391      0.00314
 25.54      0.03924      0.03375      0.00438
 25.56      0.03633      0.03359      0.00455
 25.58      0.04038      0.03342      0.00551
 25.60      0.03894      0.03326      0.00544
 25.62      0.03979      0.03309      0.00638
 25.64      0.03804      0.03293      0.00640
 25.66      0.04020      0.03276      0.00646
 25.68      0.03964      0.03259      0.00641
 25.70      0.03843      0.03241      0.00653
 25.72      0.03868      0.03224      0.00544
 25.74      0.03778      0.03207      0.00449
 25.76      0.03388      0.03189      0.00351
 25.78      0.03401      0.03171      0.00247
 25.80      0.03264      0.03153      0.00108
 25.82      0.03257      0.03135     -0.00046
 25.84      0.02995      0.03117     -0.00181
 25.86      0.02529      0.03099     -0.00229
 25.88      0.02634      0.03081     -0.00369
 25.90      0.02936      0.03064     -0.00310
 25.92      0.02468      0.03046     -0.00257
 25.94      0.03199      0.03028     -0.00210
 25.96      0.02706      0.03010     -0.00251
 25.98      0.02780      0.02993     -0.00152
 26.00      0.02645      0.02975     -0.00201
 26.02      0.02872      0.02957     -0.00219
 26.04      0.02868      0.02940     -0.00189
 26.06      0.02526      0.02922     -0.00112
 26.08      0.02843      0.02904     -0.00140
 26.10      0.02942      0.02887     -0.00062
 26.12      0.02642      0.02869     -0.00036
 26.14      0.03170      0.02851      0.00034
 26.16      0.02566      0.02834      0.00022
 26.18      0.03109      0.02816      0.00097
 26.20      0.02790      0.02798     -0.00030
 26.22      0.02928      0.02781      0.00112
 26.24      0.02446      0.02763      0.00053
 26.26      0.03190      0.02745      0.00019
 26.28      0.02723      0.02728     -0.00031
 26.30      0.02537      0.02710      0.00079
 26.32      0.02590      0.02692      0.00002
 26.34      0.02906      0.02675      0.00060
 26.36      0.02717      0.02657      0.00148
 26.38      0.02924      0.02639      0.00273
 26.40      0.02885      0.02622      0.00235
 26.42      0.03127      0.02604      0.00197
 26.44      0.02632      0.02586      0.00123
 26.46      0.02434      0.02568      0.00113
 26.48      0.02467      0.02550      0.00034
 26.50      0.02743      0.02532      0.00054
 26.52      0.02645      0.02514      0.00029
 26.54      0.02638      0.02496      0.00108
 26.56      0.02221      0.02477      0.00091
 26.58      0.02769      0.02459      0.00031
 26.60      0.02571      0.02441      0.00013
 26.62      0.02251      0.02423      0.00126
 26.64      0.02461      0.02405      0.00030
 26.66      0.02695      0.02387      0.00100
 26.68      0.02200      0.02369      0.00162
 26.70      0.02827      0.02351      0.00168
 26.72      0.02473      0.02333      0.00140
 26.74      0.02400      0.02315      0.00122
 26.76      0.02464      0.02297      0.00086
 26.78      0.02020      0.02279      0.00073
 26.80      0.02556      0.02261      0.00070
 26.82      0.02318      0.02243      0.00027
 26.84      0.02296      0.02225      0.00081
 26.86      0.02159      0.02207      0.00010
 26.88      0.02202      0.02189     -0.00001
 26.90      0.02111      0.02171      0.00018
 26.92      0.02169      0.02153      0.00043
 26.94      0.02302      0.02135      0.00063
 26.96      0.02196      0.02117      0.00020
 26.98      0.02209      0.02098     -0.00044
 27.00      0.01805      0.02080     -0.00198
 27.02      0.01759      0.02062     -0.00226
 27.04      0.01445      0.02044     -0.00251
 27.06      0.01964      0.02026     -0.00234
 27.08      0.01993      0.02008     -0.00185
 27.10      0.01798      0.01990     -0.00109
 27.12      0.01916      0.01972     -0.00193
 27.14      0.01736      0.01954     -0.00269
 27.16      0.01453      0.01937     -0.00279
 27.18      0.01526      0.01919     -0.00339
 27.20      0.01658      0.01901     -0.00361
 27.22      0.01524      0.01883     -0.00315
 27.24      0.01538      0.01866     -0.00272
 27.26      0.01596      0.01848     -0.00267
 27.28      0.01653      0.01831     -0.00283
 27.30      0.01593      0.01813     -0.00255
 27.32      0.01356      0.01795     -0.00201
 27.34      0.01591      0.01778     -0.00184
 27.36      0.01781      0.01761     -0.00159
 27.38      0.01647      0.01743     -0.00140
 27.40      0.01631      0.01726     -0.00077
 27.42      0.01366      0.01709     -0.00070
 27.44      0.01820      0.01691     -0.00045
 27.46      0.01731      0.01674     -0.00032
 27.48      0.01685      0.01657      0.00031
 27.50      0.01611      0.01640      0.00024
 27.52      0.01595      0.01623     -0.00016
 27.54      0.01696      0.01606     -0.00015
 27.56      0.01447      0.01589      0.00013
 27.58      0.01606      0.01572      0.00052
 27.60      0.01663      0.01555      0.00058
 27.62      0.01706      0.01539      0.00083
 27.64      0.01647      0.01522      0.00086
 27.66      0.01485      0.01506      0.00029
 27.68      0.01542      0.01489     -0.00008
 27.70      0.01294      0.01473     -0.00043
 27.72      0.01438      0.01457     -0.00080
 27.74      0.01394      0.01441     -0.00120
 27.76      0.01219      0.01425     -0.00105
 27.78      0.01261      0.01409     -0.00084
 27.80      0.01289      0.01394     -0.00113
 27.82      0.01462      0.01378     -0.00052
 27.84      0.01172      0.01363     -0.00017
 27.86      0.01446      0.01347      0.00034
 27.88      0.01358      0.01332      0.00029
 27.90      0.01472      0.01317      0.00078
 27.92      0.01356      0.01301      0.00034
 27.94      0.01341      0.01286      0.00075
 27.96      0.01152      0.01271      0.00069
 27.98      0.01482      0.01255      0.00049
 28.00      0.01366      0.01240      0.00049
 28.02      0.01179      0.01225      0.00046
 28.04      0.01264      0.01210     -0.00020
 28.06      0.01062      0.01194     -0.00040
 28.08      0.01076      0.01179     -0.00040
 28.10      0.01190      0.01164     -0.00058
 28.12      0.01103      0.01149      0.00005
 28.14      0.01102      0.01134      0.00022
 28.16      0.01301      0.01119      0.00036
 28.18      0.01086      0.01104      0.00047
 28.20      0.01185      0.01090      0.00067
 28.22      0.01085      0.01075      0.00010
 28.24      0.01127      0.01060     -0.00030
 28.26      0.00941      0.01046     -0.00059
 28.28      0.00812      0.01031     -0.00037
 28.30      0.00968      0.01017     -0.00072
 28.32      0.01123      0.01002     -0.00044
 28.34      0.00881      0.00988     -0.00022
 28.36      0.01008      0.00974     -0.00005
 28.38      0.00851      0.00960     -0.00060
 28.40      0.00978      0.00946     -0.00075
 28.42      0.00779      0.00932     -0.00096
 28.44      0.00736      0.00918     -0.00085
 28.46      0.00835      0.00905     -0.00087
 28.48      0.00834      0.00891     -0.00105
 28.50      0.00904      0.00878     -0.00069
 28.52      0.00621      0.00864     -0.00076
 28.54      0.00847      0.00851     -0.00055
 28.56      0.00733      0.00838     -0.00023
 28.58      0.00874      0.00825     -0.00007
 28.60      0.01000      0.00812     -0.00006
 28.62      0.00633      0.00799      0.00012
 28.64      0.00787      0.00786      0.00007
 28.66      0.00759      0.00773     -0.00029
 28.68      0.00786      0.00761     -0.00017
 28.70      0.00758      0.00748     -0.00007
 28.72      0.00631      0.00736     -0.00001
 28.74      0.00771      0.00724     -0.00006
 28.76      0.00728      0.00711     -0.00045
 28.78      0.00700      0.00699     -0.00030
 28.80      0.00503      0.00687     -0.00075
 28.82      0.00643      0.00676     -0.00108
 28.84      0.00489      0.00664     -0.00175
 28.86      0.00502      0.00652     -0.00189
 28.88      0.00307      0.00641     -0.00236
 28.90      0.00376      0.00629     -0.00256
 28.92      0.00348      0.00618     -0.00278
 28.94      0.00334      0.00607     -0.00259
 28.96      0.00334      0.00596     -0.00273
 28.98      0.00347      0.00585     -0.00266
 29.00      0.00250      0.00575     -0.00264
 29.02      0.00333      0.00564     -0.00265
 29.04      0.00291      0.00554     -0.00254
 29.06      0.00277      0.00544     -0.00236
 29.08      0.00346      0.00534     -0.00243
 29.10      0.00291      0.00524     -0.00233
 29.12      0.00249      0.00514     -0.00234
 29.14      0.00290      0.00504     -0.00244
 29.16      0.00221      0.00494     -0.00249
 29.18      0.00248      0.00485     -0.00245
 29.20      0.00221      0.00476     -0.00244
 29.22      0.00221      0.00466     -0.00221
 29.24      0.00248      0.00457     -0.00198
 29.26      0.00289      0.00448     -0.00167
 29.28      0.00316      0.00439     -0.00125
 29.30      0.00330      0.00430     -0.00089
 29.32      0.00385      0.00421     -0.00070
 29.34      0.00384      0.00413     -0.00072
 29.36      0.00343      0.00404     -0.00047
 29.38      0.00260      0.00395     -0.00045
 29.40      0.00411      0.00387     -0.00047
 29.42      0.00356      0.00379     -0.00034
 29.44      0.00328      0.00370     -0.00007
 29.46      0.00369      0.00362     -0.00026
 29.48      0.00355      0.00354     -0.00029
 29.50      0.00273      0.00346     -0.00024
 29.52      0.00300      0.00338     -0.00033
 29.54      0.00314      0.00331     -0.00036
 29.56      0.00286      0.00323     -0.00048
 29.58      0.00300      0.00315     -0.00040
 29.60      0.00177      0.00308     -0.00044
 29.62      0.00299      0.00300     -0.00061
 29.64      0.00258      0.00293     -0.00079
 29.66      0.00163      0.00286     -0.00085
 29.68      0.00176      0.00279     -0.00095
 29.70      0.00108      0.00272     -0.00107
 29.72      0.00217      0.00265     -0.00087
 29.74      0.00163      0.00259     -0.00085
 29.76      0.00230      0.00252     -0.00065
 29.78      0.00149      0.00246     -0.00083
 29.80      0.00176      0.00239     -0.00072
 29.82      0.00095      0.00233     -0.00079
 29.84      0.00189      0.00227     -0.00076
 29.86      0.00162      0.00221     -0.00089
 29.88      0.00135      0.00215     -0.00072
 29.90      0.00081      0.00209     -0.00082
 29.92      0.00148      0.00203     -0.00101
 29.94      0.00108      0.00197     -0.00106
 29.96      0.00040      0.00192     -0.00100
 29.98      0.00081      0.00186     -0.00111
 30.00      0.00081      0.00181     -0.00101
 30.02      0.00067      0.00176     -0.00087
 30.04      0.00134      0.00171     -0.00093
 30.06      0.00080      0.00166     -0.00091
 30.08      0.00027      0.00161     -0.00086
 30.10      0.00067      0.00156     -0.00105
 30.12      0.00067      0.00151     -0.00103
 30.14      0.00013      0.00147     -0.00099
 30.16      0.00067      0.00142     -0.00108
 30.18      0.00027      0.00138     -0.00117
 30.20      0.00000      0.00134     -0.00110
 30.22      0.00000      0.00130     -0.00119
 30.24      0.00027      0.00126     -0.00115
 30.26      0.00000      0.00122     -0.00111
 30.28      0.00027      0.00118     -0.00102
 30.30      0.00000      0.00114     -0.00101
 30.32      0.00027      0.00110     -0.00094
 30.34      0.00013      0.00107     -0.00091
 30.36      0.00013      0.00103     -0.00085
 30.38      0.00027      0.00100     -0.00081
 30.40      0.00013      0.00097     -0.00078
 30.42      0.00026      0.00094     -0.00072
 30.44      0.00013      0.00090     -0.00075
 30.46      0.00026      0.00087     -0.00072
 30.48      0.00000      0.00084     -0.00071
 30.50      0.00013      0.00082     -0.00071
 30.52      0.00013      0.00079     -0.00068
 30.54      0.00000      0.00076     -0.00063
 30.56      0.00026      0.00073     -0.00057
 30.58      0.00013      0.00071     -0.00058
 30.60      0.00026      0.00068     -0.00050
 30.62      0.00000      0.00066     -0.00050
 30.64      0.00026      0.00063     -0.00050
 30.66      0.00013      0.00061     -0.00053
 30.68      0.00000      0.00059     -0.00051
 30.70      0.00000      0.00057     -0.00054
 30.72      0.00000      0.00055     -0.00052
 30.74      0.00000      0.00053     -0.00050
 30.76      0.00013      0.00051     -0.00048
 30.78      0.00000      0.00049     -0.00046
 30.80      0.00000      0.00047     -0.00045
 30.82      0.00000      0.00046     -0.00046
 30.84      0.00000      0.00044     -0.00044
 30.86      0.00000      0.00042     -0.00042
 30.88      0.00000      0.00041     -0.00041
 30.90      0.00000      0.00039     -0.00039
 30.92      0.00000      0.00038     -0.00038
 30.94      0.00000      0.00036     -0.00036
 30.96      0.00000      0.00035     -0.00035
 30.98      0.00000      0.00034     -0.00034
 31.00      0.00000      0.00032     -0.00032
 31.02      0.00000      0.00031     -0.00031
 31.04      0.00000      0.00030     -0.00030
 31.06      0.00000      0.00028     -0.00028
 31.08      0.00000      0.00027     -0.00027
 31.10      0.00000      0.00026     -0.00026
 31.12      0.00000      0.00025     -0.00025
 31.14      0.00000      0.00024     -0.00024
 31.16      0.00000      0.00023     -0.00023
 31.18      0.00000      0.00022     -0.00022
 31.20      0.00000      0.00021     -0.00021
 31.22      0.00000      0.00020     -0.00020
 31.24      0.00000      0.00019     -0.00019
 31.26      0.00000      0.00018     -0.00018
 31.28      0.00000      0.00017     -0.00017
 31.30      0.00000      0.00016     -0.00016
 31.32      0.00000      0.00015     -0.00015
 31.34      0.00000      0.00014     -0.00014
 31.36      0.00000      0.00013     -0.00013
 31.38      0.00000      0.00012     -0.00012
 31.40      0.00000      0.00012     -0.00012
 31.42      0.00000      0.00011     -0.00011
 31.44      0.00000      0.00010     -0.00010
 31.46      0.00000      0.00009     -0.00009
 31.48      0.00000      0.00009     -0.00009
 31.50      0.00000      0.00008     -0.00008
 31.52      0.00000      0.00008     -0.00008
 31.54      0.00000      0.00007     -0.00007
 31.56      0.00000      0.00007     -0.00007
 31.58      0.00000      0.00006     -0.00006
 31.60      0.00000      0.00006     -0.00006
 31.62      0.00000      0.00005     -0.00005
 31.64      0.00000      0.00005     -0.00005
 31.66      0.00000      0.00005     -0.00005
 31.68      0.00000      0.00004     -0.00004
 31.70      0.00000      0.00004     -0.00004
 31.72      0.00000      0.00004     -0.00004
 31.74      0.00000      0.00003     -0.00003
 31.76      0.00000      0.00003     -0.00003
 31.78      0.00000      0.00003     -0.00003
 31.80      0.00000      0.00003     -0.00003
 31.82      0.00000      0.00002     -0.00002
 31.84      0.00000      0.00002     -0.00002
 31.86      0.00000      0.00002     -0.00002
 31.88      0.00000      0.00002     -0.00002
 31.90      0.00000      0.00002     -0.00002
 31.92      0.00000      0.00002     -0.00002
 31.94      0.00000      0.00001     -0.00001
 31.96      0.00000      0.00001     -0.00001
 31.98      0.00000      0.00001     -0.00001
 32.00      0.00000      0.00001     -0.00001
 32.02      0.00000      0.00001     -0.00001
 32.04      0.00000      0.00001     -0.00001
 32.06      0.00000      0.00001     -0.00001
 32.08      0.00000      0.00001     -0.00001
 32.10      0.00000      0.00001     -0.00001
 32.12      0.00000      0.00001     -0.00001
 32.14      0.00000      0.00001     -0.00001
 32.16      0.00000      0.00001     -0.00001
 32.18      0.00000      0.00001     -0.00001
 32.20      0.00000      0.00000     -0.00000
 32.22      0.00000      0.00000     -0.00000
 32.24      0.00000      0.00000     -0.00000
 32.26      0.00000      0.00000     -0.00000
 32.28      0.00000      0.00000     -0.00000
 32.30      0.00000      0.00000     -0.00000
 32.32      0.00000      0.00000     -0.00000
 32.34      0.00000      0.00000     -0.00000
 32.36      0.00000      0.00000     -0.00000
 32.38      0.00000      0.00000     -0.00000
 32.40      0.00000      0.00000     -0.00000
 32.42      0.00000      0.00000     -0.00000
 32.44      0.00000      0.00000     -0.00000
 32.46      0.00000      0.00000     -0.00000
 32.48      0.00000      0.00000     -0.00000
 32.50      0.00000      0.00000     -0.00000
 32.52      0.00000      0.00000     -0.00000
 32.54      0.00000      0.00000     -0.00000
 32.56      0.00000      0.00000     -0.00000
 32.58      0.00000      0.00000     -0.00000
 32.60      0.00000      0.00000     -0.00000
 32.62      0.00000      0.00000     -0.00000
 32.64      0.00000      0.00000     -0.00000
 32.66      0.00000      0.00000     -0.00000
 32.68      0.00000      0.00000     -0.00000
 32.70      0.00000      0.00000     -0.00000
 32.72      0.00000      0.00000     -0.00000
 32.74      0.00000      0.00000     -0.00000
 32.76      0.00000      0.00000     -0.00000
 32.78      0.00000      0.00000      0.00000
 32.80      0.00000      0.00000      0.00000
 32.82      0.00000      0.00000      0.00000
 32.84      0.00000      0.00000      0.00000
 32.86      0.00000      0.00000      0.00000
 32.88      0.00000      0.00000      0.00000
 32.90      0.00000      0.00000      0.00000
 32.92      0.00000      0.00000      0.00000
 32.94      0.00000      0.00000      0.00000
 32.96      0.00000      0.00000      0.00000
 32.98      0.00000      0.00000      0.00000
 33.00      0.00000      0.00000      0.00000
 33.02      0.00000      0.00000      0.00000
 33.04      0.00000      0.00000      0.00000
 33.06      0.00000      0.00000      0.00000
 33.08      0.00000      0.00000      0.00000
 33.10      0.00000      0.00000      0.00000
 33.12      0.00000      0.00000      0.00000
 33.14      0.00000      0.00000      0.00000
 33.16      0.00000      0.00000      0.00000
 33.18      0.00000      0.00000      0.00000
 33.20      0.00000      0.00000      0.00000
 33.22      0.00000      0.00000      0.00000
 33.24      0.00000      0.00000      0.00000
 33.26      0.00000      0.00000      0.00000
 33.28      0.00000      0.00000      0.00000
 33.30      0.00000      0.00000      0.00000
 33.32      0.00000      0.00000      0.00000
 33.34      0.00000      0.00000      0.00000
 33.36      0.00000      0.00000      0.00000
 33.38      0.00000      0.00000      0.00000
 33.40      0.00000      0.00000      0.00000
 33.42      0.00000      0.00000      0.00000
 33.44      0.00000      0.00000      0.00000
 33.46      0.00000      0.00000      0.00000
 33.48      0.00000      0.00000      0.00000
 33.50      0.00000      0.00000      0.00000
 33.52      0.00000      0.00000      0.00000
 33.54      0.00000      0.00000      0.00000
 33.56      0.00000      0.00000      0.00000
 33.58      0.00000      0.00000      0.00000
 33.60      0.00000      0.00000      0.00000
 33.62      0.00000      0.00000      0.00000
 33.64      0.00000      0.00000      0.00000
 33.66      0.00000      0.00000      0.00000
 33.68      0.00000      0.00000      0.00000
 33.70      0.00000      0.00000      0.00000
 33.72      0.00000      0.00000      0.00000
 33.74      0.00000      0.00000      0.00000
 33.76      0.00000      0.00000      0.00000
 33.78      0.00000      0.00000      0.00000
 33.80      0.00000      0.00000      0.00000
 33.82      0.00000      0.00000      0.00000
 33.84      0.00000      0.00000      0.00000
 33.86      0.00000      0.00000      0.00000
 33.88      0.00000      0.00000      0.00000
 33.90      0.00000      0.00000      0.00000
 33.92      0.00000      0.00000      0.00000
 33.94      0.00000      0.00000      0.00000
 33.96      0.00000      0.00000      0.00000
 33.98      0.00000      0.00000      0.00000
 34.00      0.00000      0.00000      0.00000
