 #r(A)        G(r)
  0.02      0.00000
  0.04      0.00000
  0.06     -0.00000
  0.08     -0.00000
  0.10     -0.00000
  0.12     -0.00000
  0.14     -0.00000
  0.16     -0.00000
  0.18     -0.00000
  0.20     -0.00001
  0.22     -0.00001
  0.24     -0.00001
  0.26     -0.00002
  0.28     -0.00003
  0.30     -0.00004
  0.32     -0.00005
  0.34     -0.00007
  0.36     -0.00009
  0.38     -0.00011
  0.40     -0.00014
  0.42     -0.00017
  0.44     -0.00020
  0.46     -0.00024
  0.48     -0.00029
  0.50     -0.00034
  0.52     -0.00040
  0.54     -0.00046
  0.56     -0.00054
  0.58     -0.00063
  0.60     -0.00073
  0.62     -0.00086
  0.64     -0.00102
  0.66     -0.00123
  0.68     -0.00148
  0.70     -0.00177
  0.72     -0.00213
  0.74     -0.00252
  0.76     -0.00295
  0.78     -0.00341
  0.80     -0.00391
  0.82     -0.00442
  0.84     -0.00494
  0.86     -0.00547
  0.88     -0.00600
  0.90     -0.00654
  0.92     -0.00709
  0.94     -0.00764
  0.96     -0.00819
  0.98     -0.00874
  1.00     -0.00929
  1.02     -0.00985
  1.04     -0.01040
  1.06     -0.01096
  1.08     -0.01151
  1.10     -0.01207
  1.12     -0.01263
  1.14     -0.01318
  1.16     -0.01374
  1.18     -0.01430
  1.20     -0.01486
  1.22     -0.01542
  1.24     -0.01598
  1.26     -0.01655
  1.28     -0.01711
  1.30     -0.01767
  1.32     -0.01823
  1.34     -0.01880
  1.36     -0.01936
  1.38     -0.01993
  1.40     -0.02049
  1.42     -0.02106
  1.44     -0.02163
  1.46     -0.02220
  1.48     -0.02277
  1.50     -0.02334
  1.52     -0.02391
  1.54     -0.02449
  1.56     -0.02506
  1.58     -0.02564
  1.60     -0.02622
  1.62     -0.02680
  1.64     -0.02738
  1.66     -0.02797
  1.68     -0.02856
  1.70     -0.02916
  1.72     -0.02976
  1.74     -0.03037
  1.76     -0.03099
  1.78     -0.03162
  1.80     -0.03225
  1.82     -0.03290
  1.84     -0.03357
  1.86     -0.03424
  1.88     -0.03493
  1.90     -0.03563
  1.92     -0.03634
  1.94     -0.03706
  1.96     -0.03779
  1.98     -0.03853
  2.00     -0.03926
  2.02     -0.03980
  2.04     -0.04054
  2.06     -0.04109
  2.08     -0.04177
  2.10     -0.04204
  2.12     -0.04264
  2.14     -0.04206
  2.16     -0.04167
  2.18     -0.04067
  2.20     -0.03911
  2.22     -0.03640
  2.24     -0.03438
  2.26     -0.03174
  2.28     -0.02915
  2.30     -0.02584
  2.32     -0.02412
  2.34     -0.02226
  2.36     -0.01961
  2.38     -0.01666
  2.40     -0.01462
  2.42     -0.01149
  2.44     -0.00990
  2.46     -0.00845
  2.48     -0.00287
  2.50      0.00258
  2.52      0.01089
  2.54      0.02797
  2.56      0.05247
  2.58      0.08292
  2.60      0.13544
  2.62      0.20379
  2.64      0.26186
  2.66      0.32922
  2.68      0.38885
  2.70      0.40483
  2.72      0.39543
  2.74      0.37743
  2.76      0.32745
  2.78      0.25694
  2.80      0.19502
  2.82      0.13264
  2.84      0.07798
  2.86      0.03326
  2.88      0.00456
  2.90     -0.01322
  2.92     -0.02616
  2.94     -0.03830
  2.96     -0.04533
  2.98     -0.05198
  3.00     -0.05671
  3.02     -0.05973
  3.04     -0.05968
  3.06     -0.06216
  3.08     -0.06313
  3.10     -0.06437
  3.12     -0.06504
  3.14     -0.06574
  3.16     -0.06505
  3.18     -0.06538
  3.20     -0.06575
  3.22     -0.06627
  3.24     -0.06737
  3.26     -0.06790
  3.28     -0.06745
  3.30     -0.06604
  3.32     -0.06591
  3.34     -0.06581
  3.36     -0.06632
  3.38     -0.06602
  3.40     -0.06694
  3.42     -0.06765
  3.44     -0.06689
  3.46     -0.06578
  3.48     -0.06672
  3.50     -0.06659
  3.52     -0.06398
  3.54     -0.06361
  3.56     -0.06315
  3.58     -0.06101
  3.60     -0.05827
  3.62     -0.05390
  3.64     -0.04875
  3.66     -0.04169
  3.68     -0.03599
  3.70     -0.02724
  3.72     -0.01689
  3.74     -0.00770
  3.76      0.00007
  3.78      0.01474
  3.80      0.02582
  3.82      0.03397
  3.84      0.03694
  3.86      0.04287
  3.88      0.04396
  3.90      0.03257
  3.92      0.01895
  3.94      0.00700
  3.96     -0.00770
  3.98     -0.02687
  4.00     -0.03534
  4.02     -0.04408
  4.04     -0.04813
  4.06     -0.05324
  4.08     -0.05685
  4.10     -0.05916
  4.12     -0.06077
  4.14     -0.06309
  4.16     -0.06559
  4.18     -0.06452
  4.20     -0.06358
  4.22     -0.06352
  4.24     -0.06305
  4.26     -0.06036
  4.28     -0.06205
  4.30     -0.06078
  4.32     -0.05772
  4.34     -0.05259
  4.36     -0.04996
  4.38     -0.04565
  4.40     -0.04127
  4.42     -0.03728
  4.44     -0.03177
  4.46     -0.02503
  4.48     -0.01639
  4.50     -0.00572
  4.52      0.01072
  4.54      0.03003
  4.56      0.05532
  4.58      0.09035
  4.60      0.12461
  4.62      0.16084
  4.64      0.19565
  4.66      0.23458
  4.68      0.26044
  4.70      0.27711
  4.72      0.28042
  4.74      0.27092
  4.76      0.24722
  4.78      0.20924
  4.80      0.16911
  4.82      0.12386
  4.84      0.08209
  4.86      0.03925
  4.88      0.01016
  4.90     -0.01280
  4.92     -0.03078
  4.94     -0.04411
  4.96     -0.05329
  4.98     -0.05776
  5.00     -0.06563
  5.02     -0.06519
  5.04     -0.06437
  5.06     -0.06489
  5.08     -0.06819
  5.10     -0.06691
  5.12     -0.06756
  5.14     -0.06836
  5.16     -0.06611
  5.18     -0.06140
  5.20     -0.05914
  5.22     -0.05685
  5.24     -0.05366
  5.26     -0.04783
  5.28     -0.04158
  5.30     -0.03040
  5.32     -0.01881
  5.34     -0.00212
  5.36      0.01466
  5.38      0.03164
  5.40      0.04063
  5.42      0.05271
  5.44      0.05520
  5.46      0.05053
  5.48      0.03878
  5.50      0.03003
  5.52      0.01189
  5.54     -0.00445
  5.56     -0.01976
  5.58     -0.03293
  5.60     -0.04377
  5.62     -0.05354
  5.64     -0.06201
  5.66     -0.06938
  5.68     -0.07423
  5.70     -0.07781
  5.72     -0.07850
  5.74     -0.07806
  5.76     -0.07440
  5.78     -0.07004
  5.80     -0.06697
  5.82     -0.06246
  5.84     -0.05815
  5.86     -0.04967
  5.88     -0.03958
  5.90     -0.02652
  5.92     -0.01262
  5.94      0.00469
  5.96      0.02086
  5.98      0.03917
  6.00      0.06132
  6.02      0.08265
  6.04      0.09725
  6.06      0.11622
  6.08      0.13113
  6.10      0.12948
  6.12      0.12293
  6.14      0.11407
  6.16      0.09260
  6.18      0.06610
  6.20      0.04304
  6.22      0.02362
  6.24      0.00228
  6.26     -0.01809
  6.28     -0.03424
  6.30     -0.04628
  6.32     -0.05787
  6.34     -0.06346
  6.36     -0.06677
  6.38     -0.06861
  6.40     -0.06925
  6.42     -0.06913
  6.44     -0.06644
  6.46     -0.06410
  6.48     -0.06191
  6.50     -0.06060
  6.52     -0.05687
  6.54     -0.05399
  6.56     -0.04974
  6.58     -0.04516
  6.60     -0.03834
  6.62     -0.02920
  6.64     -0.02174
  6.66     -0.01567
  6.68     -0.01520
  6.70     -0.01472
  6.72     -0.01946
  6.74     -0.02599
  6.76     -0.03303
  6.78     -0.03796
  6.80     -0.04429
  6.82     -0.04911
  6.84     -0.05226
  6.86     -0.05265
  6.88     -0.04959
  6.90     -0.04522
  6.92     -0.04320
  6.94     -0.03360
  6.96     -0.02301
  6.98     -0.01548
  7.00     -0.00478
  7.02      0.01548
  7.04      0.03087
  7.06      0.05262
  7.08      0.08562
  7.10      0.11659
  7.12      0.15267
  7.14      0.18466
  7.16      0.21206
  7.18      0.23193
  7.20      0.24301
  7.22      0.23941
  7.24      0.22992
  7.26      0.20630
  7.28      0.17374
  7.30      0.13979
  7.32      0.10200
  7.34      0.06813
  7.36      0.03379
  7.38      0.00465
  7.40     -0.01990
  7.42     -0.03953
  7.44     -0.05599
  7.46     -0.06499
  7.48     -0.07082
  7.50     -0.07459
  7.52     -0.07735
  7.54     -0.07839
  7.56     -0.07690
  7.58     -0.07477
  7.60     -0.06904
  7.62     -0.06677
  7.64     -0.06562
  7.66     -0.06375
  7.68     -0.06220
  7.70     -0.06235
  7.72     -0.06187
  7.74     -0.06115
  7.76     -0.05964
  7.78     -0.06117
  7.80     -0.06223
  7.82     -0.06492
  7.84     -0.06513
  7.86     -0.06540
  7.88     -0.06638
  7.90     -0.06417
  7.92     -0.06109
  7.94     -0.05563
  7.96     -0.05120
  7.98     -0.04043
  8.00     -0.02976
  8.02     -0.01453
  8.04     -0.00066
  8.06      0.01961
  8.08      0.04006
  8.10      0.06050
  8.12      0.07319
  8.14      0.08895
  8.16      0.09767
  8.18      0.09706
  8.20      0.09308
  8.22      0.09203
  8.24      0.07882
  8.26      0.06349
  8.28      0.04353
  8.30      0.02334
  8.32      0.00271
  8.34     -0.01354
  8.36     -0.02812
  8.38     -0.03528
  8.40     -0.03920
  8.42     -0.03854
  8.44     -0.03596
  8.46     -0.03299
  8.48     -0.02601
  8.50     -0.01818
  8.52     -0.00854
  8.54     -0.00435
  8.56      0.00684
  8.58      0.01559
  8.60      0.02177
  8.62      0.02335
  8.64      0.02255
  8.66      0.01699
  8.68      0.01324
  8.70      0.00092
  8.72     -0.01241
  8.74     -0.01935
  8.76     -0.02809
  8.78     -0.03907
  8.80     -0.04168
  8.82     -0.04321
  8.84     -0.04277
  8.86     -0.04573
  8.88     -0.04217
  8.90     -0.03916
  8.92     -0.03174
  8.94     -0.02315
  8.96     -0.00854
  8.98      0.00010
  9.00      0.01127
  9.02      0.01441
  9.04      0.01849
  9.06      0.01605
  9.08      0.01445
  9.10      0.00782
  9.12      0.00086
  9.14     -0.01102
  9.16     -0.01980
  9.18     -0.02882
  9.20     -0.03830
  9.22     -0.04398
  9.24     -0.04488
  9.26     -0.04494
  9.28     -0.04276
  9.30     -0.03572
  9.32     -0.02599
  9.34     -0.01880
  9.36     -0.01133
  9.38     -0.00347
  9.40      0.00373
  9.42      0.00994
  9.44      0.01409
  9.46      0.01848
  9.48      0.01977
  9.50      0.01879
  9.52      0.01692
  9.54      0.01706
  9.56      0.01221
  9.58      0.01142
  9.60      0.01230
  9.62      0.01456
  9.64      0.01754
  9.66      0.02821
  9.68      0.04073
  9.70      0.05662
  9.72      0.07399
  9.74      0.09429
  9.76      0.11777
  9.78      0.13617
  9.80      0.15378
  9.82      0.16319
  9.84      0.16248
  9.86      0.15322
  9.88      0.14033
  9.90      0.11770
  9.92      0.09225
  9.94      0.06825
  9.96      0.04146
  9.98      0.01500
 10.00     -0.01019
 10.02     -0.02957
 10.04     -0.04334
 10.06     -0.05607
 10.08     -0.06512
 10.10     -0.07283
 10.12     -0.07738
 10.14     -0.08176
 10.16     -0.08270
 10.18     -0.08488
 10.20     -0.08278
 10.22     -0.08092
 10.24     -0.07931
 10.26     -0.07538
 10.28     -0.06981
 10.30     -0.06446
 10.32     -0.05880
 10.34     -0.05216
 10.36     -0.04539
 10.38     -0.03840
 10.40     -0.03057
 10.42     -0.02190
 10.44     -0.01079
 10.46      0.00145
 10.48      0.01465
 10.50      0.02619
 10.52      0.03547
 10.54      0.04156
 10.56      0.04341
 10.58      0.04088
 10.60      0.03646
 10.62      0.03066
 10.64      0.02347
 10.66      0.01153
 10.68     -0.00116
 10.70     -0.01237
 10.72     -0.02262
 10.74     -0.03400
 10.76     -0.04013
 10.78     -0.04224
 10.80     -0.04428
 10.82     -0.04657
 10.84     -0.04560
 10.86     -0.04410
 10.88     -0.04174
 10.90     -0.04282
 10.92     -0.04175
 10.94     -0.03946
 10.96     -0.03899
 10.98     -0.04043
 11.00     -0.03830
 11.02     -0.03423
 11.04     -0.03243
 11.06     -0.02917
 11.08     -0.02467
 11.10     -0.01767
 11.12     -0.01158
 11.14     -0.00191
 11.16      0.00817
 11.18      0.02127
 11.20      0.02938
 11.22      0.03874
 11.24      0.04120
 11.26      0.04264
 11.28      0.03785
 11.30      0.03277
 11.32      0.02613
 11.34      0.01904
 11.36      0.01148
 11.38      0.00366
 11.40     -0.00239
 11.42     -0.01023
 11.44     -0.01351
 11.46     -0.01160
 11.48     -0.00979
 11.50     -0.00487
 11.52      0.00445
 11.54      0.01089
 11.56      0.01134
 11.58      0.01392
 11.60      0.01495
 11.62      0.01255
 11.64      0.00964
 11.66      0.01143
 11.68      0.01374
 11.70      0.01778
 11.72      0.01981
 11.74      0.02646
 11.76      0.03573
 11.78      0.04421
 11.80      0.05171
 11.82      0.06324
 11.84      0.07318
 11.86      0.07458
 11.88      0.07631
 11.90      0.07548
 11.92      0.06935
 11.94      0.06155
 11.96      0.05522
 11.98      0.04644
 12.00      0.03501
 12.02      0.02395
 12.04      0.01283
 12.06      0.00224
 12.08     -0.00866
 12.10     -0.01379
 12.12     -0.01269
 12.14     -0.01507
 12.16     -0.01523
 12.18     -0.01392
 12.20     -0.01747
 12.22     -0.02150
 12.24     -0.02343
 12.26     -0.02601
 12.28     -0.02703
 12.30     -0.02219
 12.32     -0.02156
 12.34     -0.01781
 12.36     -0.01519
 12.38     -0.01008
 12.40     -0.00540
 12.42      0.00141
 12.44      0.00524
 12.46      0.00794
 12.48      0.01111
 12.50      0.01316
 12.52      0.01145
 12.54      0.01147
 12.56      0.01124
 12.58      0.00199
 12.60     -0.00679
 12.62     -0.01438
 12.64     -0.02345
 12.66     -0.02723
 12.68     -0.02703
 12.70     -0.02834
 12.72     -0.02967
 12.74     -0.02884
 12.76     -0.03099
 12.78     -0.03002
 12.80     -0.02929
 12.82     -0.02836
 12.84     -0.02652
 12.86     -0.02490
 12.88     -0.02498
 12.90     -0.02519
 12.92     -0.02362
 12.94     -0.02316
 12.96     -0.02057
 12.98     -0.01621
 13.00     -0.00860
 13.02     -0.00549
 13.04     -0.00208
 13.06     -0.00085
 13.08     -0.00167
 13.10     -0.00722
 13.12     -0.00874
 13.14     -0.01096
 13.16     -0.01360
 13.18     -0.01558
 13.20     -0.01953
 13.22     -0.02511
 13.24     -0.02932
 13.26     -0.03255
 13.28     -0.03710
 13.30     -0.03736
 13.32     -0.03494
 13.34     -0.03305
 13.36     -0.03110
 13.38     -0.02762
 13.40     -0.02420
 13.42     -0.01986
 13.44     -0.01524
 13.46     -0.01154
 13.48     -0.00555
 13.50      0.00137
 13.52      0.00934
 13.54      0.01684
 13.56      0.02620
 13.58      0.03437
 13.60      0.04364
 13.62      0.04901
 13.64      0.05125
 13.66      0.05265
 13.68      0.04946
 13.70      0.04367
 13.72      0.03462
 13.74      0.02938
 13.76      0.01967
 13.78      0.01571
 13.80      0.01042
 13.82      0.00957
 13.84      0.00724
 13.86      0.00732
 13.88      0.00811
 13.90      0.00846
 13.92      0.00794
 13.94      0.00675
 13.96      0.01023
 13.98      0.01211
 14.00      0.01486
 14.02      0.02120
 14.04      0.02829
 14.06      0.03386
 14.08      0.04123
 14.10      0.04744
 14.12      0.05051
 14.14      0.05533
 14.16      0.05662
 14.18      0.05452
 14.20      0.05048
 14.22      0.04764
 14.24      0.04196
 14.26      0.03859
 14.28      0.03227
 14.30      0.02891
 14.32      0.02412
 14.34      0.02313
 14.36      0.01801
 14.38      0.01447
 14.40      0.01133
 14.42      0.00734
 14.44      0.00308
 14.46     -0.00098
 14.48     -0.00423
 14.50     -0.00875
 14.52     -0.01220
 14.54     -0.01759
 14.56     -0.02110
 14.58     -0.02560
 14.60     -0.02900
 14.62     -0.03380
 14.64     -0.03849
 14.66     -0.04064
 14.68     -0.04313
 14.70     -0.04439
 14.72     -0.04509
 14.74     -0.04599
 14.76     -0.04723
 14.78     -0.04848
 14.80     -0.04843
 14.82     -0.04801
 14.84     -0.04751
 14.86     -0.04879
 14.88     -0.04622
 14.90     -0.04532
 14.92     -0.04403
 14.94     -0.04149
 14.96     -0.03676
 14.98     -0.03362
 15.00     -0.02808
 15.02     -0.02117
 15.04     -0.01524
 15.06     -0.01106
 15.08     -0.00449
 15.10      0.00119
 15.12      0.00548
 15.14      0.01161
 15.16      0.01807
 15.18      0.02107
 15.20      0.02406
 15.22      0.02393
 15.24      0.02012
 15.26      0.01637
 15.28      0.01523
 15.30      0.00845
 15.32      0.00429
 15.34     -0.00058
 15.36     -0.00501
 15.38     -0.01086
 15.40     -0.01498
 15.42     -0.01681
 15.44     -0.01714
 15.46     -0.01521
 15.48     -0.01393
 15.50     -0.01049
 15.52     -0.00526
 15.54      0.00190
 15.56      0.00670
 15.58      0.01331
 15.60      0.02179
 15.62      0.02420
 15.64      0.02670
 15.66      0.02776
 15.68      0.02727
 15.70      0.02358
 15.72      0.02460
 15.74      0.02441
 15.76      0.02409
 15.78      0.02316
 15.80      0.02004
 15.82      0.01603
 15.84      0.01204
 15.86      0.00876
 15.88      0.00616
 15.90      0.00440
 15.92      0.00414
 15.94      0.00334
 15.96      0.00148
 15.98      0.00048
 16.00      0.00077
 16.02      0.00032
 16.04     -0.00173
 16.06     -0.00116
 16.08     -0.00049
 16.10      0.00098
 16.12      0.00119
 16.14      0.00259
 16.16      0.00531
 16.18      0.00460
 16.20      0.00384
 16.22      0.00363
 16.24      0.00351
 16.26      0.00073
 16.28      0.00032
 16.30      0.00151
 16.32      0.00060
 16.34      0.00102
 16.36      0.00270
 16.38      0.00493
 16.40      0.00548
 16.42      0.00828
 16.44      0.01250
 16.46      0.01474
 16.48      0.01654
 16.50      0.01979
 16.52      0.02427
 16.54      0.02511
 16.56      0.02739
 16.58      0.02925
 16.60      0.03038
 16.62      0.02450
 16.64      0.02147
 16.66      0.01799
 16.68      0.01261
 16.70      0.00717
 16.72      0.00494
 16.74      0.00144
 16.76     -0.00357
 16.78     -0.00440
 16.80     -0.00768
 16.82     -0.01023
 16.84     -0.01341
 16.86     -0.01415
 16.88     -0.01734
 16.90     -0.01794
 16.92     -0.01901
 16.94     -0.01981
 16.96     -0.02001
 16.98     -0.01969
 17.00     -0.01984
 17.02     -0.01795
 17.04     -0.01567
 17.06     -0.01443
 17.08     -0.01540
 17.10     -0.01571
 17.12     -0.01790
 17.14     -0.02033
 17.16     -0.02294
 17.18     -0.02359
 17.20     -0.02357
 17.22     -0.02227
 17.24     -0.02092
 17.26     -0.02038
 17.28     -0.01903
 17.30     -0.01873
 17.32     -0.01922
 17.34     -0.01917
 17.36     -0.01711
 17.38     -0.01661
 17.40     -0.01598
 17.42     -0.01278
 17.44     -0.01136
 17.46     -0.01195
 17.48     -0.00954
 17.50     -0.00672
 17.52     -0.00636
 17.54     -0.00478
 17.56     -0.00088
 17.58      0.00010
 17.60     -0.00002
 17.62      0.00194
 17.64      0.00330
 17.66      0.00447
 17.68      0.00710
 17.70      0.00891
 17.72      0.01060
 17.74      0.01467
 17.76      0.01514
 17.78      0.01514
 17.80      0.01850
 17.82      0.01900
 17.84      0.01792
 17.86      0.02010
 17.88      0.01998
 17.90      0.01962
 17.92      0.02123
 17.94      0.01934
 17.96      0.01698
 17.98      0.01713
 18.00      0.01392
 18.02      0.00913
 18.04      0.00810
 18.06      0.00648
 18.08      0.00440
 18.10      0.00356
 18.12      0.00527
 18.14      0.00593
 18.16      0.00579
 18.18      0.00700
 18.20      0.00816
 18.22      0.00756
 18.24      0.00794
 18.26      0.00829
 18.28      0.00790
 18.30      0.00876
 18.32      0.00972
 18.34      0.01092
 18.36      0.00837
 18.38      0.00608
 18.40      0.00403
 18.42      0.00136
 18.44     -0.00326
 18.46     -0.00371
 18.48     -0.00511
 18.50     -0.00818
 18.52     -0.00993
 18.54     -0.00961
 18.56     -0.01040
 18.58     -0.00983
 18.60     -0.00825
 18.62     -0.00630
 18.64     -0.00568
 18.66     -0.00273
 18.68     -0.00160
 18.70     -0.00032
 18.72      0.00055
 18.74      0.00180
 18.76      0.00055
 18.78      0.00093
 18.80      0.00062
 18.82      0.00109
 18.84      0.00070
 18.86      0.00087
 18.88     -0.00069
 18.90     -0.00069
 18.92     -0.00350
 18.94     -0.00328
 18.96     -0.00196
 18.98     -0.00156
 19.00      0.00075
 19.02      0.00348
 19.04      0.00349
 19.06      0.00429
 19.08      0.00625
 19.10      0.00508
 19.12      0.00353
 19.14      0.00340
 19.16      0.00034
 19.18     -0.00038
 19.20     -0.00209
 19.22     -0.00392
 19.24     -0.00531
 19.26     -0.00497
 19.28     -0.00760
 19.30     -0.00957
 19.32     -0.00858
 19.34     -0.01004
 19.36     -0.01134
 19.38     -0.01084
 19.40     -0.00831
 19.42     -0.00847
 19.44     -0.00767
 19.46     -0.00746
 19.48     -0.00583
 19.50     -0.00764
 19.52     -0.00729
 19.54     -0.00731
 19.56     -0.00517
 19.58     -0.00507
 19.60     -0.00365
 19.62     -0.00334
 19.64     -0.00089
 19.66     -0.00073
 19.68      0.00046
 19.70     -0.00031
 19.72     -0.00030
 19.74     -0.00157
 19.76     -0.00159
 19.78     -0.00187
 19.80      0.00012
 19.82     -0.00010
 19.84      0.00147
 19.86      0.00179
 19.88      0.00107
 19.90      0.00000
 19.92      0.00025
 19.94     -0.00055
 19.96     -0.00056
 19.98      0.00024
 20.00      0.00093
 20.02      0.00176
 20.04      0.00226
 20.06      0.00296
 20.08      0.00330
 20.10      0.00266
 20.12      0.00259
 20.14      0.00238
 20.16      0.00273
 20.18      0.00247
 20.20      0.00399
 20.22      0.00319
 20.24      0.00324
 20.26      0.00257
 20.28      0.00230
 20.30      0.00175
 20.32      0.00293
 20.34      0.00322
 20.36      0.00259
 20.38      0.00148
 20.40     -0.00036
 20.42     -0.00104
 20.44     -0.00195
 20.46     -0.00166
 20.48     -0.00020
 20.50      0.00128
 20.52      0.00168
 20.54      0.00334
 20.56      0.00533
 20.58      0.00504
 20.60      0.00551
 20.62      0.00755
 20.64      0.00649
 20.66      0.00507
 20.68      0.00587
 20.70      0.00571
 20.72      0.00377
 20.74      0.00379
 20.76      0.00346
 20.78      0.00270
 20.80      0.00283
 20.82      0.00232
 20.84      0.00210
 20.86      0.00093
 20.88     -0.00026
 20.90     -0.00161
 20.92     -0.00223
 20.94     -0.00250
 20.96     -0.00076
 20.98     -0.00105
 21.00     -0.00017
 21.02     -0.00094
 21.04     -0.00114
 21.06     -0.00238
 21.08     -0.00196
 21.10     -0.00346
 21.12     -0.00277
 21.14     -0.00236
 21.16     -0.00178
 21.18     -0.00145
 21.20     -0.00085
 21.22     -0.00024
 21.24     -0.00028
 21.26      0.00048
 21.28      0.00163
 21.30      0.00277
 21.32      0.00287
 21.34      0.00263
 21.36      0.00127
 21.38      0.00091
 21.40      0.00079
 21.42     -0.00078
 21.44     -0.00088
 21.46     -0.00159
 21.48     -0.00335
 21.50     -0.00436
 21.52     -0.00397
 21.54     -0.00449
 21.56     -0.00439
 21.58     -0.00524
 21.60     -0.00557
 21.62     -0.00495
 21.64     -0.00484
 21.66     -0.00452
 21.68     -0.00335
 21.70     -0.00379
 21.72     -0.00399
 21.74     -0.00458
 21.76     -0.00532
 21.78     -0.00558
 21.80     -0.00473
 21.82     -0.00456
 21.84     -0.00537
 21.86     -0.00425
 21.88     -0.00426
 21.90     -0.00518
 21.92     -0.00555
 21.94     -0.00454
 21.96     -0.00444
 21.98     -0.00390
 22.00     -0.00239
 22.02     -0.00184
 22.04     -0.00024
 22.06      0.00022
 22.08      0.00078
 22.10      0.00151
 22.12      0.00145
 22.14      0.00090
 22.16      0.00122
 22.18      0.00247
 22.20      0.00169
 22.22      0.00388
 22.24      0.00466
 22.26      0.00429
 22.28      0.00388
 22.30      0.00462
 22.32      0.00330
 22.34      0.00305
 22.36      0.00338
 22.38      0.00237
 22.40      0.00238
 22.42      0.00303
 22.44      0.00243
 22.46      0.00254
 22.48      0.00262
 22.50      0.00158
 22.52      0.00079
 22.54      0.00055
 22.56      0.00004
 22.58      0.00015
 22.60      0.00027
 22.62     -0.00004
 22.64      0.00032
 22.66      0.00014
 22.68      0.00004
 22.70     -0.00034
 22.72     -0.00040
 22.74     -0.00117
 22.76     -0.00093
 22.78     -0.00111
 22.80     -0.00116
 22.82     -0.00166
 22.84     -0.00152
 22.86     -0.00229
 22.88     -0.00228
 22.90     -0.00147
 22.92     -0.00051
 22.94     -0.00007
 22.96     -0.00027
 22.98      0.00066
 23.00     -0.00007
 23.02      0.00008
 23.04      0.00025
 23.06      0.00041
 23.08     -0.00007
 23.10      0.00068
 23.12      0.00044
 23.14      0.00058
 23.16      0.00135
 23.18      0.00140
 23.20      0.00169
 23.22      0.00164
 23.24      0.00106
 23.26      0.00105
 23.28      0.00049
 23.30      0.00045
 23.32      0.00042
 23.34      0.00151
 23.36      0.00133
 23.38      0.00160
 23.40      0.00164
 23.42      0.00158
 23.44      0.00054
 23.46      0.00080
 23.48      0.00074
 23.50      0.00010
 23.52     -0.00025
 23.54     -0.00056
 23.56     -0.00124
 23.58     -0.00090
 23.60     -0.00061
 23.62     -0.00129
 23.64     -0.00043
 23.66     -0.00086
 23.68     -0.00148
 23.70     -0.00225
 23.72     -0.00204
 23.74     -0.00310
 23.76     -0.00301
 23.78     -0.00281
 23.80     -0.00282
 23.82     -0.00279
 23.84     -0.00222
 23.86     -0.00213
 23.88     -0.00244
 23.90     -0.00247
 23.92     -0.00226
 23.94     -0.00279
 23.96     -0.00295
 23.98     -0.00314
 24.00     -0.00306
 24.02     -0.00317
 24.04     -0.00326
 24.06     -0.00287
 24.08     -0.00264
 24.10     -0.00227
 24.12     -0.00176
 24.14     -0.00139
 24.16     -0.00105
 24.18     -0.00134
 24.20     -0.00136
 24.22     -0.00179
 24.24     -0.00158
 24.26     -0.00190
 24.28     -0.00153
 24.30     -0.00111
 24.32     -0.00076
 24.34     -0.00067
 24.36     -0.00048
 24.38     -0.00040
 24.40     -0.00032
 24.42     -0.00049
 24.44      0.00016
 24.46      0.00023
 24.48      0.00030
 24.50     -0.00054
 24.52      0.00040
 24.54     -0.00029
 24.56      0.00011
 24.58      0.00036
 24.60      0.00173
 24.62      0.00158
 24.64      0.00220
 24.66      0.00231
 24.68      0.00240
 24.70      0.00194
 24.72      0.00158
 24.74      0.00082
 24.76      0.00019
 24.78      0.00020
 24.80     -0.00026
 24.82     -0.00017
 24.84      0.00030
 24.86      0.00075
 24.88      0.00051
 24.90      0.00052
 24.92      0.00016
 24.94     -0.00026
 24.96     -0.00061
 24.98     -0.00049
 25.00     -0.00016
 25.02     -0.00039
 25.04     -0.00017
 25.06     -0.00031
 25.08      0.00001
 25.10     -0.00029
 25.12     -0.00011
 25.14     -0.00026
 25.16      0.00012
 25.18     -0.00017
 25.20     -0.00005
 25.22      0.00048
 25.24      0.00042
 25.26      0.00021
 25.28     -0.00009
 25.30     -0.00022
 25.32     -0.00075
 25.34     -0.00066
 25.36     -0.00104
 25.38     -0.00100
 25.40     -0.00148
 25.42     -0.00138
 25.44     -0.00120
 25.46     -0.00078
 25.48     -0.00070
 25.50     -0.00021
 25.52      0.00012
 25.54     -0.00024
 25.56     -0.00039
 25.58     -0.00063
 25.60     -0.00046
 25.62     -0.00072
 25.64     -0.00047
 25.66     -0.00055
 25.68     -0.00049
 25.70     -0.00064
 25.72     -0.00039
 25.74     -0.00001
 25.76      0.00030
 25.78      0.00014
 25.80     -0.00002
 25.82     -0.00021
 25.84     -0.00063
 25.86     -0.00085
 25.88     -0.00059
 25.90     -0.00038
 25.92     -0.00062
 25.94     -0.00056
 25.96     -0.00051
 25.98     -0.00060
 26.00     -0.00115
 26.02     -0.00122
 26.04     -0.00151
 26.06     -0.00160
 26.08     -0.00163
 26.10     -0.00137
 26.12     -0.00137
 26.14     -0.00110
 26.16     -0.00106
 26.18     -0.00094
 26.20     -0.00087
 26.22     -0.00069
 26.24     -0.00084
 26.26     -0.00083
 26.28     -0.00087
 26.30     -0.00102
 26.32     -0.00110
 26.34     -0.00096
 26.36     -0.00093
 26.38     -0.00086
 26.40     -0.00064
 26.42     -0.00053
 26.44     -0.00048
 26.46     -0.00060
 26.48     -0.00062
 26.50     -0.00064
 26.52     -0.00062
 26.54     -0.00067
 26.56     -0.00055
 26.58     -0.00054
 26.60     -0.00050
 26.62     -0.00052
 26.64     -0.00051
 26.66     -0.00034
 26.68     -0.00015
 26.70     -0.00029
 26.72     -0.00030
 26.74     -0.00015
 26.76     -0.00015
 26.78     -0.00022
 26.80      0.00005
 26.82     -0.00007
 26.84     -0.00016
 26.86     -0.00033
 26.88     -0.00039
 26.90     -0.00059
 26.92     -0.00048
 26.94     -0.00037
 26.96     -0.00034
 26.98     -0.00026
 27.00     -0.00013
 27.02     -0.00015
 27.04     -0.00029
 27.06     -0.00030
 27.08     -0.00025
 27.10     -0.00032
 27.12     -0.00032
 27.14     -0.00036
 27.16     -0.00049
 27.18     -0.00060
 27.20     -0.00050
 27.22     -0.00059
 27.24     -0.00057
 27.26     -0.00041
 27.28     -0.00045
 27.30     -0.00049
 27.32     -0.00049
 27.34     -0.00051
 27.36     -0.00060
 27.38     -0.00061
 27.40     -0.00065
 27.42     -0.00060
 27.44     -0.00062
 27.46     -0.00055
 27.48     -0.00064
 27.50     -0.00063
 27.52     -0.00063
 27.54     -0.00068
 27.56     -0.00071
 27.58     -0.00068
 27.60     -0.00074
 27.62     -0.00069
 27.64     -0.00069
 27.66     -0.00072
 27.68     -0.00068
 27.70     -0.00068
 27.72     -0.00073
 27.74     -0.00073
 27.76     -0.00074
 27.78     -0.00074
 27.80     -0.00072
 27.82     -0.00071
 27.84     -0.00070
 27.86     -0.00069
 27.88     -0.00066
 27.90     -0.00066
 27.92     -0.00067
 27.94     -0.00068
 27.96     -0.00069
 27.98     -0.00071
 28.00     -0.00070
 28.02     -0.00067
 28.04     -0.00063
 28.06     -0.00059
 28.08     -0.00052
 28.10     -0.00053
 28.12     -0.00051
 28.14     -0.00052
 28.16     -0.00054
 28.18     -0.00060
 28.20     -0.00058
 28.22     -0.00055
 28.24     -0.00051
 28.26     -0.00048
 28.28     -0.00046
 28.30     -0.00044
 28.32     -0.00044
 28.34     -0.00043
 28.36     -0.00040
 28.38     -0.00037
 28.40     -0.00036
 28.42     -0.00034
 28.44     -0.00033
 28.46     -0.00033
 28.48     -0.00034
 28.50     -0.00032
 28.52     -0.00031
 28.54     -0.00029
 28.56     -0.00028
 28.58     -0.00027
 28.60     -0.00025
 28.62     -0.00026
 28.64     -0.00026
 28.66     -0.00024
 28.68     -0.00022
 28.70     -0.00021
 28.72     -0.00020
 28.74     -0.00019
 28.76     -0.00018
 28.78     -0.00018
 28.80     -0.00017
 28.82     -0.00017
 28.84     -0.00014
 28.86     -0.00014
 28.88     -0.00013
 28.90     -0.00013
 28.92     -0.00012
 28.94     -0.00011
 28.96     -0.00011
 28.98     -0.00010
 29.00     -0.00009
 29.02     -0.00009
 29.04     -0.00009
 29.06     -0.00009
 29.08     -0.00008
 29.10     -0.00008
 29.12     -0.00007
 29.14     -0.00007
 29.16     -0.00007
 29.18     -0.00006
 29.20     -0.00006
 29.22     -0.00006
 29.24     -0.00005
 29.26     -0.00005
 29.28     -0.00005
 29.30     -0.00004
 29.32     -0.00004
 29.34     -0.00004
 29.36     -0.00004
 29.38     -0.00003
 29.40     -0.00003
 29.42     -0.00003
 29.44     -0.00003
 29.46     -0.00003
 29.48     -0.00002
 29.50     -0.00002
 29.52     -0.00002
 29.54     -0.00002
 29.56     -0.00002
 29.58     -0.00002
 29.60     -0.00002
 29.62     -0.00002
 29.64     -0.00001
 29.66     -0.00001
 29.68     -0.00001
 29.70     -0.00001
 29.72     -0.00001
 29.74     -0.00001
 29.76     -0.00001
 29.78     -0.00001
 29.80     -0.00001
 29.82     -0.00001
 29.84     -0.00001
 29.86     -0.00001
 29.88     -0.00001
 29.90     -0.00001
 29.92     -0.00001
 29.94     -0.00000
 29.96     -0.00000
 29.98     -0.00000
 30.00     -0.00000
 30.02     -0.00000
 30.04     -0.00000
 30.06     -0.00000
 30.08     -0.00000
 30.10     -0.00000
 30.12     -0.00000
 30.14     -0.00000
 30.16     -0.00000
 30.18     -0.00000
 30.20     -0.00000
 30.22     -0.00000
 30.24     -0.00000
 30.26     -0.00000
 30.28     -0.00000
 30.30     -0.00000
 30.32     -0.00000
 30.34     -0.00000
 30.36     -0.00000
 30.38     -0.00000
 30.40     -0.00000
 30.42     -0.00000
 30.44     -0.00000
 30.46     -0.00000
 30.48     -0.00000
 30.50     -0.00000
 30.52     -0.00000
 30.54     -0.00000
 30.56     -0.00000
 30.58     -0.00000
 30.60     -0.00000
 30.62     -0.00000
 30.64     -0.00000
 30.66     -0.00000
 30.68     -0.00000
 30.70     -0.00000
 30.72     -0.00000
 30.74     -0.00000
 30.76     -0.00000
 30.78     -0.00000
 30.80     -0.00000
 30.82     -0.00000
 30.84     -0.00000
 30.86     -0.00000
 30.88     -0.00000
 30.90     -0.00000
 30.92     -0.00000
 30.94     -0.00000
 30.96     -0.00000
 30.98     -0.00000
 31.00     -0.00000
 31.02     -0.00000
 31.04     -0.00000
 31.06     -0.00000
 31.08     -0.00000
 31.10      0.00000
 31.12      0.00000
 31.14      0.00000
 31.16      0.00000
 31.18      0.00000
 31.20      0.00000
 31.22      0.00000
 31.24      0.00000
 31.26      0.00000
 31.28      0.00000
 31.30      0.00000
 31.32      0.00000
 31.34      0.00000
 31.36      0.00000
 31.38      0.00000
 31.40      0.00000
 31.42      0.00000
 31.44      0.00000
 31.46      0.00000
 31.48      0.00000
 31.50      0.00000
 31.52      0.00000
 31.54      0.00000
 31.56      0.00000
 31.58      0.00000
 31.60      0.00000
 31.62      0.00000
 31.64      0.00000
 31.66      0.00000
 31.68      0.00000
 31.70      0.00000
 31.72      0.00000
 31.74      0.00000
 31.76      0.00000
 31.78      0.00000
 31.80      0.00000
 31.82      0.00000
 31.84      0.00000
 31.86      0.00000
 31.88      0.00000
 31.90      0.00000
 31.92      0.00000
 31.94      0.00000
 31.96      0.00000
 31.98      0.00000
 32.00      0.00000
