 #r(A)        G(r)
  0.02      0.00000
  0.04      0.00000
  0.06      0.00000
  0.08      0.00000
  0.10      0.00000
  0.12      0.00000
  0.14      0.00000
  0.16      0.00000
  0.18      0.00000
  0.20      0.00000
  0.22     -0.00000
  0.24     -0.00000
  0.26     -0.00000
  0.28     -0.00000
  0.30     -0.00000
  0.32     -0.00000
  0.34     -0.00001
  0.36     -0.00001
  0.38     -0.00002
  0.40     -0.00003
  0.42     -0.00005
  0.44     -0.00007
  0.46     -0.00010
  0.48     -0.00013
  0.50     -0.00018
  0.52     -0.00023
  0.54     -0.00029
  0.56     -0.00036
  0.58     -0.00045
  0.60     -0.00055
  0.62     -0.00068
  0.64     -0.00082
  0.66     -0.00100
  0.68     -0.00121
  0.70     -0.00144
  0.72     -0.00170
  0.74     -0.00199
  0.76     -0.00230
  0.78     -0.00263
  0.80     -0.00297
  0.82     -0.00333
  0.84     -0.00369
  0.86     -0.00407
  0.88     -0.00445
  0.90     -0.00483
  0.92     -0.00522
  0.94     -0.00561
  0.96     -0.00600
  0.98     -0.00639
  1.00     -0.00679
  1.02     -0.00718
  1.04     -0.00757
  1.06     -0.00797
  1.08     -0.00836
  1.10     -0.00876
  1.12     -0.00916
  1.14     -0.00955
  1.16     -0.00995
  1.18     -0.01034
  1.20     -0.01074
  1.22     -0.01114
  1.24     -0.01154
  1.26     -0.01193
  1.28     -0.01233
  1.30     -0.01273
  1.32     -0.01313
  1.34     -0.01353
  1.36     -0.01393
  1.38     -0.01433
  1.40     -0.01474
  1.42     -0.01514
  1.44     -0.01555
  1.46     -0.01596
  1.48     -0.01637
  1.50     -0.01678
  1.52     -0.01720
  1.54     -0.01761
  1.56     -0.01804
  1.58     -0.01846
  1.60     -0.01889
  1.62     -0.01932
  1.64     -0.01976
  1.66     -0.02019
  1.68     -0.02063
  1.70     -0.02108
  1.72     -0.02153
  1.74     -0.02198
  1.76     -0.02244
  1.78     -0.02290
  1.80     -0.02337
  1.82     -0.02384
  1.84     -0.02432
  1.86     -0.02480
  1.88     -0.02528
  1.90     -0.02577
  1.92     -0.02627
  1.94     -0.02677
  1.96     -0.02727
  1.98     -0.02777
  2.00     -0.02828
  2.02     -0.02879
  2.04     -0.02930
  2.06     -0.02982
  2.08     -0.03033
  2.10     -0.03085
  2.12     -0.03137
  2.14     -0.03189
  2.16     -0.03242
  2.18     -0.03287
  2.20     -0.03336
  2.22     -0.03356
  2.24     -0.03373
  2.26     -0.03292
  2.28     -0.03217
  2.30     -0.02975
  2.32     -0.02699
  2.34     -0.02132
  2.36     -0.01608
  2.38     -0.00866
  2.40     -0.00039
  2.42      0.00733
  2.44      0.01515
  2.46      0.02386
  2.48      0.03137
  2.50      0.03680
  2.52      0.04655
  2.54      0.05987
  2.56      0.07918
  2.58      0.10439
  2.60      0.13464
  2.62      0.17004
  2.64      0.19750
  2.66      0.22282
  2.68      0.23428
  2.70      0.23888
  2.72      0.22698
  2.74      0.20149
  2.76      0.17220
  2.78      0.14278
  2.80      0.10919
  2.82      0.07899
  2.84      0.05932
  2.86      0.03431
  2.88      0.01668
  2.90      0.00054
  2.92     -0.01263
  2.94     -0.02148
  2.96     -0.02839
  2.98     -0.03542
  3.00     -0.03857
  3.02     -0.04131
  3.04     -0.04398
  3.06     -0.04452
  3.08     -0.04563
  3.10     -0.04638
  3.12     -0.04677
  3.14     -0.04741
  3.16     -0.04760
  3.18     -0.04743
  3.20     -0.04698
  3.22     -0.04690
  3.24     -0.04649
  3.26     -0.04686
  3.28     -0.04607
  3.30     -0.04586
  3.32     -0.04559
  3.34     -0.04377
  3.36     -0.04118
  3.38     -0.04069
  3.40     -0.03929
  3.42     -0.03574
  3.44     -0.03413
  3.46     -0.03317
  3.48     -0.02932
  3.50     -0.02685
  3.52     -0.02538
  3.54     -0.02314
  3.56     -0.02134
  3.58     -0.02287
  3.60     -0.02178
  3.62     -0.02231
  3.64     -0.02254
  3.66     -0.02082
  3.68     -0.01864
  3.70     -0.01681
  3.72     -0.01373
  3.74     -0.01140
  3.76     -0.01020
  3.78     -0.00893
  3.80     -0.00870
  3.82     -0.00722
  3.84     -0.00710
  3.86     -0.00956
  3.88     -0.01046
  3.90     -0.01237
  3.92     -0.01672
  3.94     -0.01981
  3.96     -0.02223
  3.98     -0.02528
  4.00     -0.02895
  4.02     -0.03152
  4.04     -0.03475
  4.06     -0.03689
  4.08     -0.03796
  4.10     -0.03661
  4.12     -0.03591
  4.14     -0.03389
  4.16     -0.03014
  4.18     -0.02714
  4.20     -0.02399
  4.22     -0.01935
  4.24     -0.01422
  4.26     -0.00790
  4.28     -0.00239
  4.30      0.00138
  4.32      0.00523
  4.34      0.00729
  4.36      0.00883
  4.38      0.01103
  4.40      0.01167
  4.42      0.01494
  4.44      0.01793
  4.46      0.01791
  4.48      0.02064
  4.50      0.02983
  4.52      0.03299
  4.54      0.04110
  4.56      0.04911
  4.58      0.05932
  4.60      0.06492
  4.62      0.07493
  4.64      0.08156
  4.66      0.08820
  4.68      0.08892
  4.70      0.08576
  4.72      0.08359
  4.74      0.07504
  4.76      0.06391
  4.78      0.05326
  4.80      0.04181
  4.82      0.02665
  4.84      0.01580
  4.86      0.00869
  4.88      0.00071
  4.90     -0.00250
  4.92     -0.00607
  4.94     -0.00770
  4.96     -0.01087
  4.98     -0.01279
  5.00     -0.01482
  5.02     -0.01696
  5.04     -0.01826
  5.06     -0.01777
  5.08     -0.01771
  5.10     -0.01734
  5.12     -0.01454
  5.14     -0.01372
  5.16     -0.01514
  5.18     -0.01282
  5.20     -0.01062
  5.22     -0.00989
  5.24     -0.00930
  5.26     -0.00555
  5.28     -0.00323
  5.30     -0.00286
  5.32     -0.00075
  5.34      0.00213
  5.36      0.00327
  5.38      0.00402
  5.40      0.00452
  5.42      0.00420
  5.44      0.00265
  5.46      0.00296
  5.48      0.00084
  5.50      0.00025
  5.52     -0.00035
  5.54     -0.00158
  5.56     -0.00429
  5.58     -0.00612
  5.60     -0.00858
  5.62     -0.01185
  5.64     -0.01522
  5.66     -0.01804
  5.68     -0.02106
  5.70     -0.02185
  5.72     -0.02291
  5.74     -0.02341
  5.76     -0.02159
  5.78     -0.02105
  5.80     -0.02066
  5.82     -0.02046
  5.84     -0.01640
  5.86     -0.01577
  5.88     -0.01208
  5.90     -0.01118
  5.92     -0.00693
  5.94     -0.00598
  5.96     -0.00346
  5.98     -0.00309
  6.00     -0.00031
  6.02     -0.00126
  6.04     -0.00327
  6.06     -0.00478
  6.08     -0.00453
  6.10     -0.00576
  6.12     -0.00635
  6.14     -0.00708
  6.16     -0.00948
  6.18     -0.01121
  6.20     -0.01280
  6.22     -0.01729
  6.24     -0.01831
  6.26     -0.01933
  6.28     -0.02283
  6.30     -0.02459
  6.32     -0.02319
  6.34     -0.02353
  6.36     -0.02251
  6.38     -0.01916
  6.40     -0.01605
  6.42     -0.01249
  6.44     -0.00738
  6.46     -0.00259
  6.48      0.00141
  6.50      0.00481
  6.52      0.00808
  6.54      0.01067
  6.56      0.01259
  6.58      0.01389
  6.60      0.01780
  6.62      0.01784
  6.64      0.01777
  6.66      0.01968
  6.68      0.02076
  6.70      0.01848
  6.72      0.01903
  6.74      0.01999
  6.76      0.01707
  6.78      0.01369
  6.80      0.01298
  6.82      0.01179
  6.84      0.00968
  6.86      0.00824
  6.88      0.00962
  6.90      0.01106
  6.92      0.01304
  6.94      0.01661
  6.96      0.02071
  6.98      0.02324
  7.00      0.02684
  7.02      0.02862
  7.04      0.03074
  7.06      0.03280
  7.08      0.03460
  7.10      0.03418
  7.12      0.03388
  7.14      0.03396
  7.16      0.03159
  7.18      0.03064
  7.20      0.02481
  7.22      0.02209
  7.24      0.01648
  7.26      0.01306
  7.28      0.00802
  7.30      0.00472
  7.32      0.00149
  7.34     -0.00235
  7.36     -0.00440
  7.38     -0.00642
  7.40     -0.00608
  7.42     -0.00841
  7.44     -0.00989
  7.46     -0.01161
  7.48     -0.01346
  7.50     -0.01529
  7.52     -0.01531
  7.54     -0.01669
  7.56     -0.01735
  7.58     -0.01783
  7.60     -0.01978
  7.62     -0.02022
  7.64     -0.02005
  7.66     -0.02093
  7.68     -0.02167
  7.70     -0.02025
  7.72     -0.02054
  7.74     -0.01770
  7.76     -0.01722
  7.78     -0.01695
  7.80     -0.01558
  7.82     -0.01566
  7.84     -0.01649
  7.86     -0.01470
  7.88     -0.01182
  7.90     -0.00975
  7.92     -0.00547
  7.94     -0.00456
  7.96     -0.00492
  7.98     -0.00590
  8.00     -0.00710
  8.02     -0.01067
  8.04     -0.00997
  8.06     -0.00851
  8.08     -0.00514
  8.10     -0.00470
  8.12     -0.00348
  8.14     -0.00236
  8.16     -0.00250
  8.18     -0.00245
  8.20     -0.00095
  8.22      0.00143
  8.24      0.00107
  8.26      0.00243
  8.28      0.00040
  8.30     -0.00114
  8.32     -0.00115
  8.34     -0.00206
  8.36     -0.00304
  8.38     -0.00212
  8.40     -0.00230
  8.42     -0.00377
  8.44     -0.00467
  8.46     -0.00355
  8.48     -0.00433
  8.50     -0.00386
  8.52     -0.00338
  8.54     -0.00103
  8.56     -0.00088
  8.58     -0.00163
  8.60     -0.00149
  8.62     -0.00003
  8.64     -0.00033
  8.66     -0.00089
  8.68      0.00104
  8.70      0.00211
  8.72      0.00235
  8.74      0.00187
  8.76      0.00301
  8.78      0.00249
  8.80      0.00261
  8.82      0.00327
  8.84      0.00574
  8.86      0.00844
  8.88      0.01030
  8.90      0.01253
  8.92      0.01334
  8.94      0.01597
  8.96      0.01613
  8.98      0.01666
  9.00      0.01793
  9.02      0.02032
  9.04      0.01881
  9.06      0.01793
  9.08      0.01921
  9.10      0.01692
  9.12      0.01400
  9.14      0.01167
  9.16      0.01137
  9.18      0.00982
  9.20      0.00974
  9.22      0.00985
  9.24      0.01112
  9.26      0.01040
  9.28      0.00966
  9.30      0.00930
  9.32      0.00923
  9.34      0.00768
  9.36      0.00603
  9.38      0.00563
  9.40      0.00511
  9.42      0.00370
  9.44      0.00295
  9.46      0.00235
  9.48      0.00155
  9.50      0.00170
  9.52      0.00182
  9.54      0.00331
  9.56      0.00247
  9.58      0.00282
  9.60      0.00090
  9.62      0.00075
  9.64     -0.00084
  9.66     -0.00177
  9.68     -0.00348
  9.70     -0.00386
  9.72     -0.00380
  9.74     -0.00435
  9.76     -0.00420
  9.78     -0.00570
  9.80     -0.00752
  9.82     -0.00971
  9.84     -0.01208
  9.86     -0.01308
  9.88     -0.01316
  9.90     -0.01181
  9.92     -0.01271
  9.94     -0.01157
  9.96     -0.01180
  9.98     -0.01235
 10.00     -0.01390
 10.02     -0.01305
 10.04     -0.01509
 10.06     -0.01407
 10.08     -0.01457
 10.10     -0.01357
 10.12     -0.01600
 10.14     -0.01319
 10.16     -0.01344
 10.18     -0.01250
 10.20     -0.01184
 10.22     -0.00895
 10.24     -0.00882
 10.26     -0.00822
 10.28     -0.00618
 10.30     -0.00630
 10.32     -0.00668
 10.34     -0.00847
 10.36     -0.00674
 10.38     -0.00642
 10.40     -0.00545
 10.42     -0.00473
 10.44     -0.00221
 10.46     -0.00380
 10.48     -0.00343
 10.50     -0.00263
 10.52     -0.00195
 10.54     -0.00044
 10.56      0.00078
 10.58      0.00220
 10.60      0.00354
 10.62      0.00418
 10.64      0.00382
 10.66      0.00552
 10.68      0.00583
 10.70      0.00595
 10.72      0.00652
 10.74      0.00651
 10.76      0.00726
 10.78      0.00903
 10.80      0.01032
 10.82      0.01008
 10.84      0.01298
 10.86      0.01207
 10.88      0.01273
 10.90      0.01254
 10.92      0.01381
 10.94      0.01153
 10.96      0.01231
 10.98      0.01059
 11.00      0.01033
 11.02      0.01008
 11.04      0.01014
 11.06      0.00861
 11.08      0.00686
 11.10      0.00517
 11.12      0.00250
 11.14      0.00296
 11.16      0.00502
 11.18      0.00593
 11.20      0.00523
 11.22      0.00830
 11.24      0.00750
 11.26      0.00549
 11.28      0.00605
 11.30      0.00742
 11.32      0.00749
 11.34      0.00899
 11.36      0.00944
 11.38      0.00832
 11.40      0.00751
 11.42      0.00750
 11.44      0.00541
 11.46      0.00549
 11.48      0.00537
 11.50      0.00536
 11.52      0.00306
 11.54      0.00287
 11.56      0.00350
 11.58      0.00367
 11.60      0.00316
 11.62      0.00147
 11.64      0.00186
 11.66      0.00133
 11.68      0.00062
 11.70      0.00038
 11.72      0.00147
 11.74      0.00177
 11.76     -0.00045
 11.78     -0.00005
 11.80     -0.00108
 11.82     -0.00211
 11.84     -0.00497
 11.86     -0.00571
 11.88     -0.00677
 11.90     -0.00617
 11.92     -0.00686
 11.94     -0.00644
 11.96     -0.00667
 11.98     -0.00939
 12.00     -0.01114
 12.02     -0.01065
 12.04     -0.01159
 12.06     -0.01332
 12.08     -0.01309
 12.10     -0.01487
 12.12     -0.01812
 12.14     -0.01957
 12.16     -0.01901
 12.18     -0.02031
 12.20     -0.01943
 12.22     -0.01826
 12.24     -0.01738
 12.26     -0.01696
 12.28     -0.01412
 12.30     -0.01281
 12.32     -0.01018
 12.34     -0.00764
 12.36     -0.00716
 12.38     -0.00770
 12.40     -0.00684
 12.42     -0.00622
 12.44     -0.00685
 12.46     -0.00409
 12.48     -0.00046
 12.50      0.00195
 12.52      0.00325
 12.54      0.00281
 12.56      0.00324
 12.58      0.00272
 12.60      0.00130
 12.62      0.00214
 12.64      0.00369
 12.66      0.00508
 12.68      0.00503
 12.70      0.00586
 12.72      0.00416
 12.74      0.00497
 12.76      0.00440
 12.78      0.00667
 12.80      0.00886
 12.82      0.01057
 12.84      0.01197
 12.86      0.01498
 12.88      0.01405
 12.90      0.01255
 12.92      0.01212
 12.94      0.01181
 12.96      0.00996
 12.98      0.01134
 13.00      0.01315
 13.02      0.01516
 13.04      0.01527
 13.06      0.01571
 13.08      0.01521
 13.10      0.01454
 13.12      0.01222
 13.14      0.01279
 13.16      0.01178
 13.18      0.00993
 13.20      0.00886
 13.22      0.01029
 13.24      0.00884
 13.26      0.00845
 13.28      0.00830
 13.30      0.00930
 13.32      0.00818
 13.34      0.00839
 13.36      0.00542
 13.38      0.00622
 13.40      0.00382
 13.42      0.00143
 13.44     -0.00089
 13.46     -0.00004
 13.48     -0.00300
 13.50     -0.00579
 13.52     -0.00540
 13.54     -0.00636
 13.56     -0.00766
 13.58     -0.00915
 13.60     -0.00696
 13.62     -0.00761
 13.64     -0.00660
 13.66     -0.00695
 13.68     -0.00698
 13.70     -0.00750
 13.72     -0.00681
 13.74     -0.00765
 13.76     -0.00749
 13.78     -0.00553
 13.80     -0.00522
 13.82     -0.00512
 13.84     -0.00485
 13.86     -0.00379
 13.88     -0.00388
 13.90     -0.00552
 13.92     -0.00569
 13.94     -0.00479
 13.96     -0.00584
 13.98     -0.00624
 14.00     -0.00533
 14.02     -0.00525
 14.04     -0.00661
 14.06     -0.00637
 14.08     -0.00654
 14.10     -0.00682
 14.12     -0.00713
 14.14     -0.00608
 14.16     -0.00495
 14.18     -0.00395
 14.20     -0.00348
 14.22     -0.00402
 14.24     -0.00348
 14.26     -0.00372
 14.28     -0.00443
 14.30     -0.00242
 14.32     -0.00099
 14.34     -0.00190
 14.36     -0.00012
 14.38      0.00050
 14.40      0.00013
 14.42     -0.00034
 14.44      0.00037
 14.46     -0.00032
 14.48     -0.00021
 14.50     -0.00017
 14.52      0.00035
 14.54      0.00004
 14.56     -0.00081
 14.58      0.00021
 14.60     -0.00094
 14.62     -0.00093
 14.64     -0.00104
 14.66     -0.00196
 14.68     -0.00397
 14.70     -0.00338
 14.72     -0.00362
 14.74     -0.00063
 14.76      0.00139
 14.78      0.00195
 14.80      0.00172
 14.82      0.00121
 14.84     -0.00116
 14.86     -0.00148
 14.88     -0.00087
 14.90      0.00078
 14.92      0.00266
 14.94      0.00371
 14.96      0.00394
 14.98      0.00454
 15.00      0.00510
 15.02      0.00518
 15.04      0.00637
 15.06      0.00774
 15.08      0.00953
 15.10      0.00991
 15.12      0.01108
 15.14      0.00970
 15.16      0.00945
 15.18      0.00756
 15.20      0.00662
 15.22      0.00752
 15.24      0.00939
 15.26      0.01037
 15.28      0.01169
 15.30      0.01372
 15.32      0.01273
 15.34      0.01278
 15.36      0.01250
 15.38      0.01176
 15.40      0.00956
 15.42      0.00720
 15.44      0.00587
 15.46      0.00379
 15.48      0.00409
 15.50      0.00377
 15.52      0.00394
 15.54      0.00405
 15.56      0.00382
 15.58      0.00255
 15.60      0.00243
 15.62      0.00256
 15.64     -0.00061
 15.66     -0.00156
 15.68     -0.00212
 15.70     -0.00367
 15.72     -0.00439
 15.74     -0.00427
 15.76     -0.00402
 15.78     -0.00555
 15.80     -0.00562
 15.82     -0.00742
 15.84     -0.00742
 15.86     -0.00846
 15.88     -0.00869
 15.90     -0.01236
 15.92     -0.01207
 15.94     -0.01330
 15.96     -0.01329
 15.98     -0.01290
 16.00     -0.00985
 16.02     -0.00888
 16.04     -0.00767
 16.06     -0.00880
 16.08     -0.00892
 16.10     -0.00991
 16.12     -0.01079
 16.14     -0.01031
 16.16     -0.00899
 16.18     -0.00828
 16.20     -0.00730
 16.22     -0.00643
 16.24     -0.00613
 16.26     -0.00702
 16.28     -0.00696
 16.30     -0.00526
 16.32     -0.00538
 16.34     -0.00401
 16.36     -0.00134
 16.38     -0.00080
 16.40     -0.00130
 16.42     -0.00028
 16.44     -0.00039
 16.46     -0.00026
 16.48      0.00020
 16.50      0.00080
 16.52      0.00115
 16.54      0.00179
 16.56      0.00257
 16.58      0.00347
 16.60      0.00435
 16.62      0.00448
 16.64      0.00502
 16.66      0.00390
 16.68      0.00559
 16.70      0.00586
 16.72      0.00813
 16.74      0.00757
 16.76      0.00911
 16.78      0.00827
 16.80      0.00820
 16.82      0.00696
 16.84      0.00751
 16.86      0.00764
 16.88      0.00759
 16.90      0.00664
 16.92      0.00558
 16.94      0.00636
 16.96      0.00647
 16.98      0.00532
 17.00      0.00594
 17.02      0.00655
 17.04      0.00620
 17.06      0.00624
 17.08      0.00708
 17.10      0.00765
 17.12      0.00658
 17.14      0.00531
 17.16      0.00300
 17.18      0.00342
 17.20      0.00260
 17.22      0.00233
 17.24      0.00232
 17.26      0.00166
 17.28      0.00106
 17.30     -0.00006
 17.32      0.00036
 17.34     -0.00044
 17.36      0.00085
 17.38     -0.00048
 17.40      0.00007
 17.42      0.00005
 17.44      0.00055
 17.46     -0.00038
 17.48     -0.00064
 17.50     -0.00282
 17.52     -0.00375
 17.54     -0.00493
 17.56     -0.00474
 17.58     -0.00509
 17.60     -0.00189
 17.62     -0.00025
 17.64      0.00031
 17.66      0.00068
 17.68      0.00142
 17.70      0.00039
 17.72     -0.00005
 17.74      0.00036
 17.76     -0.00047
 17.78     -0.00181
 17.80     -0.00135
 17.82     -0.00135
 17.84     -0.00217
 17.86     -0.00096
 17.88      0.00092
 17.90     -0.00060
 17.92     -0.00166
 17.94     -0.00100
 17.96     -0.00286
 17.98     -0.00371
 18.00     -0.00359
 18.02     -0.00332
 18.04     -0.00469
 18.06     -0.00356
 18.08     -0.00434
 18.10     -0.00394
 18.12     -0.00421
 18.14     -0.00248
 18.16     -0.00202
 18.18     -0.00229
 18.20     -0.00332
 18.22     -0.00380
 18.24     -0.00505
 18.26     -0.00479
 18.28     -0.00354
 18.30     -0.00216
 18.32     -0.00241
 18.34     -0.00210
 18.36     -0.00321
 18.38     -0.00420
 18.40     -0.00395
 18.42     -0.00284
 18.44     -0.00088
 18.46     -0.00081
 18.48     -0.00004
 18.50     -0.00001
 18.52      0.00022
 18.54     -0.00130
 18.56     -0.00071
 18.58      0.00042
 18.60      0.00088
 18.62      0.00117
 18.64      0.00072
 18.66      0.00134
 18.68      0.00056
 18.70     -0.00032
 18.72     -0.00047
 18.74      0.00110
 18.76      0.00065
 18.78      0.00033
 18.80      0.00088
 18.82      0.00197
 18.84      0.00222
 18.86      0.00297
 18.88      0.00483
 18.90      0.00485
 18.92      0.00521
 18.94      0.00438
 18.96      0.00437
 18.98      0.00315
 19.00      0.00376
 19.02      0.00453
 19.04      0.00454
 19.06      0.00387
 19.08      0.00409
 19.10      0.00431
 19.12      0.00225
 19.14      0.00244
 19.16      0.00371
 19.18      0.00378
 19.20      0.00182
 19.22      0.00252
 19.24      0.00173
 19.26     -0.00034
 19.28     -0.00106
 19.30      0.00064
 19.32     -0.00012
 19.34      0.00069
 19.36      0.00239
 19.38      0.00329
 19.40      0.00290
 19.42      0.00373
 19.44      0.00328
 19.46      0.00198
 19.48      0.00217
 19.50      0.00108
 19.52      0.00059
 19.54      0.00099
 19.56      0.00197
 19.58      0.00047
 19.60      0.00151
 19.62      0.00069
 19.64      0.00088
 19.66      0.00024
 19.68      0.00046
 19.70     -0.00067
 19.72     -0.00006
 19.74     -0.00023
 19.76     -0.00007
 19.78     -0.00069
 19.80     -0.00018
 19.82     -0.00075
 19.84     -0.00060
 19.86     -0.00080
 19.88     -0.00101
 19.90     -0.00061
 19.92     -0.00077
 19.94     -0.00240
 19.96     -0.00225
 19.98     -0.00172
 20.00     -0.00206
 20.02     -0.00270
 20.04     -0.00251
 20.06     -0.00323
 20.08     -0.00256
 20.10     -0.00393
 20.12     -0.00368
 20.14     -0.00302
 20.16     -0.00250
 20.18     -0.00240
 20.20     -0.00312
 20.22     -0.00309
 20.24     -0.00354
 20.26     -0.00437
 20.28     -0.00464
 20.30     -0.00237
 20.32     -0.00232
 20.34     -0.00317
 20.36     -0.00227
 20.38     -0.00291
 20.40     -0.00371
 20.42     -0.00288
 20.44     -0.00138
 20.46     -0.00210
 20.48     -0.00301
 20.50     -0.00279
 20.52     -0.00268
 20.54     -0.00320
 20.56     -0.00223
 20.58     -0.00014
 20.60     -0.00046
 20.62      0.00043
 20.64      0.00082
 20.66      0.00094
 20.68     -0.00026
 20.70      0.00096
 20.72      0.00044
 20.74     -0.00055
 20.76      0.00049
 20.78      0.00328
 20.80      0.00328
 20.82      0.00511
 20.84      0.00693
 20.86      0.00677
 20.88      0.00555
 20.90      0.00790
 20.92      0.00665
 20.94      0.00697
 20.96      0.00613
 20.98      0.00569
 21.00      0.00450
 21.02      0.00517
 21.04      0.00496
 21.06      0.00560
 21.08      0.00498
 21.10      0.00407
 21.12      0.00252
 21.14      0.00268
 21.16      0.00206
 21.18      0.00237
 21.20      0.00101
 21.22      0.00063
 21.24     -0.00046
 21.26     -0.00225
 21.28     -0.00335
 21.30     -0.00255
 21.32     -0.00333
 21.34     -0.00334
 21.36     -0.00252
 21.38     -0.00243
 21.40     -0.00337
 21.42     -0.00250
 21.44     -0.00323
 21.46     -0.00314
 21.48     -0.00326
 21.50     -0.00272
 21.52     -0.00312
 21.54     -0.00313
 21.56     -0.00276
 21.58     -0.00222
 21.60     -0.00257
 21.62     -0.00246
 21.64     -0.00180
 21.66     -0.00128
 21.68     -0.00121
 21.70     -0.00151
 21.72     -0.00108
 21.74     -0.00113
 21.76     -0.00037
 21.78      0.00029
 21.80      0.00097
 21.82      0.00187
 21.84      0.00276
 21.86      0.00284
 21.88      0.00327
 21.90      0.00467
 21.92      0.00451
 21.94      0.00501
 21.96      0.00438
 21.98      0.00422
 22.00      0.00331
 22.02      0.00263
 22.04      0.00198
 22.06      0.00220
 22.08      0.00152
 22.10      0.00084
 22.12      0.00076
 22.14      0.00096
 22.16      0.00110
 22.18      0.00181
 22.20      0.00247
 22.22      0.00243
 22.24      0.00175
 22.26      0.00010
 22.28     -0.00028
 22.30      0.00002
 22.32      0.00020
 22.34     -0.00111
 22.36     -0.00184
 22.38     -0.00267
 22.40     -0.00306
 22.42     -0.00421
 22.44     -0.00263
 22.46     -0.00136
 22.48     -0.00176
 22.50     -0.00302
 22.52     -0.00220
 22.54     -0.00353
 22.56     -0.00406
 22.58     -0.00304
 22.60     -0.00263
 22.62     -0.00268
 22.64     -0.00217
 22.66     -0.00227
 22.68     -0.00328
 22.70     -0.00331
 22.72     -0.00404
 22.74     -0.00451
 22.76     -0.00420
 22.78     -0.00335
 22.80     -0.00268
 22.82     -0.00230
 22.84     -0.00188
 22.86     -0.00166
 22.88     -0.00164
 22.90     -0.00170
 22.92     -0.00067
 22.94     -0.00091
 22.96     -0.00042
 22.98     -0.00100
 23.00     -0.00117
 23.02     -0.00114
 23.04     -0.00020
 23.06      0.00050
 23.08      0.00175
 23.10      0.00296
 23.12      0.00445
 23.14      0.00567
 23.16      0.00554
 23.18      0.00576
 23.20      0.00586
 23.22      0.00376
 23.24      0.00322
 23.26      0.00255
 23.28      0.00284
 23.30      0.00289
 23.32      0.00391
 23.34      0.00389
 23.36      0.00480
 23.38      0.00414
 23.40      0.00393
 23.42      0.00438
 23.44      0.00416
 23.46      0.00348
 23.48      0.00314
 23.50      0.00356
 23.52      0.00157
 23.54      0.00089
 23.56      0.00113
 23.58      0.00215
 23.60      0.00070
 23.62      0.00161
 23.64      0.00202
 23.66      0.00139
 23.68      0.00034
 23.70     -0.00022
 23.72     -0.00140
 23.74     -0.00182
 23.76     -0.00216
 23.78     -0.00224
 23.80     -0.00144
 23.82     -0.00049
 23.84     -0.00080
 23.86     -0.00097
 23.88     -0.00196
 23.90     -0.00198
 23.92     -0.00246
 23.94     -0.00299
 23.96     -0.00241
 23.98     -0.00041
 24.00     -0.00096
 24.02     -0.00140
 24.04     -0.00121
 24.06     -0.00174
 24.08     -0.00237
 24.10     -0.00193
 24.12     -0.00134
 24.14     -0.00056
 24.16     -0.00048
 24.18     -0.00057
 24.20      0.00000
 24.22     -0.00001
 24.24      0.00053
 24.26      0.00047
 24.28      0.00058
 24.30      0.00007
 24.32      0.00031
 24.34     -0.00049
 24.36     -0.00053
 24.38     -0.00016
 24.40      0.00073
 24.42      0.00031
 24.44      0.00158
 24.46      0.00248
 24.48      0.00274
 24.50      0.00218
 24.52      0.00182
 24.54      0.00083
 24.56     -0.00010
 24.58     -0.00098
 24.60     -0.00035
 24.62      0.00014
 24.64     -0.00024
 24.66      0.00043
 24.68     -0.00106
 24.70     -0.00225
 24.72     -0.00194
 24.74     -0.00268
 24.76     -0.00294
 24.78     -0.00144
 24.80     -0.00187
 24.82     -0.00193
 24.84     -0.00097
 24.86     -0.00096
 24.88     -0.00132
 24.90     -0.00138
 24.92     -0.00195
 24.94     -0.00167
 24.96     -0.00194
 24.98     -0.00197
 25.00     -0.00190
 25.02     -0.00202
 25.04     -0.00263
 25.06     -0.00244
 25.08     -0.00256
 25.10     -0.00214
 25.12     -0.00188
 25.14     -0.00071
 25.16     -0.00083
 25.18     -0.00029
 25.20      0.00058
 25.22      0.00098
 25.24      0.00061
 25.26      0.00114
 25.28      0.00171
 25.30      0.00168
 25.32      0.00180
 25.34      0.00091
 25.36      0.00117
 25.38      0.00150
 25.40      0.00194
 25.42      0.00279
 25.44      0.00381
 25.46      0.00357
 25.48      0.00266
 25.50      0.00244
 25.52      0.00257
 25.54      0.00280
 25.56      0.00347
 25.58      0.00340
 25.60      0.00342
 25.62      0.00232
 25.64      0.00276
 25.66      0.00185
 25.68      0.00248
 25.70      0.00212
 25.72      0.00296
 25.74      0.00111
 25.76      0.00123
 25.78      0.00124
 25.80      0.00121
 25.82      0.00018
 25.84      0.00132
 25.86      0.00163
 25.88      0.00097
 25.90      0.00073
 25.92      0.00097
 25.94      0.00057
 25.96      0.00062
 25.98      0.00122
 26.00      0.00087
 26.02      0.00092
 26.04      0.00108
 26.06      0.00075
 26.08     -0.00011
 26.10     -0.00030
 26.12      0.00032
 26.14     -0.00034
 26.16     -0.00030
 26.18     -0.00024
 26.20     -0.00006
 26.22     -0.00070
 26.24      0.00010
 26.26     -0.00083
 26.28     -0.00009
 26.30      0.00011
 26.32     -0.00035
 26.34     -0.00037
 26.36      0.00106
 26.38      0.00053
 26.40      0.00110
 26.42      0.00105
 26.44      0.00138
 26.46      0.00085
 26.48     -0.00024
 26.50     -0.00070
 26.52     -0.00087
 26.54     -0.00173
 26.56     -0.00260
 26.58     -0.00147
 26.60     -0.00115
 26.62     -0.00062
 26.64     -0.00048
 26.66      0.00033
 26.68      0.00052
 26.70     -0.00000
 26.72     -0.00002
 26.74     -0.00047
 26.76     -0.00105
 26.78     -0.00089
 26.80     -0.00094
 26.82     -0.00074
 26.84     -0.00045
 26.86     -0.00045
 26.88     -0.00065
 26.90     -0.00052
 26.92     -0.00047
 26.94     -0.00043
 26.96     -0.00008
 26.98     -0.00036
 27.00     -0.00068
 27.02     -0.00105
 27.04     -0.00104
 27.06     -0.00162
 27.08     -0.00129
 27.10     -0.00107
 27.12     -0.00077
 27.14     -0.00099
 27.16     -0.00043
 27.18     -0.00086
 27.20     -0.00102
 27.22     -0.00076
 27.24     -0.00074
 27.26     -0.00144
 27.28     -0.00142
 27.30     -0.00093
 27.32     -0.00116
 27.34     -0.00060
 27.36      0.00077
 27.38      0.00108
 27.40      0.00059
 27.42      0.00021
 27.44     -0.00034
 27.46     -0.00136
 27.48     -0.00106
 27.50     -0.00083
 27.52     -0.00034
 27.54     -0.00049
 27.56      0.00071
 27.58      0.00049
 27.60      0.00041
 27.62      0.00036
 27.64      0.00107
 27.66      0.00054
 27.68      0.00054
 27.70      0.00095
 27.72      0.00169
 27.74      0.00166
 27.76      0.00224
 27.78      0.00234
 27.80      0.00245
 27.82      0.00217
 27.84      0.00200
 27.86      0.00165
 27.88      0.00132
 27.90      0.00135
 27.92      0.00090
 27.94      0.00202
 27.96      0.00188
 27.98      0.00273
 28.00      0.00311
 28.02      0.00348
 28.04      0.00248
 28.06      0.00166
 28.08      0.00090
 28.10     -0.00003
 28.12     -0.00015
 28.14     -0.00035
 28.16     -0.00006
 28.18      0.00074
 28.20      0.00065
 28.22      0.00036
 28.24      0.00002
 28.26      0.00027
 28.28     -0.00069
 28.30     -0.00095
 28.32     -0.00094
 28.34     -0.00024
 28.36     -0.00031
 28.38      0.00010
 28.40      0.00075
 28.42      0.00030
 28.44     -0.00058
 28.46     -0.00064
 28.48     -0.00150
 28.50     -0.00192
 28.52     -0.00208
 28.54     -0.00191
 28.56     -0.00236
 28.58     -0.00155
 28.60     -0.00188
 28.62     -0.00143
 28.64     -0.00112
 28.66     -0.00083
 28.68     -0.00161
 28.70     -0.00130
 28.72     -0.00130
 28.74     -0.00114
 28.76     -0.00144
 28.78     -0.00128
 28.80     -0.00128
 28.82     -0.00175
 28.84     -0.00204
 28.86     -0.00197
 28.88     -0.00174
 28.90     -0.00198
 28.92     -0.00154
 28.94     -0.00164
 28.96     -0.00146
 28.98     -0.00142
 29.00     -0.00093
 29.02     -0.00111
 29.04     -0.00107
 29.06     -0.00124
 29.08     -0.00139
 29.10     -0.00180
 29.12     -0.00195
 29.14     -0.00187
 29.16     -0.00144
 29.18     -0.00150
 29.20     -0.00107
 29.22     -0.00064
 29.24     -0.00063
 29.26     -0.00132
 29.28     -0.00108
 29.30     -0.00142
 29.32     -0.00158
 29.34     -0.00141
 29.36     -0.00087
 29.38     -0.00108
 29.40     -0.00064
 29.42     -0.00077
 29.44     -0.00026
 29.46     -0.00013
 29.48      0.00006
 29.50     -0.00031
 29.52      0.00022
 29.54     -0.00075
 29.56     -0.00041
 29.58     -0.00013
 29.60      0.00030
 29.62      0.00004
 29.64      0.00068
 29.66      0.00054
 29.68      0.00032
 29.70     -0.00028
 29.72     -0.00024
 29.74     -0.00041
 29.76     -0.00035
 29.78     -0.00017
 29.80      0.00018
 29.82      0.00015
 29.84     -0.00009
 29.86     -0.00049
 29.88     -0.00087
 29.90     -0.00086
 29.92     -0.00079
 29.94     -0.00064
 29.96     -0.00062
 29.98     -0.00032
 30.00     -0.00043
