 #r(A)        G(r)
  0.02      0.00000
  0.04      0.00000
  0.06      0.00000
  0.08      0.00000
  0.10     -0.00000
  0.12     -0.00000
  0.14     -0.00000
  0.16     -0.00000
  0.18     -0.00000
  0.20     -0.00000
  0.22     -0.00000
  0.24     -0.00000
  0.26     -0.00000
  0.28     -0.00001
  0.30     -0.00001
  0.32     -0.00001
  0.34     -0.00002
  0.36     -0.00002
  0.38     -0.00003
  0.40     -0.00004
  0.42     -0.00005
  0.44     -0.00006
  0.46     -0.00007
  0.48     -0.00008
  0.50     -0.00009
  0.52     -0.00011
  0.54     -0.00012
  0.56     -0.00014
  0.58     -0.00016
  0.60     -0.00018
  0.62     -0.00022
  0.64     -0.00027
  0.66     -0.00035
  0.68     -0.00047
  0.70     -0.00063
  0.72     -0.00084
  0.74     -0.00111
  0.76     -0.00143
  0.78     -0.00180
  0.80     -0.00220
  0.82     -0.00263
  0.84     -0.00308
  0.86     -0.00353
  0.88     -0.00400
  0.90     -0.00446
  0.92     -0.00493
  0.94     -0.00540
  0.96     -0.00587
  0.98     -0.00634
  1.00     -0.00681
  1.02     -0.00728
  1.04     -0.00775
  1.06     -0.00822
  1.08     -0.00869
  1.10     -0.00916
  1.12     -0.00963
  1.14     -0.01010
  1.16     -0.01057
  1.18     -0.01104
  1.20     -0.01151
  1.22     -0.01199
  1.24     -0.01246
  1.26     -0.01293
  1.28     -0.01340
  1.30     -0.01387
  1.32     -0.01434
  1.34     -0.01481
  1.36     -0.01529
  1.38     -0.01576
  1.40     -0.01623
  1.42     -0.01670
  1.44     -0.01718
  1.46     -0.01765
  1.48     -0.01812
  1.50     -0.01860
  1.52     -0.01907
  1.54     -0.01955
  1.56     -0.02002
  1.58     -0.02049
  1.60     -0.02097
  1.62     -0.02145
  1.64     -0.02192
  1.66     -0.02240
  1.68     -0.02288
  1.70     -0.02336
  1.72     -0.02385
  1.74     -0.02433
  1.76     -0.02482
  1.78     -0.02532
  1.80     -0.02583
  1.82     -0.02635
  1.84     -0.02688
  1.86     -0.02742
  1.88     -0.02797
  1.90     -0.02854
  1.92     -0.02913
  1.94     -0.02972
  1.96     -0.03032
  1.98     -0.03093
  2.00     -0.03155
  2.02     -0.03217
  2.04     -0.03280
  2.06     -0.03339
  2.08     -0.03392
  2.10     -0.03441
  2.12     -0.03492
  2.14     -0.03532
  2.16     -0.03566
  2.18     -0.03585
  2.20     -0.03570
  2.22     -0.03539
  2.24     -0.03506
  2.26     -0.03465
  2.28     -0.03396
  2.30     -0.03393
  2.32     -0.03378
  2.34     -0.03335
  2.36     -0.03360
  2.38     -0.03415
  2.40     -0.03423
  2.42     -0.03476
  2.44     -0.03538
  2.46     -0.03552
  2.48     -0.03508
  2.50     -0.03555
  2.52     -0.03382
  2.54     -0.03078
  2.56     -0.02162
  2.58     -0.00354
  2.60      0.02543
  2.62      0.07330
  2.64      0.14023
  2.66      0.22376
  2.68      0.31049
  2.70      0.39044
  2.72      0.44398
  2.74      0.45784
  2.76      0.43478
  2.78      0.38298
  2.80      0.30559
  2.82      0.21762
  2.84      0.14243
  2.86      0.07566
  2.88      0.02212
  2.90     -0.01055
  2.92     -0.02895
  2.94     -0.04108
  2.96     -0.04765
  2.98     -0.05169
  3.00     -0.05417
  3.02     -0.05496
  3.04     -0.05577
  3.06     -0.05628
  3.08     -0.05649
  3.10     -0.05684
  3.12     -0.05715
  3.14     -0.05733
  3.16     -0.05740
  3.18     -0.05763
  3.20     -0.05777
  3.22     -0.05768
  3.24     -0.05785
  3.26     -0.05814
  3.28     -0.05816
  3.30     -0.05825
  3.32     -0.05837
  3.34     -0.05833
  3.36     -0.05832
  3.38     -0.05843
  3.40     -0.05861
  3.42     -0.05874
  3.44     -0.05892
  3.46     -0.05888
  3.48     -0.05884
  3.50     -0.05907
  3.52     -0.05932
  3.54     -0.05889
  3.56     -0.05908
  3.58     -0.05858
  3.60     -0.05823
  3.62     -0.05688
  3.64     -0.05416
  3.66     -0.05120
  3.68     -0.04955
  3.70     -0.04429
  3.72     -0.03662
  3.74     -0.02761
  3.76     -0.01600
  3.78      0.00229
  3.80      0.01987
  3.82      0.03716
  3.84      0.04981
  3.86      0.06223
  3.88      0.06518
  3.90      0.06313
  3.92      0.05370
  3.94      0.04240
  3.96      0.02491
  3.98      0.01027
  4.00     -0.00721
  4.02     -0.02198
  4.04     -0.03329
  4.06     -0.04165
  4.08     -0.05054
  4.10     -0.05417
  4.12     -0.05714
  4.14     -0.06037
  4.16     -0.06218
  4.18     -0.06343
  4.20     -0.06407
  4.22     -0.06396
  4.24     -0.06439
  4.26     -0.06509
  4.28     -0.06505
  4.30     -0.06595
  4.32     -0.06671
  4.34     -0.06652
  4.36     -0.06622
  4.38     -0.06645
  4.40     -0.06593
  4.42     -0.06530
  4.44     -0.06401
  4.46     -0.06239
  4.48     -0.06001
  4.50     -0.05793
  4.52     -0.05378
  4.54     -0.04852
  4.56     -0.03796
  4.58     -0.02408
  4.60     -0.00013
  4.62      0.03058
  4.64      0.07437
  4.66      0.12011
  4.68      0.17925
  4.70      0.23441
  4.72      0.28587
  4.74      0.32276
  4.76      0.33851
  4.78      0.33992
  4.80      0.31725
  4.82      0.27701
  4.84      0.22157
  4.86      0.16839
  4.88      0.10432
  4.90      0.05369
  4.92      0.01044
  4.94     -0.01965
  4.96     -0.04051
  4.98     -0.05439
  5.00     -0.06393
  5.02     -0.06886
  5.04     -0.07293
  5.06     -0.07465
  5.08     -0.07558
  5.10     -0.07629
  5.12     -0.07680
  5.14     -0.07609
  5.16     -0.07660
  5.18     -0.07636
  5.20     -0.07586
  5.22     -0.07530
  5.24     -0.07450
  5.26     -0.07276
  5.28     -0.06926
  5.30     -0.06404
  5.32     -0.05709
  5.34     -0.04793
  5.36     -0.03618
  5.38     -0.02087
  5.40     -0.00042
  5.42      0.02127
  5.44      0.04250
  5.46      0.06105
  5.48      0.07597
  5.50      0.08294
  5.52      0.08056
  5.54      0.07237
  5.56      0.05723
  5.58      0.03858
  5.60      0.01444
  5.62     -0.00589
  5.64     -0.02713
  5.66     -0.04214
  5.68     -0.05687
  5.70     -0.06604
  5.72     -0.07272
  5.74     -0.07641
  5.76     -0.07903
  5.78     -0.08034
  5.80     -0.08094
  5.82     -0.08050
  5.84     -0.07891
  5.86     -0.07580
  5.88     -0.07134
  5.90     -0.06634
  5.92     -0.06018
  5.94     -0.04969
  5.96     -0.03717
  5.98     -0.02456
  6.00     -0.00584
  6.02      0.01518
  6.04      0.03756
  6.06      0.05977
  6.08      0.09039
  6.10      0.11515
  6.12      0.13644
  6.14      0.15240
  6.16      0.15901
  6.18      0.15427
  6.20      0.14396
  6.22      0.12479
  6.24      0.09716
  6.26      0.07062
  6.28      0.03803
  6.30      0.00833
  6.32     -0.01608
  6.34     -0.03550
  6.36     -0.05071
  6.38     -0.06141
  6.40     -0.06955
  6.42     -0.07549
  6.44     -0.07894
  6.46     -0.08187
  6.48     -0.08203
  6.50     -0.08279
  6.52     -0.08180
  6.54     -0.08012
  6.56     -0.07745
  6.58     -0.07321
  6.60     -0.06769
  6.62     -0.06023
  6.64     -0.05113
  6.66     -0.03831
  6.68     -0.02804
  6.70     -0.01603
  6.72     -0.00834
  6.74     -0.00150
  6.76     -0.00360
  6.78     -0.00691
  6.80     -0.01459
  6.82     -0.02374
  6.84     -0.03628
  6.86     -0.04639
  6.88     -0.05509
  6.90     -0.06325
  6.92     -0.06881
  6.94     -0.07267
  6.96     -0.07414
  6.98     -0.07493
  7.00     -0.07407
  7.02     -0.07175
  7.04     -0.06600
  7.06     -0.05637
  7.08     -0.04523
  7.10     -0.02695
  7.12     -0.00255
  7.14      0.02908
  7.16      0.06357
  7.18      0.10790
  7.20      0.15076
  7.22      0.19396
  7.24      0.23266
  7.26      0.27082
  7.28      0.29139
  7.30      0.29659
  7.32      0.29099
  7.34      0.26744
  7.36      0.22502
  7.38      0.17932
  7.40      0.13391
  7.42      0.08178
  7.44      0.03821
  7.46      0.00146
  7.48     -0.02753
  7.50     -0.04958
  7.52     -0.06336
  7.54     -0.07367
  7.56     -0.07813
  7.58     -0.08081
  7.60     -0.08152
  7.62     -0.08144
  7.64     -0.08007
  7.66     -0.07688
  7.68     -0.07354
  7.70     -0.07164
  7.72     -0.06676
  7.74     -0.06233
  7.76     -0.06009
  7.78     -0.05981
  7.80     -0.05667
  7.82     -0.05748
  7.84     -0.05819
  7.86     -0.06168
  7.88     -0.06310
  7.90     -0.06701
  7.92     -0.06894
  7.94     -0.07043
  7.96     -0.07093
  7.98     -0.07022
  8.00     -0.06696
  8.02     -0.06321
  8.04     -0.05918
  8.06     -0.04845
  8.08     -0.03860
  8.10     -0.02470
  8.12     -0.00934
  8.14      0.01126
  8.16      0.03085
  8.18      0.05192
  8.20      0.07169
  8.22      0.09138
  8.24      0.10439
  8.26      0.11282
  8.28      0.11898
  8.30      0.11368
  8.32      0.10184
  8.34      0.08528
  8.36      0.06458
  8.38      0.04034
  8.40      0.02037
  8.42     -0.00016
  8.44     -0.01863
  8.46     -0.03176
  8.48     -0.04208
  8.50     -0.05028
  8.52     -0.05343
  8.54     -0.04918
  8.56     -0.04322
  8.58     -0.03573
  8.60     -0.02447
  8.62     -0.01033
  8.64      0.00051
  8.66      0.00966
  8.68      0.01855
  8.70      0.02558
  8.72      0.02659
  8.74      0.02471
  8.76      0.02261
  8.78      0.01603
  8.80      0.00414
  8.82     -0.00667
  8.84     -0.01770
  8.86     -0.03273
  8.88     -0.04564
  8.90     -0.05526
  8.92     -0.06134
  8.94     -0.06573
  8.96     -0.06401
  8.98     -0.05836
  9.00     -0.04922
  9.02     -0.04005
  9.04     -0.02654
  9.06     -0.01186
  9.08      0.00164
  9.10      0.01582
  9.12      0.02644
  9.14      0.03402
  9.16      0.03674
  9.18      0.03423
  9.20      0.02509
  9.22      0.01330
  9.24     -0.00195
  9.26     -0.01921
  9.28     -0.03249
  9.30     -0.04494
  9.32     -0.05302
  9.34     -0.05720
  9.36     -0.05923
  9.38     -0.05778
  9.40     -0.05144
  9.42     -0.04162
  9.44     -0.03315
  9.46     -0.02228
  9.48     -0.01040
  9.50      0.00162
  9.52      0.00993
  9.54      0.01886
  9.56      0.02232
  9.58      0.02286
  9.60      0.01852
  9.62      0.01245
  9.64      0.00573
  9.66      0.00044
  9.68     -0.00727
  9.70     -0.00994
  9.72     -0.00941
  9.74     -0.00598
  9.76      0.00476
  9.78      0.02147
  9.80      0.04128
  9.82      0.06359
  9.84      0.08769
  9.86      0.11121
  9.88      0.13628
  9.90      0.15643
  9.92      0.17412
  9.94      0.18421
  9.96      0.18717
  9.98      0.17799
 10.00      0.16233
 10.02      0.14189
 10.04      0.11534
 10.06      0.08552
 10.08      0.05648
 10.10      0.02641
 10.12     -0.00431
 10.14     -0.02749
 10.16     -0.04749
 10.18     -0.06348
 10.20     -0.07419
 10.22     -0.08199
 10.24     -0.08779
 10.26     -0.09192
 10.28     -0.09379
 10.30     -0.09416
 10.32     -0.09338
 10.34     -0.09270
 10.36     -0.08986
 10.38     -0.08736
 10.40     -0.08364
 10.42     -0.07914
 10.44     -0.07367
 10.46     -0.06599
 10.48     -0.05791
 10.50     -0.04622
 10.52     -0.03229
 10.54     -0.01681
 10.56     -0.00404
 10.58      0.00970
 10.60      0.02146
 10.62      0.03359
 10.64      0.04133
 10.66      0.04861
 10.68      0.05434
 10.70      0.05479
 10.72      0.05067
 10.74      0.04485
 10.76      0.03682
 10.78      0.02454
 10.80      0.01234
 10.82     -0.00110
 10.84     -0.01158
 10.86     -0.02447
 10.88     -0.03418
 10.90     -0.04290
 10.92     -0.04849
 10.94     -0.05359
 10.96     -0.05447
 10.98     -0.05458
 11.00     -0.05376
 11.02     -0.05485
 11.04     -0.05469
 11.06     -0.05421
 11.08     -0.05354
 11.10     -0.05265
 11.12     -0.05002
 11.14     -0.04925
 11.16     -0.04711
 11.18     -0.04280
 11.20     -0.03646
 11.22     -0.02960
 11.24     -0.02025
 11.26     -0.00817
 11.28      0.00497
 11.30      0.01728
 11.32      0.03070
 11.34      0.04261
 11.36      0.05133
 11.38      0.05554
 11.40      0.05738
 11.42      0.05133
 11.44      0.04584
 11.46      0.03568
 11.48      0.02339
 11.50      0.01063
 11.52      0.00166
 11.54     -0.00961
 11.56     -0.01521
 11.58     -0.01902
 11.60     -0.01865
 11.62     -0.01732
 11.64     -0.01284
 11.66     -0.00807
 11.68     -0.00286
 11.70     -0.00085
 11.72      0.00583
 11.74      0.00725
 11.76      0.00780
 11.78      0.00776
 11.80      0.00875
 11.82      0.00645
 11.84      0.00933
 11.86      0.01294
 11.88      0.01974
 11.90      0.02927
 11.92      0.03967
 11.94      0.05248
 11.96      0.06416
 11.98      0.07538
 12.00      0.08404
 12.02      0.08965
 12.04      0.09279
 12.06      0.09089
 12.08      0.08530
 12.10      0.07565
 12.12      0.06363
 12.14      0.04895
 12.16      0.03358
 12.18      0.01924
 12.20      0.00680
 12.22     -0.00372
 12.24     -0.01501
 12.26     -0.02144
 12.28     -0.02672
 12.30     -0.03067
 12.32     -0.03209
 12.34     -0.03247
 12.36     -0.03102
 12.38     -0.03048
 12.40     -0.02972
 12.42     -0.02955
 12.44     -0.02808
 12.46     -0.02658
 12.48     -0.02202
 12.50     -0.01693
 12.52     -0.00949
 12.54     -0.00379
 12.56      0.00036
 12.58      0.00771
 12.60      0.01315
 12.62      0.01567
 12.64      0.01738
 12.66      0.01999
 12.68      0.01711
 12.70      0.01345
 12.72      0.00817
 12.74      0.00380
 12.76     -0.00180
 12.78     -0.00865
 12.80     -0.01514
 12.82     -0.01940
 12.84     -0.02514
 12.86     -0.03021
 12.88     -0.03329
 12.90     -0.03554
 12.92     -0.03613
 12.94     -0.03391
 12.96     -0.03271
 12.98     -0.03207
 13.00     -0.02893
 13.02     -0.02700
 13.04     -0.02570
 13.06     -0.02294
 13.08     -0.02091
 13.10     -0.01839
 13.12     -0.01561
 13.14     -0.01037
 13.16     -0.00777
 13.18     -0.00322
 13.20     -0.00021
 13.22     -0.00081
 13.24     -0.00182
 13.26     -0.00310
 13.28     -0.00515
 13.30     -0.00792
 13.32     -0.01062
 13.34     -0.01550
 13.36     -0.02013
 13.38     -0.02740
 13.40     -0.03444
 13.42     -0.03968
 13.44     -0.04288
 13.46     -0.04580
 13.48     -0.04624
 13.50     -0.04643
 13.52     -0.04443
 13.54     -0.04319
 13.56     -0.04037
 13.58     -0.03491
 13.60     -0.02961
 13.62     -0.02317
 13.64     -0.01660
 13.66     -0.00634
 13.68      0.00225
 13.70      0.01536
 13.72      0.02943
 13.74      0.04255
 13.76      0.05344
 13.78      0.06517
 13.80      0.07025
 13.82      0.07269
 13.84      0.07035
 13.86      0.06500
 13.88      0.05586
 13.90      0.04595
 13.92      0.03343
 13.94      0.02381
 13.96      0.01305
 13.98      0.00490
 14.00     -0.00293
 14.02     -0.00723
 14.04     -0.01150
 14.06     -0.01206
 14.08     -0.01466
 14.10     -0.01076
 14.12     -0.00856
 14.14     -0.00290
 14.16      0.00441
 14.18      0.01333
 14.20      0.02068
 14.22      0.02763
 14.24      0.03465
 14.26      0.04113
 14.28      0.04949
 14.30      0.05398
 14.32      0.05974
 14.34      0.06385
 14.36      0.06671
 14.38      0.06455
 14.40      0.06336
 14.42      0.06289
 14.44      0.05949
 14.46      0.05180
 14.48      0.04401
 14.50      0.03899
 14.52      0.02945
 14.54      0.02361
 14.56      0.01809
 14.58      0.01469
 14.60      0.00898
 14.62      0.00417
 14.64     -0.00157
 14.66     -0.00439
 14.68     -0.00842
 14.70     -0.01481
 14.72     -0.01875
 14.74     -0.02366
 14.76     -0.03000
 14.78     -0.03571
 14.80     -0.03843
 14.82     -0.04159
 14.84     -0.04591
 14.86     -0.04869
 14.88     -0.04875
 14.90     -0.05140
 14.92     -0.05356
 14.94     -0.05404
 14.96     -0.05534
 14.98     -0.05803
 15.00     -0.05834
 15.02     -0.05972
 15.04     -0.05959
 15.06     -0.05914
 15.08     -0.05888
 15.10     -0.05750
 15.12     -0.05433
 15.14     -0.05070
 15.16     -0.04490
 15.18     -0.03727
 15.20     -0.03000
 15.22     -0.01917
 15.24     -0.01050
 15.26     -0.00080
 15.28      0.00896
 15.30      0.01916
 15.32      0.02472
 15.34      0.03060
 15.36      0.03363
 15.38      0.03556
 15.40      0.03497
 15.42      0.03103
 15.44      0.02888
 15.46      0.02371
 15.48      0.01691
 15.50      0.00791
 15.52      0.00260
 15.54     -0.00652
 15.56     -0.01178
 15.58     -0.01763
 15.60     -0.02032
 15.62     -0.02497
 15.64     -0.02489
 15.66     -0.02648
 15.68     -0.02432
 15.70     -0.01982
 15.72     -0.01095
 15.74     -0.00504
 15.76      0.00515
 15.78      0.01443
 15.80      0.02154
 15.82      0.02871
 15.84      0.03459
 15.86      0.03968
 15.88      0.04221
 15.90      0.04308
 15.92      0.04130
 15.94      0.03957
 15.96      0.03297
 15.98      0.02807
 16.00      0.02303
 16.02      0.01787
 16.04      0.01410
 16.06      0.01026
 16.08      0.00655
 16.10      0.00277
 16.12      0.00093
 16.14     -0.00178
 16.16     -0.00194
 16.18     -0.00236
 16.20     -0.00057
 16.22     -0.00135
 16.24     -0.00119
 16.26     -0.00010
 16.28     -0.00085
 16.30     -0.00063
 16.32      0.00084
 16.34      0.00073
 16.36     -0.00016
 16.38      0.00060
 16.40     -0.00064
 16.42     -0.00312
 16.44     -0.00428
 16.46     -0.00606
 16.48     -0.00744
 16.50     -0.00896
 16.52     -0.00943
 16.54     -0.00878
 16.56     -0.00551
 16.58     -0.00248
 16.60      0.00135
 16.62      0.00543
 16.64      0.00921
 16.66      0.01394
 16.68      0.02048
 16.70      0.02564
 16.72      0.03066
 16.74      0.03548
 16.76      0.03699
 16.78      0.03791
 16.80      0.03734
 16.82      0.03713
 16.84      0.03677
 16.86      0.03409
 16.88      0.02997
 16.90      0.02539
 16.92      0.01884
 16.94      0.01313
 16.96      0.00678
 16.98     -0.00196
 17.00     -0.00805
 17.02     -0.01279
 17.04     -0.01967
 17.06     -0.02270
 17.08     -0.02274
 17.10     -0.02306
 17.12     -0.02327
 17.14     -0.02278
 17.16     -0.02246
 17.18     -0.02259
 17.20     -0.02258
 17.22     -0.02186
 17.24     -0.02059
 17.26     -0.02096
 17.28     -0.02056
 17.30     -0.01950
 17.32     -0.02081
 17.34     -0.02171
 17.36     -0.02150
 17.38     -0.02319
 17.40     -0.02493
 17.42     -0.02520
 17.44     -0.02572
 17.46     -0.02726
 17.48     -0.02759
 17.50     -0.02792
 17.52     -0.02691
 17.54     -0.02722
 17.56     -0.02572
 17.58     -0.02367
 17.60     -0.02207
 17.62     -0.01995
 17.64     -0.01731
 17.66     -0.01506
 17.68     -0.01370
 17.70     -0.01049
 17.72     -0.00916
 17.74     -0.00681
 17.76     -0.00441
 17.78     -0.00166
 17.80      0.00002
 17.82      0.00167
 17.84      0.00284
 17.86      0.00397
 17.88      0.00540
 17.90      0.00696
 17.92      0.01032
 17.94      0.01140
 17.96      0.01451
 17.98      0.01651
 18.00      0.01941
 18.02      0.02044
 18.04      0.02511
 18.06      0.02552
 18.08      0.02806
 18.10      0.02928
 18.12      0.03021
 18.14      0.02925
 18.16      0.02992
 18.18      0.02825
 18.20      0.02512
 18.22      0.02144
 18.24      0.01756
 18.26      0.01364
 18.28      0.01049
 18.30      0.00676
 18.32      0.00487
 18.34      0.00444
 18.36      0.00481
 18.38      0.00463
 18.40      0.00552
 18.42      0.00690
 18.44      0.00760
 18.46      0.00848
 18.48      0.00939
 18.50      0.01349
 18.52      0.01431
 18.54      0.01573
 18.56      0.01456
 18.58      0.01265
 18.60      0.00842
 18.62      0.00496
 18.64      0.00052
 18.66     -0.00401
 18.68     -0.00699
 18.70     -0.00967
 18.72     -0.01355
 18.74     -0.01537
 18.76     -0.01575
 18.78     -0.01609
 18.80     -0.01661
 18.82     -0.01359
 18.84     -0.01279
 18.86     -0.01074
 18.88     -0.00880
 18.90     -0.00520
 18.92     -0.00290
 18.94      0.00039
 18.96      0.00278
 18.98      0.00326
 19.00      0.00185
 19.02      0.00199
 19.04      0.00038
 19.06     -0.00012
 19.08     -0.00011
 19.10      0.00003
 19.12     -0.00089
 19.14     -0.00099
 19.16     -0.00254
 19.18     -0.00196
 19.20     -0.00122
 19.22     -0.00090
 19.24      0.00086
 19.26      0.00207
 19.28      0.00277
 19.30      0.00376
 19.32      0.00433
 19.34      0.00594
 19.36      0.00677
 19.38      0.00610
 19.40      0.00598
 19.42      0.00508
 19.44      0.00118
 19.46     -0.00098
 19.48     -0.00256
 19.50     -0.00539
 19.52     -0.00767
 19.54     -0.00912
 19.56     -0.01039
 19.58     -0.01223
 19.60     -0.01415
 19.62     -0.01394
 19.64     -0.01392
 19.66     -0.01478
 19.68     -0.01381
 19.70     -0.01293
 19.72     -0.01298
 19.74     -0.01165
 19.76     -0.00946
 19.78     -0.00675
 19.80     -0.00440
 19.82     -0.00315
 19.84     -0.00277
 19.86     -0.00166
 19.88     -0.00106
 19.90     -0.00075
 19.92      0.00124
 19.94      0.00229
 19.96      0.00329
 19.98      0.00246
 20.00      0.00324
 20.02      0.00379
 20.04      0.00411
 20.06      0.00303
 20.08      0.00336
 20.10      0.00257
 20.12      0.00108
 20.14     -0.00019
 20.16     -0.00072
 20.18     -0.00174
 20.20     -0.00211
 20.22     -0.00254
 20.24     -0.00271
 20.26     -0.00275
 20.28     -0.00254
 20.30     -0.00220
 20.32     -0.00254
 20.34     -0.00057
 20.36      0.00215
 20.38      0.00372
 20.40      0.00672
 20.42      0.01089
 20.44      0.01363
 20.46      0.01449
 20.48      0.01616
 20.50      0.01561
 20.52      0.01424
 20.54      0.01176
 20.56      0.00928
 20.58      0.00584
 20.60      0.00341
 20.62      0.00004
 20.64     -0.00214
 20.66     -0.00559
 20.68     -0.00663
 20.70     -0.00896
 20.72     -0.00863
 20.74     -0.00830
 20.76     -0.00598
 20.78     -0.00444
 20.80     -0.00173
 20.82     -0.00134
 20.84      0.00024
 20.86      0.00112
 20.88      0.00158
 20.90      0.00370
 20.92      0.00597
 20.94      0.00676
 20.96      0.00794
 20.98      0.00846
 21.00      0.00734
 21.02      0.00671
 21.04      0.00629
 21.06      0.00468
 21.08      0.00487
 21.10      0.00310
 21.12      0.00268
 21.14      0.00212
 21.16      0.00150
 21.18      0.00010
 21.20     -0.00004
 21.22     -0.00151
 21.24     -0.00297
 21.26     -0.00407
 21.28     -0.00422
 21.30     -0.00490
 21.32     -0.00393
 21.34     -0.00410
 21.36     -0.00228
 21.38     -0.00206
 21.40     -0.00018
 21.42      0.00025
 21.44      0.00155
 21.46      0.00223
 21.48      0.00251
 21.50      0.00270
 21.52      0.00272
 21.54      0.00336
 21.56      0.00354
 21.58      0.00407
 21.60      0.00411
 21.62      0.00440
 21.64      0.00307
 21.66      0.00217
 21.68      0.00054
 21.70     -0.00036
 21.72     -0.00221
 21.74     -0.00281
 21.76     -0.00375
 21.78     -0.00355
 21.80     -0.00446
 21.82     -0.00363
 21.84     -0.00298
 21.86     -0.00243
 21.88     -0.00169
 21.90     -0.00042
 21.92     -0.00006
 21.94     -0.00038
 21.96     -0.00076
 21.98     -0.00077
 22.00     -0.00142
 22.02     -0.00205
 22.04     -0.00230
 22.06     -0.00381
 22.08     -0.00521
 22.10     -0.00686
 22.12     -0.00902
 22.14     -0.01092
 22.16     -0.01057
 22.18     -0.01199
 22.20     -0.01258
 22.22     -0.01166
 22.24     -0.01117
 22.26     -0.01131
 22.28     -0.01096
 22.30     -0.00944
 22.32     -0.00850
 22.34     -0.00722
 22.36     -0.00598
 22.38     -0.00346
 22.40     -0.00132
 22.42      0.00025
 22.44      0.00172
 22.46      0.00269
 22.48      0.00397
 22.50      0.00505
 22.52      0.00619
 22.54      0.00780
 22.56      0.01022
 22.58      0.01073
 22.60      0.01123
 22.62      0.01112
 22.64      0.01174
 22.66      0.01131
 22.68      0.01154
 22.70      0.01036
 22.72      0.01027
 22.74      0.00827
 22.76      0.00651
 22.78      0.00536
 22.80      0.00400
 22.82      0.00250
 22.84      0.00256
 22.86      0.00261
 22.88      0.00175
 22.90      0.00144
 22.92      0.00013
 22.94     -0.00142
 22.96     -0.00243
 22.98     -0.00265
 23.00     -0.00325
 23.02     -0.00326
 23.04     -0.00345
 23.06     -0.00369
 23.08     -0.00435
 23.10     -0.00463
 23.12     -0.00523
 23.14     -0.00490
 23.16     -0.00609
 23.18     -0.00657
 23.20     -0.00672
 23.22     -0.00610
 23.24     -0.00596
 23.26     -0.00456
 23.28     -0.00393
 23.30     -0.00311
 23.32     -0.00269
 23.34     -0.00285
 23.36     -0.00264
 23.38     -0.00246
 23.40     -0.00201
 23.42     -0.00090
 23.44      0.00042
 23.46      0.00111
 23.48      0.00263
 23.50      0.00338
 23.52      0.00490
 23.54      0.00549
 23.56      0.00635
 23.58      0.00691
 23.60      0.00704
 23.62      0.00699
 23.64      0.00640
 23.66      0.00619
 23.68      0.00672
 23.70      0.00637
 23.72      0.00511
 23.74      0.00524
 23.76      0.00499
 23.78      0.00292
 23.80      0.00212
 23.82      0.00168
 23.84      0.00069
 23.86      0.00049
 23.88      0.00090
 23.90      0.00199
 23.92      0.00207
 23.94      0.00283
 23.96      0.00242
 23.98      0.00270
 24.00      0.00286
 24.02      0.00304
 24.04      0.00265
 24.06      0.00236
 24.08      0.00134
 24.10      0.00027
 24.12     -0.00084
 24.14     -0.00099
 24.16     -0.00164
 24.18     -0.00164
 24.20     -0.00295
 24.22     -0.00360
 24.24     -0.00453
 24.26     -0.00449
 24.28     -0.00536
 24.30     -0.00547
 24.32     -0.00542
 24.34     -0.00586
 24.36     -0.00632
 24.38     -0.00603
 24.40     -0.00577
 24.42     -0.00633
 24.44     -0.00638
 24.46     -0.00667
 24.48     -0.00760
 24.50     -0.00757
 24.52     -0.00681
 24.54     -0.00644
 24.56     -0.00645
 24.58     -0.00596
 24.60     -0.00558
 24.62     -0.00580
 24.64     -0.00571
 24.66     -0.00501
 24.68     -0.00459
 24.70     -0.00423
 24.72     -0.00397
 24.74     -0.00357
 24.76     -0.00277
 24.78     -0.00158
 24.80     -0.00093
 24.82      0.00018
 24.84      0.00127
 24.86      0.00203
 24.88      0.00256
 24.90      0.00246
 24.92      0.00243
 24.94      0.00343
 24.96      0.00347
 24.98      0.00417
 25.00      0.00519
 25.02      0.00634
 25.04      0.00601
 25.06      0.00705
 25.08      0.00717
 25.10      0.00667
 25.12      0.00605
 25.14      0.00499
 25.16      0.00395
 25.18      0.00322
 25.20      0.00210
 25.22      0.00190
 25.24      0.00170
 25.26      0.00125
 25.28      0.00026
 25.30      0.00042
 25.32      0.00010
 25.34     -0.00043
 25.36     -0.00131
 25.38     -0.00116
 25.40     -0.00084
 25.42     -0.00113
 25.44     -0.00040
 25.46      0.00084
 25.48      0.00126
 25.50      0.00210
 25.52      0.00236
 25.54      0.00225
 25.56      0.00165
 25.58      0.00083
 25.60      0.00083
 25.62      0.00017
 25.64      0.00022
 25.66      0.00015
 25.68      0.00040
 25.70     -0.00035
 25.72     -0.00043
 25.74     -0.00087
 25.76     -0.00087
 25.78     -0.00095
 25.80     -0.00118
 25.82     -0.00089
 25.84     -0.00064
 25.86     -0.00063
 25.88     -0.00074
 25.90     -0.00093
 25.92     -0.00095
 25.94     -0.00139
 25.96     -0.00177
 25.98     -0.00166
 26.00     -0.00176
 26.02     -0.00142
 26.04     -0.00106
 26.06     -0.00062
 26.08     -0.00036
 26.10     -0.00029
 26.12      0.00025
 26.14      0.00059
 26.16      0.00077
 26.18      0.00125
 26.20      0.00183
 26.22      0.00203
 26.24      0.00238
 26.26      0.00203
 26.28      0.00196
 26.30      0.00171
 26.32      0.00107
 26.34      0.00011
 26.36      0.00020
 26.38     -0.00066
 26.40     -0.00037
 26.42     -0.00058
 26.44     -0.00008
 26.46     -0.00006
 26.48      0.00015
 26.50     -0.00045
 26.52     -0.00063
 26.54     -0.00090
 26.56     -0.00130
 26.58     -0.00167
 26.60     -0.00168
 26.62     -0.00200
 26.64     -0.00246
 26.66     -0.00263
 26.68     -0.00250
 26.70     -0.00269
 26.72     -0.00274
 26.74     -0.00305
 26.76     -0.00354
 26.78     -0.00442
 26.80     -0.00485
 26.82     -0.00533
 26.84     -0.00531
 26.86     -0.00520
 26.88     -0.00504
 26.90     -0.00488
 26.92     -0.00442
 26.94     -0.00411
 26.96     -0.00383
 26.98     -0.00300
 27.00     -0.00238
 27.02     -0.00168
 27.04     -0.00113
 27.06     -0.00030
 27.08      0.00055
 27.10      0.00149
 27.12      0.00176
 27.14      0.00187
 27.16      0.00237
 27.18      0.00261
 27.20      0.00260
 27.22      0.00335
 27.24      0.00393
 27.26      0.00393
 27.28      0.00376
 27.30      0.00328
 27.32      0.00253
 27.34      0.00220
 27.36      0.00172
 27.38      0.00121
 27.40      0.00088
 27.42      0.00076
 27.44      0.00098
 27.46      0.00104
 27.48      0.00113
 27.50      0.00107
 27.52      0.00098
 27.54      0.00040
 27.56      0.00039
 27.58      0.00030
 27.60      0.00028
 27.62     -0.00017
 27.64     -0.00026
 27.66     -0.00057
 27.68     -0.00078
 27.70     -0.00061
 27.72     -0.00006
 27.74     -0.00019
 27.76     -0.00033
 27.78     -0.00048
 27.80     -0.00051
 27.82     -0.00071
 27.84     -0.00042
 27.86     -0.00018
 27.88     -0.00025
 27.90      0.00010
 27.92      0.00022
 27.94      0.00021
 27.96      0.00032
 27.98      0.00079
 28.00      0.00053
 28.02      0.00033
 28.04      0.00035
 28.06      0.00037
 28.08      0.00007
 28.10      0.00023
 28.12      0.00026
 28.14      0.00006
 28.16     -0.00046
 28.18     -0.00024
 28.20     -0.00072
 28.22     -0.00100
 28.24     -0.00122
 28.26     -0.00088
 28.28     -0.00136
 28.30     -0.00125
 28.32     -0.00114
 28.34     -0.00119
 28.36     -0.00129
 28.38     -0.00118
 28.40     -0.00114
 28.42     -0.00113
 28.44     -0.00077
 28.46     -0.00085
 28.48     -0.00044
 28.50     -0.00062
 28.52     -0.00048
 28.54     -0.00070
 28.56     -0.00048
 28.58     -0.00035
 28.60     -0.00004
 28.62      0.00004
 28.64      0.00004
 28.66     -0.00044
 28.68     -0.00064
 28.70     -0.00078
 28.72     -0.00077
 28.74     -0.00047
 28.76     -0.00042
 28.78     -0.00036
 28.80     -0.00045
 28.82     -0.00063
 28.84     -0.00060
 28.86     -0.00040
 28.88     -0.00061
 28.90     -0.00043
 28.92     -0.00054
 28.94     -0.00068
 28.96     -0.00088
 28.98     -0.00106
 29.00     -0.00104
 29.02     -0.00111
 29.04     -0.00115
 29.06     -0.00111
 29.08     -0.00087
 29.10     -0.00125
 29.12     -0.00096
 29.14     -0.00117
 29.16     -0.00107
 29.18     -0.00143
 29.20     -0.00112
 29.22     -0.00113
 29.24     -0.00090
 29.26     -0.00073
 29.28     -0.00042
 29.30     -0.00032
 29.32     -0.00032
 29.34     -0.00032
 29.36     -0.00032
 29.38     -0.00018
 29.40     -0.00030
 29.42     -0.00015
 29.44     -0.00013
 29.46     -0.00003
 29.48     -0.00018
 29.50      0.00005
 29.52     -0.00009
 29.54      0.00010
 29.56      0.00002
 29.58      0.00029
 29.60      0.00030
 29.62      0.00028
 29.64      0.00019
 29.66      0.00038
 29.68      0.00025
 29.70      0.00011
 29.72      0.00015
 29.74      0.00019
 29.76     -0.00012
 29.78     -0.00011
 29.80     -0.00005
 29.82     -0.00014
 29.84     -0.00039
 29.86     -0.00039
 29.88     -0.00047
 29.90     -0.00068
 29.92     -0.00053
 29.94     -0.00046
 29.96     -0.00057
 29.98     -0.00052
 30.00     -0.00049
