 #r(A)        G(r)
  0.02      0.00000
  0.04      0.00000
  0.06      0.00000
  0.08      0.00000
  0.10     -0.00000
  0.12     -0.00000
  0.14     -0.00000
  0.16     -0.00000
  0.18     -0.00000
  0.20     -0.00000
  0.22     -0.00001
  0.24     -0.00001
  0.26     -0.00001
  0.28     -0.00002
  0.30     -0.00003
  0.32     -0.00004
  0.34     -0.00006
  0.36     -0.00008
  0.38     -0.00010
  0.40     -0.00013
  0.42     -0.00016
  0.44     -0.00019
  0.46     -0.00022
  0.48     -0.00026
  0.50     -0.00030
  0.52     -0.00035
  0.54     -0.00040
  0.56     -0.00045
  0.58     -0.00051
  0.60     -0.00058
  0.62     -0.00066
  0.64     -0.00076
  0.66     -0.00089
  0.68     -0.00106
  0.70     -0.00128
  0.72     -0.00155
  0.74     -0.00187
  0.76     -0.00225
  0.78     -0.00267
  0.80     -0.00312
  0.82     -0.00359
  0.84     -0.00408
  0.86     -0.00457
  0.88     -0.00507
  0.90     -0.00557
  0.92     -0.00607
  0.94     -0.00658
  0.96     -0.00708
  0.98     -0.00759
  1.00     -0.00809
  1.02     -0.00860
  1.04     -0.00911
  1.06     -0.00962
  1.08     -0.01012
  1.10     -0.01063
  1.12     -0.01114
  1.14     -0.01165
  1.16     -0.01216
  1.18     -0.01267
  1.20     -0.01319
  1.22     -0.01370
  1.24     -0.01421
  1.26     -0.01472
  1.28     -0.01523
  1.30     -0.01575
  1.32     -0.01626
  1.34     -0.01678
  1.36     -0.01729
  1.38     -0.01781
  1.40     -0.01832
  1.42     -0.01884
  1.44     -0.01935
  1.46     -0.01987
  1.48     -0.02039
  1.50     -0.02091
  1.52     -0.02143
  1.54     -0.02195
  1.56     -0.02247
  1.58     -0.02299
  1.60     -0.02351
  1.62     -0.02404
  1.64     -0.02456
  1.66     -0.02509
  1.68     -0.02562
  1.70     -0.02615
  1.72     -0.02669
  1.74     -0.02723
  1.76     -0.02778
  1.78     -0.02833
  1.80     -0.02890
  1.82     -0.02947
  1.84     -0.03006
  1.86     -0.03066
  1.88     -0.03128
  1.90     -0.03191
  1.92     -0.03255
  1.94     -0.03321
  1.96     -0.03387
  1.98     -0.03454
  2.00     -0.03522
  2.02     -0.03590
  2.04     -0.03658
  2.06     -0.03721
  2.08     -0.03790
  2.10     -0.03819
  2.12     -0.03863
  2.14     -0.03817
  2.16     -0.03782
  2.18     -0.03687
  2.20     -0.03551
  2.22     -0.03238
  2.24     -0.03012
  2.26     -0.02648
  2.28     -0.02384
  2.30     -0.02031
  2.32     -0.01841
  2.34     -0.01636
  2.36     -0.01637
  2.38     -0.01506
  2.40     -0.01678
  2.42     -0.01686
  2.44     -0.01740
  2.46     -0.01677
  2.48     -0.01590
  2.50     -0.01567
  2.52     -0.01427
  2.54     -0.01266
  2.56     -0.00488
  2.58      0.01335
  2.60      0.04723
  2.62      0.09746
  2.64      0.16802
  2.66      0.25029
  2.68      0.33133
  2.70      0.39648
  2.72      0.44021
  2.74      0.45390
  2.76      0.41245
  2.78      0.35297
  2.80      0.27127
  2.82      0.18111
  2.84      0.09581
  2.86      0.04436
  2.88     -0.00066
  2.90     -0.02333
  2.92     -0.03694
  2.94     -0.04512
  2.96     -0.05095
  2.98     -0.05477
  3.00     -0.05686
  3.02     -0.05764
  3.04     -0.05788
  3.06     -0.05798
  3.08     -0.05869
  3.10     -0.05877
  3.12     -0.05888
  3.14     -0.05982
  3.16     -0.06035
  3.18     -0.06055
  3.20     -0.06097
  3.22     -0.06080
  3.24     -0.06065
  3.26     -0.06032
  3.28     -0.06051
  3.30     -0.06086
  3.32     -0.06127
  3.34     -0.06145
  3.36     -0.06203
  3.38     -0.06213
  3.40     -0.06184
  3.42     -0.06162
  3.44     -0.06146
  3.46     -0.06084
  3.48     -0.06089
  3.50     -0.06138
  3.52     -0.06176
  3.54     -0.06184
  3.56     -0.06214
  3.58     -0.06069
  3.60     -0.05896
  3.62     -0.05722
  3.64     -0.05531
  3.66     -0.05082
  3.68     -0.04670
  3.70     -0.04041
  3.72     -0.03193
  3.74     -0.01798
  3.76     -0.00682
  3.78      0.00702
  3.80      0.02424
  3.82      0.03924
  3.84      0.04951
  3.86      0.05584
  3.88      0.06233
  3.90      0.05807
  3.92      0.04853
  3.94      0.03400
  3.96      0.01786
  3.98     -0.00095
  4.00     -0.01887
  4.02     -0.03084
  4.04     -0.03949
  4.06     -0.04300
  4.08     -0.04911
  4.10     -0.05080
  4.12     -0.05289
  4.14     -0.05506
  4.16     -0.05705
  4.18     -0.05674
  4.20     -0.05576
  4.22     -0.05686
  4.24     -0.05693
  4.26     -0.05675
  4.28     -0.05763
  4.30     -0.05935
  4.32     -0.05892
  4.34     -0.05887
  4.36     -0.05875
  4.38     -0.05760
  4.40     -0.05513
  4.42     -0.05301
  4.44     -0.05024
  4.46     -0.04673
  4.48     -0.04288
  4.50     -0.04006
  4.52     -0.03617
  4.54     -0.02906
  4.56     -0.01528
  4.58      0.00252
  4.60      0.02781
  4.62      0.06120
  4.64      0.10369
  4.66      0.14889
  4.68      0.19918
  4.70      0.25811
  4.72      0.30383
  4.74      0.32897
  4.76      0.33443
  4.78      0.31443
  4.80      0.26227
  4.82      0.20349
  4.84      0.14439
  4.86      0.08921
  4.88      0.04502
  4.90      0.01257
  4.92     -0.01009
  4.94     -0.02845
  4.96     -0.04165
  4.98     -0.05181
  5.00     -0.05865
  5.02     -0.06443
  5.04     -0.06720
  5.06     -0.06962
  5.08     -0.06993
  5.10     -0.07087
  5.12     -0.07141
  5.14     -0.07135
  5.16     -0.07118
  5.18     -0.07104
  5.20     -0.06953
  5.22     -0.06938
  5.24     -0.06860
  5.26     -0.06610
  5.28     -0.06349
  5.30     -0.05890
  5.32     -0.05074
  5.34     -0.04078
  5.36     -0.02717
  5.38     -0.00784
  5.40      0.01211
  5.42      0.03371
  5.44      0.05219
  5.46      0.06693
  5.48      0.07938
  5.50      0.07870
  5.52      0.06785
  5.54      0.05220
  5.56      0.03310
  5.58      0.00386
  5.60     -0.01567
  5.62     -0.03326
  5.64     -0.04676
  5.66     -0.05961
  5.68     -0.06591
  5.70     -0.07198
  5.72     -0.07396
  5.74     -0.07554
  5.76     -0.07613
  5.78     -0.07620
  5.80     -0.07513
  5.82     -0.07513
  5.84     -0.07295
  5.86     -0.06820
  5.88     -0.06464
  5.90     -0.05854
  5.92     -0.05054
  5.94     -0.04038
  5.96     -0.02651
  5.98     -0.00880
  6.00      0.01150
  6.02      0.03984
  6.04      0.06567
  6.06      0.09704
  6.08      0.12544
  6.10      0.14967
  6.12      0.15530
  6.14      0.16091
  6.16      0.15141
  6.18      0.13150
  6.20      0.10233
  6.22      0.08054
  6.24      0.05055
  6.26      0.02123
  6.28     -0.00215
  6.30     -0.01976
  6.32     -0.03700
  6.34     -0.04830
  6.36     -0.05557
  6.38     -0.06141
  6.40     -0.06495
  6.42     -0.06684
  6.44     -0.06725
  6.46     -0.06862
  6.48     -0.06708
  6.50     -0.06623
  6.52     -0.06457
  6.54     -0.06301
  6.56     -0.05990
  6.58     -0.05638
  6.60     -0.04991
  6.62     -0.04323
  6.64     -0.03392
  6.66     -0.02510
  6.68     -0.01437
  6.70     -0.00530
  6.72     -0.00103
  6.74     -0.00188
  6.76     -0.00741
  6.78     -0.01633
  6.80     -0.02415
  6.82     -0.03319
  6.84     -0.03963
  6.86     -0.04407
  6.88     -0.04795
  6.90     -0.05403
  6.92     -0.05650
  6.94     -0.05751
  6.96     -0.05573
  6.98     -0.05449
  7.00     -0.05215
  7.02     -0.04705
  7.04     -0.04009
  7.06     -0.03189
  7.08     -0.01452
  7.10      0.00621
  7.12      0.03266
  7.14      0.06713
  7.16      0.10240
  7.18      0.14261
  7.20      0.18482
  7.22      0.22130
  7.24      0.24908
  7.26      0.26549
  7.28      0.26082
  7.30      0.23860
  7.32      0.20965
  7.34      0.16354
  7.36      0.11977
  7.38      0.07505
  7.40      0.03858
  7.42      0.00292
  7.44     -0.02016
  7.46     -0.03828
  7.48     -0.05085
  7.50     -0.06026
  7.52     -0.06504
  7.54     -0.06771
  7.56     -0.06959
  7.58     -0.07005
  7.60     -0.06937
  7.62     -0.06920
  7.64     -0.06838
  7.66     -0.06553
  7.68     -0.06009
  7.70     -0.05730
  7.72     -0.05356
  7.74     -0.05009
  7.76     -0.04670
  7.78     -0.04749
  7.80     -0.04861
  7.82     -0.05211
  7.84     -0.05553
  7.86     -0.06082
  7.88     -0.06378
  7.90     -0.06613
  7.92     -0.06603
  7.94     -0.06589
  7.96     -0.06348
  7.98     -0.06142
  8.00     -0.05592
  8.02     -0.04871
  8.04     -0.03849
  8.06     -0.02815
  8.08     -0.01191
  8.10      0.00409
  8.12      0.02332
  8.14      0.04340
  8.16      0.06695
  8.18      0.08616
  8.20      0.10448
  8.22      0.11293
  8.24      0.11538
  8.26      0.10654
  8.28      0.09422
  8.30      0.07473
  8.32      0.05475
  8.34      0.03515
  8.36      0.01609
  8.38     -0.00465
  8.40     -0.01853
  8.42     -0.03068
  8.44     -0.04106
  8.46     -0.04491
  8.48     -0.04362
  8.50     -0.04236
  8.52     -0.03538
  8.54     -0.02712
  8.56     -0.01719
  8.58     -0.00798
  8.60      0.00552
  8.62      0.01519
  8.64      0.02257
  8.66      0.03072
  8.68      0.03565
  8.70      0.03216
  8.72      0.02622
  8.74      0.01929
  8.76      0.00544
  8.78     -0.00758
  8.80     -0.01893
  8.82     -0.02985
  8.84     -0.04045
  8.86     -0.04736
  8.88     -0.05239
  8.90     -0.05404
  8.92     -0.05063
  8.94     -0.04796
  8.96     -0.04160
  8.98     -0.03223
  9.00     -0.02302
  9.02     -0.01226
  9.04      0.00103
  9.06      0.01219
  9.08      0.01771
  9.10      0.02525
  9.12      0.02615
  9.14      0.02375
  9.16      0.01640
  9.18      0.00806
  9.20     -0.00330
  9.22     -0.01601
  9.24     -0.02706
  9.26     -0.03435
  9.28     -0.03752
  9.30     -0.04175
  9.32     -0.04080
  9.34     -0.03986
  9.36     -0.03871
  9.38     -0.03675
  9.40     -0.02951
  9.42     -0.02139
  9.44     -0.00842
  9.46      0.00297
  9.48      0.01392
  9.50      0.01921
  9.52      0.02272
  9.54      0.01925
  9.56      0.01341
  9.58      0.00387
  9.60     -0.00178
  9.62     -0.00897
  9.64     -0.01466
  9.66     -0.01668
  9.68     -0.01206
  9.70     -0.00743
  9.72      0.00386
  9.74      0.02106
  9.76      0.03738
  9.78      0.05931
  9.80      0.08304
  9.82      0.10779
  9.84      0.13091
  9.86      0.15372
  9.88      0.16611
  9.90      0.16818
  9.92      0.16613
  9.94      0.14958
  9.96      0.12817
  9.98      0.10045
 10.00      0.07293
 10.02      0.03824
 10.04      0.01156
 10.06     -0.01291
 10.08     -0.03226
 10.10     -0.04667
 10.12     -0.05738
 10.14     -0.06341
 10.16     -0.06759
 10.18     -0.07008
 10.20     -0.07352
 10.22     -0.07443
 10.24     -0.07596
 10.26     -0.07692
 10.28     -0.07671
 10.30     -0.07527
 10.32     -0.07339
 10.34     -0.07039
 10.36     -0.06644
 10.38     -0.06227
 10.40     -0.05641
 10.42     -0.04880
 10.44     -0.04191
 10.46     -0.03268
 10.48     -0.02113
 10.50     -0.00816
 10.52      0.00480
 10.54      0.01723
 10.56      0.03053
 10.58      0.04422
 10.60      0.05697
 10.62      0.06207
 10.64      0.06514
 10.66      0.06199
 10.68      0.05068
 10.70      0.03660
 10.72      0.02101
 10.74      0.00635
 10.76     -0.00814
 10.78     -0.01724
 10.80     -0.02894
 10.82     -0.03403
 10.84     -0.03897
 10.86     -0.04048
 10.88     -0.04224
 10.90     -0.04023
 10.92     -0.03974
 10.94     -0.03819
 10.96     -0.03886
 10.98     -0.03821
 11.00     -0.03948
 11.02     -0.03938
 11.04     -0.03887
 11.06     -0.03701
 11.08     -0.03664
 11.10     -0.03418
 11.12     -0.03080
 11.14     -0.02826
 11.16     -0.02410
 11.18     -0.01751
 11.20     -0.00782
 11.22      0.00348
 11.24      0.01352
 11.26      0.02502
 11.28      0.03624
 11.30      0.04351
 11.32      0.04428
 11.34      0.04446
 11.36      0.03974
 11.38      0.03246
 11.40      0.01996
 11.42      0.01009
 11.44      0.00180
 11.46     -0.00543
 11.48     -0.01194
 11.50     -0.01411
 11.52     -0.01398
 11.54     -0.01271
 11.56     -0.00810
 11.58     -0.00373
 11.60      0.00116
 11.62      0.00501
 11.64      0.00927
 11.66      0.00895
 11.68      0.00756
 11.70      0.00654
 11.72      0.00464
 11.74      0.00136
 11.76     -0.00082
 11.78      0.00196
 11.80      0.00404
 11.82      0.01086
 11.84      0.02007
 11.86      0.02987
 11.88      0.03981
 11.90      0.05200
 11.92      0.06282
 11.94      0.07371
 11.96      0.08205
 11.98      0.08249
 12.00      0.07802
 12.02      0.06983
 12.04      0.05312
 12.06      0.03987
 12.08      0.02548
 12.10      0.01232
 12.12      0.00033
 12.14     -0.00560
 12.16     -0.01393
 12.18     -0.01871
 12.20     -0.01929
 12.22     -0.01862
 12.24     -0.01806
 12.26     -0.01645
 12.28     -0.01377
 12.30     -0.01327
 12.32     -0.01462
 12.34     -0.01505
 12.36     -0.01711
 12.38     -0.01997
 12.40     -0.02083
 12.42     -0.02014
 12.44     -0.01805
 12.46     -0.01387
 12.48     -0.00700
 12.50     -0.00085
 12.52      0.00378
 12.54      0.00668
 12.56      0.01259
 12.58      0.01295
 12.60      0.01130
 12.62      0.00783
 12.64      0.00165
 12.66     -0.00598
 12.68     -0.01203
 12.70     -0.01813
 12.72     -0.02204
 12.74     -0.02317
 12.76     -0.02494
 12.78     -0.02627
 12.80     -0.02503
 12.82     -0.02364
 12.84     -0.02122
 12.86     -0.02123
 12.88     -0.02017
 12.90     -0.01957
 12.92     -0.01830
 12.94     -0.01903
 12.96     -0.01863
 12.98     -0.01702
 13.00     -0.01640
 13.02     -0.01503
 13.04     -0.01194
 13.06     -0.00841
 13.08     -0.00347
 13.10      0.00313
 13.12      0.00794
 13.14      0.01181
 13.16      0.01524
 13.18      0.01600
 13.20      0.01218
 13.22      0.00809
 13.24      0.00199
 13.26     -0.00679
 13.28     -0.01574
 13.30     -0.02150
 13.32     -0.02892
 13.34     -0.03366
 13.36     -0.03649
 13.38     -0.03803
 13.40     -0.03912
 13.42     -0.03818
 13.44     -0.03806
 13.46     -0.03443
 13.48     -0.03066
 13.50     -0.02612
 13.52     -0.02078
 13.54     -0.01336
 13.56     -0.00781
 13.58      0.00057
 13.60      0.00806
 13.62      0.01741
 13.64      0.02453
 13.66      0.03449
 13.68      0.04059
 13.70      0.04834
 13.72      0.05338
 13.74      0.05715
 13.76      0.05398
 13.78      0.04974
 13.80      0.03904
 13.82      0.02843
 13.84      0.01892
 13.86      0.01127
 13.88      0.00365
 13.90     -0.00055
 13.92     -0.00343
 13.94     -0.00650
 13.96     -0.00823
 13.98     -0.00867
 14.00     -0.00691
 14.02     -0.00672
 14.04     -0.00438
 14.06     -0.00257
 14.08      0.00116
 14.10      0.00533
 14.12      0.01344
 14.14      0.01971
 14.16      0.02903
 14.18      0.03667
 14.20      0.04378
 14.22      0.05144
 14.24      0.05663
 14.26      0.05959
 14.28      0.06128
 14.30      0.05849
 14.32      0.05094
 14.34      0.04295
 14.36      0.03191
 14.38      0.02116
 14.40      0.01393
 14.42      0.00725
 14.44      0.00219
 14.46     -0.00064
 14.48     -0.00098
 14.50     -0.00354
 14.52     -0.00668
 14.54     -0.00886
 14.56     -0.01207
 14.58     -0.01571
 14.60     -0.01760
 14.62     -0.01861
 14.64     -0.02226
 14.66     -0.02166
 14.68     -0.02343
 14.70     -0.02489
 14.72     -0.02716
 14.74     -0.02709
 14.76     -0.02809
 14.78     -0.02809
 14.80     -0.02905
 14.82     -0.02878
 14.84     -0.02971
 14.86     -0.03245
 14.88     -0.03514
 14.90     -0.03745
 14.92     -0.04054
 14.94     -0.04129
 14.96     -0.04258
 14.98     -0.04288
 15.00     -0.04214
 15.02     -0.04203
 15.04     -0.03999
 15.06     -0.03545
 15.08     -0.03222
 15.10     -0.02632
 15.12     -0.01841
 15.14     -0.01043
 15.16     -0.00347
 15.18      0.00553
 15.20      0.01536
 15.22      0.02474
 15.24      0.02858
 15.26      0.03317
 15.28      0.03661
 15.30      0.03162
 15.32      0.02788
 15.34      0.02442
 15.36      0.01855
 15.38      0.01028
 15.40      0.00445
 15.42     -0.00507
 15.44     -0.01219
 15.46     -0.01793
 15.48     -0.02135
 15.50     -0.02191
 15.52     -0.02119
 15.54     -0.01847
 15.56     -0.01482
 15.58     -0.01152
 15.60     -0.00761
 15.62     -0.00132
 15.64      0.00474
 15.66      0.01001
 15.68      0.01731
 15.70      0.02342
 15.72      0.02751
 15.74      0.03349
 15.76      0.03661
 15.78      0.03824
 15.80      0.04024
 15.82      0.03967
 15.84      0.03435
 15.86      0.03038
 15.88      0.02609
 15.90      0.01971
 15.92      0.01490
 15.94      0.01240
 15.96      0.00935
 15.98      0.00602
 16.00      0.00440
 16.02      0.00445
 16.04      0.00188
 16.06      0.00054
 16.08     -0.00230
 16.10     -0.00415
 16.12     -0.00723
 16.14     -0.00891
 16.16     -0.00970
 16.18     -0.00836
 16.20     -0.00935
 16.22     -0.00935
 16.24     -0.00970
 16.26     -0.01138
 16.28     -0.01360
 16.30     -0.01356
 16.32     -0.01424
 16.34     -0.01397
 16.36     -0.01215
 16.38     -0.00907
 16.40     -0.00744
 16.42     -0.00549
 16.44     -0.00340
 16.46     -0.00064
 16.48      0.00068
 16.50      0.00303
 16.52      0.00557
 16.54      0.00883
 16.56      0.01275
 16.58      0.01902
 16.60      0.02509
 16.62      0.03067
 16.64      0.03574
 16.66      0.03890
 16.68      0.03908
 16.70      0.03648
 16.72      0.03468
 16.74      0.03059
 16.76      0.02379
 16.78      0.01768
 16.80      0.01219
 16.82      0.00257
 16.84     -0.00483
 16.86     -0.01050
 16.88     -0.01748
 16.90     -0.02315
 16.92     -0.02500
 16.94     -0.02729
 16.96     -0.02835
 16.98     -0.02689
 17.00     -0.02711
 17.02     -0.02575
 17.04     -0.02526
 17.06     -0.02466
 17.08     -0.02410
 17.10     -0.02102
 17.12     -0.02011
 17.14     -0.01791
 17.16     -0.01773
 17.18     -0.01790
 17.20     -0.01891
 17.22     -0.01931
 17.24     -0.01936
 17.26     -0.02010
 17.28     -0.02028
 17.30     -0.02031
 17.32     -0.01958
 17.34     -0.02005
 17.36     -0.01756
 17.38     -0.01449
 17.40     -0.01197
 17.42     -0.00967
 17.44     -0.00721
 17.46     -0.00431
 17.48     -0.00412
 17.50     -0.00074
 17.52      0.00166
 17.54      0.00441
 17.56      0.00459
 17.58      0.00734
 17.60      0.00543
 17.62      0.00443
 17.64      0.00431
 17.66      0.00628
 17.68      0.00648
 17.70      0.00787
 17.72      0.00926
 17.74      0.01067
 17.76      0.01106
 17.78      0.01286
 17.80      0.01531
 17.82      0.01789
 17.84      0.01844
 17.86      0.02105
 17.88      0.02271
 17.90      0.02396
 17.92      0.02413
 17.94      0.02673
 17.96      0.02624
 17.98      0.02614
 18.00      0.02462
 18.02      0.02242
 18.04      0.02004
 18.06      0.01667
 18.08      0.01309
 18.10      0.00938
 18.12      0.00625
 18.14      0.00023
 18.16     -0.00175
 18.18     -0.00504
 18.20     -0.00691
 18.22     -0.00705
 18.24     -0.00609
 18.26     -0.00525
 18.28     -0.00335
 18.30     -0.00052
 18.32      0.00159
 18.34      0.00397
 18.36      0.00770
 18.38      0.00922
 18.40      0.01093
 18.42      0.01081
 18.44      0.01165
 18.46      0.00733
 18.48      0.00477
 18.50      0.00068
 18.52     -0.00365
 18.54     -0.00959
 18.56     -0.01364
 18.58     -0.01691
 18.60     -0.01907
 18.62     -0.02047
 18.64     -0.01970
 18.66     -0.01805
 18.68     -0.01521
 18.70     -0.01320
 18.72     -0.00949
 18.74     -0.00564
 18.76     -0.00224
 18.78     -0.00002
 18.80      0.00174
 18.82      0.00136
 18.84      0.00052
 18.86     -0.00007
 18.88     -0.00283
 18.90     -0.00464
 18.92     -0.00542
 18.94     -0.00718
 18.96     -0.00907
 18.98     -0.00983
 19.00     -0.01021
 19.02     -0.01056
 19.04     -0.01037
 19.06     -0.01040
 19.08     -0.00842
 19.10     -0.00543
 19.12     -0.00258
 19.14      0.00067
 19.16      0.00365
 19.18      0.00654
 19.20      0.00686
 19.22      0.00842
 19.24      0.00774
 19.26      0.00644
 19.28      0.00377
 19.30      0.00155
 19.32     -0.00188
 19.34     -0.00374
 19.36     -0.00455
 19.38     -0.00712
 19.40     -0.00758
 19.42     -0.00825
 19.44     -0.00870
 19.46     -0.00820
 19.48     -0.00609
 19.50     -0.00559
 19.52     -0.00458
 19.54     -0.00381
 19.56     -0.00422
 19.58     -0.00237
 19.60     -0.00163
 19.62      0.00031
 19.64      0.00241
 19.66      0.00390
 19.68      0.00436
 19.70      0.00550
 19.72      0.00598
 19.74      0.00526
 19.76      0.00622
 19.78      0.00602
 19.80      0.00740
 19.82      0.00722
 19.84      0.00838
 19.86      0.00908
 19.88      0.00913
 19.90      0.00879
 19.92      0.00929
 19.94      0.00930
 19.96      0.00893
 19.98      0.00831
 20.00      0.00854
 20.02      0.00700
 20.04      0.00535
 20.06      0.00305
 20.08      0.00271
 20.10      0.00111
 20.12      0.00044
 20.14     -0.00030
 20.16      0.00153
 20.18      0.00182
 20.20      0.00291
 20.22      0.00491
 20.24      0.00740
 20.26      0.00757
 20.28      0.00854
 20.30      0.00884
 20.32      0.00978
 20.34      0.00901
 20.36      0.00871
 20.38      0.00755
 20.40      0.00711
 20.42      0.00404
 20.44      0.00202
 20.46     -0.00091
 20.48     -0.00395
 20.50     -0.00760
 20.52     -0.00919
 20.54     -0.01016
 20.56     -0.01098
 20.58     -0.01196
 20.60     -0.01179
 20.62     -0.01117
 20.64     -0.01159
 20.66     -0.01105
 20.68     -0.01019
 20.70     -0.00985
 20.72     -0.00931
 20.74     -0.00863
 20.76     -0.00756
 20.78     -0.00598
 20.80     -0.00552
 20.82     -0.00520
 20.84     -0.00431
 20.86     -0.00377
 20.88     -0.00244
 20.90     -0.00230
 20.92     -0.00196
 20.94     -0.00110
 20.96     -0.00133
 20.98     -0.00229
 21.00     -0.00110
 21.02     -0.00166
 21.04     -0.00195
 21.06     -0.00151
 21.08     -0.00078
 21.10     -0.00031
 21.12      0.00081
 21.14      0.00132
 21.16      0.00186
 21.18      0.00116
 21.20      0.00102
 21.22      0.00163
 21.24      0.00048
 21.26      0.00048
 21.28      0.00190
 21.30      0.00221
 21.32      0.00094
 21.34      0.00151
 21.36      0.00137
 21.38      0.00052
 21.40      0.00024
 21.42      0.00053
 21.44      0.00046
 21.46      0.00023
 21.48     -0.00034
 21.50     -0.00150
 21.52     -0.00221
 21.54     -0.00403
 21.56     -0.00481
 21.58     -0.00463
 21.60     -0.00509
 21.62     -0.00402
 21.64     -0.00154
 21.66      0.00104
 21.68      0.00289
 21.70      0.00621
 21.72      0.00895
 21.74      0.01042
 21.76      0.01106
 21.78      0.01314
 21.80      0.01195
 21.82      0.01044
 21.84      0.00939
 21.86      0.00791
 21.88      0.00516
 21.90      0.00310
 21.92      0.00092
 21.94     -0.00133
 21.96     -0.00326
 21.98     -0.00589
 22.00     -0.00582
 22.02     -0.00700
 22.04     -0.00609
 22.06     -0.00560
 22.08     -0.00518
 22.10     -0.00514
 22.12     -0.00418
 22.14     -0.00421
 22.16     -0.00420
 22.18     -0.00292
 22.20     -0.00129
 22.22     -0.00057
 22.24      0.00017
 22.26      0.00072
 22.28      0.00237
 22.30      0.00361
 22.32      0.00542
 22.34      0.00644
 22.36      0.00800
 22.38      0.00782
 22.40      0.00897
 22.42      0.00925
 22.44      0.00988
 22.46      0.01022
 22.48      0.01017
 22.50      0.00867
 22.52      0.00778
 22.54      0.00579
 22.56      0.00410
 22.58      0.00220
 22.60      0.00011
 22.62     -0.00161
 22.64     -0.00196
 22.66     -0.00306
 22.68     -0.00286
 22.70     -0.00304
 22.72     -0.00339
 22.74     -0.00457
 22.76     -0.00462
 22.78     -0.00477
 22.80     -0.00509
 22.82     -0.00562
 22.84     -0.00478
 22.86     -0.00570
 22.88     -0.00688
 22.90     -0.00751
 22.92     -0.00795
 22.94     -0.00896
 22.96     -0.00924
 22.98     -0.00989
 23.00     -0.01035
 23.02     -0.01021
 23.04     -0.01093
 23.06     -0.01089
 23.08     -0.01098
 23.10     -0.01131
 23.12     -0.01125
 23.14     -0.01083
 23.16     -0.01058
 23.18     -0.01015
 23.20     -0.00887
 23.22     -0.00718
 23.24     -0.00583
 23.26     -0.00431
 23.28     -0.00181
 23.30     -0.00009
 23.32      0.00239
 23.34      0.00431
 23.36      0.00755
 23.38      0.00872
 23.40      0.00936
 23.42      0.01040
 23.44      0.01177
 23.46      0.01076
 23.48      0.01060
 23.50      0.01124
 23.52      0.00927
 23.54      0.00868
 23.56      0.00826
 23.58      0.00745
 23.60      0.00647
 23.62      0.00584
 23.64      0.00361
 23.66      0.00327
 23.68      0.00307
 23.70      0.00325
 23.72      0.00291
 23.74      0.00344
 23.76      0.00253
 23.78      0.00251
 23.80      0.00287
 23.82      0.00359
 23.84      0.00453
 23.86      0.00552
 23.88      0.00591
 23.90      0.00489
 23.92      0.00423
 23.94      0.00320
 23.96      0.00188
 23.98      0.00141
 24.00      0.00170
 24.02      0.00081
 24.04      0.00070
 24.06      0.00020
 24.08     -0.00066
 24.10     -0.00174
 24.12     -0.00151
 24.14     -0.00287
 24.16     -0.00344
 24.18     -0.00385
 24.20     -0.00485
 24.22     -0.00594
 24.24     -0.00511
 24.26     -0.00468
 24.28     -0.00452
 24.30     -0.00389
 24.32     -0.00331
 24.34     -0.00385
 24.36     -0.00371
 24.38     -0.00382
 24.40     -0.00357
 24.42     -0.00327
 24.44     -0.00270
 24.46     -0.00230
 24.48     -0.00205
 24.50     -0.00222
 24.52     -0.00268
 24.54     -0.00269
 24.56     -0.00297
 24.58     -0.00237
 24.60     -0.00208
 24.62     -0.00140
 24.64     -0.00092
 24.66     -0.00139
 24.68     -0.00167
 24.70     -0.00079
 24.72     -0.00065
 24.74     -0.00095
 24.76     -0.00023
 24.78      0.00007
 24.80     -0.00052
 24.82     -0.00044
 24.84     -0.00029
 24.86      0.00006
 24.88     -0.00003
 24.90     -0.00018
 24.92     -0.00038
 24.94     -0.00037
 24.96     -0.00087
 24.98     -0.00109
 25.00     -0.00130
 25.02     -0.00101
 25.04     -0.00064
 25.06     -0.00042
 25.08     -0.00076
 25.10     -0.00047
 25.12     -0.00058
 25.14     -0.00006
 25.16     -0.00038
 25.18     -0.00009
 25.20      0.00073
 25.22      0.00079
 25.24      0.00079
 25.26      0.00198
 25.28      0.00256
 25.30      0.00215
 25.32      0.00236
 25.34      0.00185
 25.36      0.00137
 25.38      0.00087
 25.40      0.00077
 25.42      0.00051
 25.44     -0.00028
 25.46     -0.00096
 25.48     -0.00072
 25.50     -0.00097
 25.52     -0.00129
 25.54      0.00027
 25.56      0.00103
 25.58      0.00111
 25.60      0.00164
 25.62      0.00189
 25.64      0.00074
 25.66      0.00054
 25.68      0.00028
 25.70     -0.00024
 25.72     -0.00019
 25.74     -0.00075
 25.76     -0.00118
 25.78     -0.00107
 25.80     -0.00083
 25.82     -0.00108
 25.84     -0.00063
 25.86     -0.00075
 25.88     -0.00061
 25.90     -0.00068
 25.92     -0.00031
 25.94     -0.00028
 25.96     -0.00020
 25.98     -0.00057
 26.00     -0.00036
 26.02      0.00009
 26.04      0.00081
 26.06      0.00124
 26.08      0.00182
 26.10      0.00218
 26.12      0.00165
 26.14      0.00154
 26.16      0.00164
 26.18      0.00142
 26.20      0.00136
 26.22      0.00198
 26.24      0.00269
 26.26      0.00264
 26.28      0.00294
 26.30      0.00269
 26.32      0.00236
 26.34      0.00167
 26.36      0.00133
 26.38      0.00082
 26.40      0.00077
 26.42      0.00052
 26.44     -0.00034
 26.46     -0.00034
 26.48     -0.00071
 26.50     -0.00140
 26.52     -0.00225
 26.54     -0.00191
 26.56     -0.00286
 26.58     -0.00354
 26.60     -0.00402
 26.62     -0.00405
 26.64     -0.00485
 26.66     -0.00468
 26.68     -0.00461
 26.70     -0.00454
 26.72     -0.00467
 26.74     -0.00465
 26.76     -0.00445
 26.78     -0.00404
 26.80     -0.00362
 26.82     -0.00294
 26.84     -0.00252
 26.86     -0.00234
 26.88     -0.00156
 26.90     -0.00084
 26.92      0.00012
 26.94      0.00052
 26.96      0.00128
 26.98      0.00158
 27.00      0.00171
 27.02      0.00099
 27.04      0.00129
 27.06      0.00139
 27.08      0.00061
 27.10      0.00073
 27.12      0.00131
 27.14      0.00182
 27.16      0.00156
 27.18      0.00170
 27.20      0.00153
 27.22      0.00087
 27.24      0.00063
 27.26      0.00062
 27.28      0.00063
 27.30      0.00010
 27.32      0.00006
 27.34     -0.00099
 27.36     -0.00112
 27.38     -0.00112
 27.40     -0.00140
 27.42     -0.00136
 27.44     -0.00095
 27.46     -0.00082
 27.48     -0.00093
 27.50     -0.00045
 27.52     -0.00034
 27.54     -0.00059
 27.56     -0.00065
 27.58     -0.00062
 27.60      0.00007
 27.62      0.00015
 27.64      0.00048
 27.66      0.00073
 27.68      0.00148
 27.70      0.00129
 27.72      0.00169
 27.74      0.00190
 27.76      0.00214
 27.78      0.00204
 27.80      0.00189
 27.82      0.00188
 27.84      0.00181
 27.86      0.00165
 27.88      0.00195
 27.90      0.00148
 27.92      0.00089
 27.94      0.00049
 27.96      0.00011
 27.98     -0.00069
 28.00     -0.00077
 28.02     -0.00090
 28.04     -0.00113
 28.06     -0.00155
 28.08     -0.00147
 28.10     -0.00143
 28.12     -0.00140
 28.14     -0.00118
 28.16     -0.00064
 28.18     -0.00046
 28.20     -0.00067
 28.22     -0.00054
 28.24     -0.00032
 28.26     -0.00049
 28.28     -0.00085
 28.30     -0.00083
 28.32     -0.00070
 28.34     -0.00079
 28.36     -0.00043
 28.38     -0.00039
 28.40     -0.00046
 28.42     -0.00089
 28.44     -0.00107
 28.46     -0.00156
 28.48     -0.00158
 28.50     -0.00128
 28.52     -0.00137
 28.54     -0.00150
 28.56     -0.00156
 28.58     -0.00164
 28.60     -0.00157
 28.62     -0.00137
 28.64     -0.00145
 28.66     -0.00155
 28.68     -0.00175
 28.70     -0.00202
 28.72     -0.00196
 28.74     -0.00165
 28.76     -0.00135
 28.78     -0.00107
 28.80     -0.00068
 28.82     -0.00067
 28.84     -0.00054
 28.86     -0.00022
 28.88     -0.00016
 28.90      0.00006
 28.92      0.00016
 28.94      0.00034
 28.96      0.00034
 28.98      0.00045
 29.00      0.00010
 29.02      0.00003
 29.04     -0.00019
 29.06     -0.00050
 29.08     -0.00055
 29.10     -0.00053
 29.12     -0.00029
 29.14     -0.00035
 29.16     -0.00045
 29.18     -0.00038
 29.20     -0.00042
 29.22     -0.00026
 29.24      0.00010
 29.26      0.00028
 29.28      0.00044
 29.30      0.00048
 29.32      0.00037
 29.34      0.00045
 29.36      0.00040
 29.38      0.00038
 29.40      0.00062
 29.42      0.00066
 29.44      0.00073
 29.46      0.00056
 29.48      0.00058
 29.50      0.00035
 29.52      0.00014
 29.54     -0.00031
 29.56     -0.00017
 29.58     -0.00016
 29.60     -0.00016
 29.62      0.00005
 29.64      0.00019
 29.66      0.00021
 29.68      0.00001
 29.70      0.00001
 29.72     -0.00011
 29.74     -0.00023
 29.76     -0.00044
 29.78     -0.00041
 29.80     -0.00057
 29.82     -0.00066
 29.84     -0.00053
 29.86     -0.00044
 29.88     -0.00063
 29.90     -0.00073
 29.92     -0.00089
 29.94     -0.00107
 29.96     -0.00104
 29.98     -0.00085
 30.00     -0.00065
