 #r(A)        G(r)
  0.02      0.00000
  0.04      0.00000
  0.06      0.00000
  0.08      0.00000
  0.10     -0.00000
  0.12     -0.00000
  0.14     -0.00000
  0.16     -0.00000
  0.18     -0.00000
  0.20     -0.00000
  0.22     -0.00000
  0.24     -0.00001
  0.26     -0.00001
  0.28     -0.00002
  0.30     -0.00002
  0.32     -0.00003
  0.34     -0.00004
  0.36     -0.00005
  0.38     -0.00007
  0.40     -0.00008
  0.42     -0.00010
  0.44     -0.00012
  0.46     -0.00014
  0.48     -0.00017
  0.50     -0.00019
  0.52     -0.00022
  0.54     -0.00025
  0.56     -0.00029
  0.58     -0.00033
  0.60     -0.00038
  0.62     -0.00044
  0.64     -0.00052
  0.66     -0.00063
  0.68     -0.00078
  0.70     -0.00097
  0.72     -0.00122
  0.74     -0.00153
  0.76     -0.00189
  0.78     -0.00229
  0.80     -0.00274
  0.82     -0.00321
  0.84     -0.00369
  0.86     -0.00420
  0.88     -0.00471
  0.90     -0.00522
  0.92     -0.00574
  0.94     -0.00627
  0.96     -0.00679
  0.98     -0.00732
  1.00     -0.00785
  1.02     -0.00838
  1.04     -0.00891
  1.06     -0.00944
  1.08     -0.00997
  1.10     -0.01050
  1.12     -0.01103
  1.14     -0.01156
  1.16     -0.01210
  1.18     -0.01263
  1.20     -0.01316
  1.22     -0.01370
  1.24     -0.01423
  1.26     -0.01477
  1.28     -0.01530
  1.30     -0.01584
  1.32     -0.01638
  1.34     -0.01691
  1.36     -0.01745
  1.38     -0.01799
  1.40     -0.01853
  1.42     -0.01906
  1.44     -0.01960
  1.46     -0.02014
  1.48     -0.02068
  1.50     -0.02122
  1.52     -0.02177
  1.54     -0.02231
  1.56     -0.02285
  1.58     -0.02339
  1.60     -0.02394
  1.62     -0.02448
  1.64     -0.02503
  1.66     -0.02558
  1.68     -0.02613
  1.70     -0.02668
  1.72     -0.02724
  1.74     -0.02780
  1.76     -0.02836
  1.78     -0.02894
  1.80     -0.02952
  1.82     -0.03010
  1.84     -0.03071
  1.86     -0.03133
  1.88     -0.03196
  1.90     -0.03261
  1.92     -0.03327
  1.94     -0.03395
  1.96     -0.03463
  1.98     -0.03532
  2.00     -0.03602
  2.02     -0.03673
  2.04     -0.03744
  2.06     -0.03811
  2.08     -0.03878
  2.10     -0.03925
  2.12     -0.03975
  2.14     -0.03984
  2.16     -0.03994
  2.18     -0.03929
  2.20     -0.03819
  2.22     -0.03683
  2.24     -0.03468
  2.26     -0.03309
  2.28     -0.03226
  2.30     -0.03113
  2.32     -0.03003
  2.34     -0.03081
  2.36     -0.03014
  2.38     -0.03001
  2.40     -0.03071
  2.42     -0.03194
  2.44     -0.03109
  2.46     -0.03179
  2.48     -0.03155
  2.50     -0.03019
  2.52     -0.02739
  2.54     -0.02260
  2.56     -0.01171
  2.58      0.00495
  2.60      0.04376
  2.62      0.09706
  2.64      0.15710
  2.66      0.23755
  2.68      0.33291
  2.70      0.39605
  2.72      0.44632
  2.74      0.46984
  2.76      0.44927
  2.78      0.38240
  2.80      0.30819
  2.82      0.22598
  2.84      0.14989
  2.86      0.08453
  2.88      0.04089
  2.90      0.01110
  2.92     -0.01477
  2.94     -0.03224
  2.96     -0.04218
  2.98     -0.04905
  3.00     -0.05348
  3.02     -0.05683
  3.04     -0.05791
  3.06     -0.05910
  3.08     -0.05943
  3.10     -0.06044
  3.12     -0.06004
  3.14     -0.06065
  3.16     -0.06076
  3.18     -0.06172
  3.20     -0.06204
  3.22     -0.06290
  3.24     -0.06339
  3.26     -0.06403
  3.28     -0.06411
  3.30     -0.06428
  3.32     -0.06521
  3.34     -0.06502
  3.36     -0.06534
  3.38     -0.06506
  3.40     -0.06490
  3.42     -0.06425
  3.44     -0.06436
  3.46     -0.06439
  3.48     -0.06454
  3.50     -0.06502
  3.52     -0.06569
  3.54     -0.06491
  3.56     -0.06403
  3.58     -0.06425
  3.60     -0.06363
  3.62     -0.06178
  3.64     -0.06102
  3.66     -0.05782
  3.68     -0.05392
  3.70     -0.04781
  3.72     -0.03917
  3.74     -0.02928
  3.76     -0.02054
  3.78     -0.00669
  3.80      0.01154
  3.82      0.02847
  3.84      0.04680
  3.86      0.06423
  3.88      0.07075
  3.90      0.06754
  3.92      0.05877
  3.94      0.04274
  3.96      0.02267
  3.98      0.00860
  4.00     -0.00743
  4.02     -0.02072
  4.04     -0.03296
  4.06     -0.04148
  4.08     -0.05074
  4.10     -0.05570
  4.12     -0.06053
  4.14     -0.06354
  4.16     -0.06566
  4.18     -0.06766
  4.20     -0.06772
  4.22     -0.06875
  4.24     -0.06816
  4.26     -0.06719
  4.28     -0.06703
  4.30     -0.06757
  4.32     -0.06779
  4.34     -0.06780
  4.36     -0.06882
  4.38     -0.06867
  4.40     -0.06847
  4.42     -0.06713
  4.44     -0.06649
  4.46     -0.06477
  4.48     -0.06125
  4.50     -0.05815
  4.52     -0.05216
  4.54     -0.04149
  4.56     -0.02885
  4.58     -0.01376
  4.60      0.01110
  4.62      0.04553
  4.64      0.08839
  4.66      0.14193
  4.68      0.20113
  4.70      0.24917
  4.72      0.29583
  4.74      0.33065
  4.76      0.34536
  4.78      0.34241
  4.80      0.32314
  4.82      0.27869
  4.84      0.21694
  4.86      0.15591
  4.88      0.09716
  4.90      0.04892
  4.92      0.01006
  4.94     -0.01579
  4.96     -0.03553
  4.98     -0.05169
  5.00     -0.06066
  5.02     -0.06598
  5.04     -0.06891
  5.06     -0.07227
  5.08     -0.07445
  5.10     -0.07549
  5.12     -0.07605
  5.14     -0.07495
  5.16     -0.07427
  5.18     -0.07337
  5.20     -0.07364
  5.22     -0.07325
  5.24     -0.07378
  5.26     -0.07197
  5.28     -0.06761
  5.30     -0.06406
  5.32     -0.05727
  5.34     -0.04734
  5.36     -0.03360
  5.38     -0.01742
  5.40      0.00151
  5.42      0.02631
  5.44      0.04771
  5.46      0.07098
  5.48      0.08526
  5.50      0.09059
  5.52      0.08195
  5.54      0.06984
  5.56      0.04608
  5.58      0.02252
  5.60      0.00120
  5.62     -0.01701
  5.64     -0.03459
  5.66     -0.05055
  5.68     -0.06154
  5.70     -0.07020
  5.72     -0.07748
  5.74     -0.08147
  5.76     -0.08318
  5.78     -0.08599
  5.80     -0.08521
  5.82     -0.08405
  5.84     -0.08291
  5.86     -0.08083
  5.88     -0.07734
  5.90     -0.07197
  5.92     -0.06803
  5.94     -0.05990
  5.96     -0.04910
  5.98     -0.03177
  6.00     -0.01672
  6.02      0.00796
  6.04      0.03417
  6.06      0.06574
  6.08      0.09592
  6.10      0.13269
  6.12      0.15601
  6.14      0.17425
  6.16      0.17892
  6.18      0.16964
  6.20      0.14463
  6.22      0.11632
  6.24      0.08916
  6.26      0.05745
  6.28      0.02994
  6.30      0.00509
  6.32     -0.01398
  6.34     -0.03674
  6.36     -0.05193
  6.38     -0.06317
  6.40     -0.07022
  6.42     -0.07637
  6.44     -0.07949
  6.46     -0.08154
  6.48     -0.08298
  6.50     -0.08339
  6.52     -0.08187
  6.54     -0.07955
  6.56     -0.07569
  6.58     -0.07110
  6.60     -0.06535
  6.62     -0.05698
  6.64     -0.04807
  6.66     -0.03578
  6.68     -0.02616
  6.70     -0.01632
  6.72     -0.00906
  6.74     -0.00499
  6.76     -0.00648
  6.78     -0.00974
  6.80     -0.01644
  6.82     -0.02561
  6.84     -0.03727
  6.86     -0.04925
  6.88     -0.05983
  6.90     -0.06821
  6.92     -0.07454
  6.94     -0.07900
  6.96     -0.08063
  6.98     -0.08024
  7.00     -0.07831
  7.02     -0.07506
  7.04     -0.06752
  7.06     -0.05801
  7.08     -0.04232
  7.10     -0.02331
  7.12      0.00326
  7.14      0.03565
  7.16      0.08033
  7.18      0.12572
  7.20      0.17499
  7.22      0.22967
  7.24      0.27329
  7.26      0.29722
  7.28      0.31122
  7.30      0.31740
  7.32      0.29506
  7.34      0.26179
  7.36      0.21998
  7.38      0.17031
  7.40      0.11291
  7.42      0.06352
  7.44      0.02262
  7.46     -0.00789
  7.48     -0.03195
  7.50     -0.05173
  7.52     -0.06466
  7.54     -0.07283
  7.56     -0.07982
  7.58     -0.08310
  7.60     -0.08294
  7.62     -0.08334
  7.64     -0.08323
  7.66     -0.07996
  7.68     -0.07514
  7.70     -0.07251
  7.72     -0.06672
  7.74     -0.06235
  7.76     -0.05972
  7.78     -0.05860
  7.80     -0.05591
  7.82     -0.05892
  7.84     -0.06104
  7.86     -0.06400
  7.88     -0.06699
  7.90     -0.07159
  7.92     -0.07334
  7.94     -0.07588
  7.96     -0.07682
  7.98     -0.07691
  8.00     -0.07609
  8.02     -0.07349
  8.04     -0.06610
  8.06     -0.05872
  8.08     -0.04737
  8.10     -0.03031
  8.12     -0.01391
  8.14      0.00682
  8.16      0.03355
  8.18      0.05863
  8.20      0.08141
  8.22      0.10838
  8.24      0.12787
  8.26      0.13643
  8.28      0.13811
  8.30      0.12918
  8.32      0.10777
  8.34      0.07974
  8.36      0.05350
  8.38      0.02487
  8.40      0.00147
  8.42     -0.01810
  8.44     -0.03258
  8.46     -0.04641
  8.48     -0.05265
  8.50     -0.05758
  8.52     -0.05827
  8.54     -0.05439
  8.56     -0.04589
  8.58     -0.03557
  8.60     -0.02023
  8.62     -0.00341
  8.64      0.01250
  8.66      0.02571
  8.68      0.03209
  8.70      0.03790
  8.72      0.03991
  8.74      0.03589
  8.76      0.02722
  8.78      0.01928
  8.80      0.00326
  8.82     -0.01421
  8.84     -0.02888
  8.86     -0.04176
  8.88     -0.05258
  8.90     -0.05972
  8.92     -0.06407
  8.94     -0.06708
  8.96     -0.06407
  8.98     -0.05822
  9.00     -0.04790
  9.02     -0.03447
  9.04     -0.01944
  9.06     -0.00488
  9.08      0.01178
  9.10      0.02806
  9.12      0.03430
  9.14      0.03822
  9.16      0.03609
  9.18      0.02791
  9.20      0.01488
  9.22      0.00432
  9.24     -0.01005
  9.26     -0.02504
  9.28     -0.03793
  9.30     -0.05143
  9.32     -0.05998
  9.34     -0.06465
  9.36     -0.06147
  9.38     -0.05850
  9.40     -0.05076
  9.42     -0.04069
  9.44     -0.02705
  9.46     -0.01394
  9.48     -0.00275
  9.50      0.00876
  9.52      0.01479
  9.54      0.01880
  9.56      0.01843
  9.58      0.01781
  9.60      0.01150
  9.62      0.00681
  9.64     -0.00311
  9.66     -0.01456
  9.68     -0.02129
  9.70     -0.02317
  9.72     -0.02277
  9.74     -0.01257
  9.76      0.00114
  9.78      0.01928
  9.80      0.04660
  9.82      0.07557
  9.84      0.10818
  9.86      0.14119
  9.88      0.17078
  9.90      0.19545
  9.92      0.21668
  9.94      0.22151
  9.96      0.21405
  9.98      0.20117
 10.00      0.17139
 10.02      0.13402
 10.04      0.09952
 10.06      0.06668
 10.08      0.03183
 10.10      0.00327
 10.12     -0.02048
 10.14     -0.04338
 10.16     -0.05828
 10.18     -0.07126
 10.20     -0.08106
 10.22     -0.08819
 10.24     -0.09222
 10.26     -0.09620
 10.28     -0.09760
 10.30     -0.09830
 10.32     -0.09857
 10.34     -0.09821
 10.36     -0.09629
 10.38     -0.09357
 10.40     -0.09017
 10.42     -0.08555
 10.44     -0.08031
 10.46     -0.07351
 10.48     -0.06459
 10.50     -0.05409
 10.52     -0.04063
 10.54     -0.02469
 10.56     -0.00439
 10.58      0.01380
 10.60      0.03404
 10.62      0.05304
 10.64      0.06728
 10.66      0.07234
 10.68      0.07762
 10.70      0.07384
 10.72      0.06468
 10.74      0.05243
 10.76      0.03678
 10.78      0.01801
 10.80      0.00075
 10.82     -0.01348
 10.84     -0.02961
 10.86     -0.03798
 10.88     -0.04694
 10.90     -0.05191
 10.92     -0.05639
 10.94     -0.05548
 10.96     -0.05502
 10.98     -0.05129
 11.00     -0.04927
 11.02     -0.05021
 11.04     -0.05168
 11.06     -0.05321
 11.08     -0.05747
 11.10     -0.05911
 11.12     -0.05860
 11.14     -0.05752
 11.16     -0.05565
 11.18     -0.04999
 11.20     -0.04028
 11.22     -0.02929
 11.24     -0.01294
 11.26      0.00386
 11.28      0.02179
 11.30      0.03597
 11.32      0.04936
 11.34      0.05874
 11.36      0.06332
 11.38      0.06544
 11.40      0.05996
 11.42      0.05118
 11.44      0.03965
 11.46      0.02459
 11.48      0.00770
 11.50     -0.00398
 11.52     -0.01391
 11.54     -0.02255
 11.56     -0.02354
 11.58     -0.02516
 11.60     -0.02310
 11.62     -0.01821
 11.64     -0.01397
 11.66     -0.00737
 11.68     -0.00111
 11.70      0.00410
 11.72      0.00427
 11.74      0.00511
 11.76      0.00011
 11.78     -0.00344
 11.80     -0.00829
 11.82     -0.00506
 11.84     -0.00082
 11.86      0.00858
 11.88      0.02118
 11.90      0.03666
 11.92      0.05310
 11.94      0.07102
 11.96      0.08609
 11.98      0.09964
 12.00      0.10997
 12.02      0.11355
 12.04      0.10910
 12.06      0.10015
 12.08      0.08710
 12.10      0.07260
 12.12      0.05481
 12.14      0.03788
 12.16      0.02125
 12.18      0.00691
 12.20     -0.00567
 12.22     -0.01476
 12.24     -0.01980
 12.26     -0.02156
 12.28     -0.02196
 12.30     -0.02281
 12.32     -0.02269
 12.34     -0.02355
 12.36     -0.02466
 12.38     -0.02459
 12.40     -0.02565
 12.42     -0.02767
 12.44     -0.02705
 12.46     -0.02510
 12.48     -0.02338
 12.50     -0.01743
 12.52     -0.00952
 12.54      0.00032
 12.56      0.00930
 12.58      0.01776
 12.60      0.02275
 12.62      0.02598
 12.64      0.02688
 12.66      0.02459
 12.68      0.01845
 12.70      0.01046
 12.72      0.00063
 12.74     -0.01025
 12.76     -0.01871
 12.78     -0.02696
 12.80     -0.03329
 12.82     -0.03452
 12.84     -0.03549
 12.86     -0.03641
 12.88     -0.03336
 12.90     -0.03035
 12.92     -0.02966
 12.94     -0.02997
 12.96     -0.02905
 12.98     -0.03134
 13.00     -0.03238
 13.02     -0.03360
 13.04     -0.03109
 13.06     -0.03165
 13.08     -0.02812
 13.10     -0.02201
 13.12     -0.01548
 13.14     -0.00785
 13.16      0.00059
 13.18      0.00839
 13.20      0.01140
 13.22      0.01443
 13.24      0.01128
 13.26      0.00927
 13.28      0.00206
 13.30     -0.00530
 13.32     -0.01513
 13.34     -0.02253
 13.36     -0.03212
 13.38     -0.03925
 13.40     -0.04426
 13.42     -0.04826
 13.44     -0.05291
 13.46     -0.05461
 13.48     -0.05390
 13.50     -0.05353
 13.52     -0.05427
 13.54     -0.05347
 13.56     -0.04910
 13.58     -0.04322
 13.60     -0.03482
 13.62     -0.02315
 13.64     -0.00937
 13.66      0.00519
 13.68      0.01877
 13.70      0.03060
 13.72      0.04777
 13.74      0.06133
 13.76      0.06995
 13.78      0.07645
 13.80      0.07920
 13.82      0.07326
 13.84      0.06609
 13.86      0.05683
 13.88      0.04300
 13.90      0.03203
 13.92      0.01945
 13.94      0.00842
 13.96     -0.00092
 13.98     -0.00737
 14.00     -0.01361
 14.02     -0.01683
 14.04     -0.01653
 14.06     -0.01726
 14.08     -0.01591
 14.10     -0.01309
 14.12     -0.01029
 14.14     -0.00842
 14.16      0.00003
 14.18      0.00857
 14.20      0.01900
 14.22      0.03253
 14.24      0.04580
 14.26      0.05709
 14.28      0.07170
 14.30      0.07988
 14.32      0.08437
 14.34      0.08870
 14.36      0.08674
 14.38      0.07910
 14.40      0.07353
 14.42      0.06567
 14.44      0.05546
 14.46      0.04559
 14.48      0.03733
 14.50      0.03130
 14.52      0.02518
 14.54      0.02068
 14.56      0.01905
 14.58      0.01521
 14.60      0.01163
 14.62      0.00773
 14.64      0.00194
 14.66     -0.00291
 14.68     -0.00898
 14.70     -0.01607
 14.72     -0.02118
 14.74     -0.02518
 14.76     -0.03052
 14.78     -0.03256
 14.80     -0.03682
 14.82     -0.03931
 14.84     -0.04265
 14.86     -0.04413
 14.88     -0.04586
 14.90     -0.04910
 14.92     -0.05194
 14.94     -0.05472
 14.96     -0.05990
 14.98     -0.06352
 15.00     -0.06460
 15.02     -0.06674
 15.04     -0.06732
 15.06     -0.06664
 15.08     -0.06623
 15.10     -0.06429
 15.12     -0.06101
 15.14     -0.05643
 15.16     -0.05168
 15.18     -0.04405
 15.20     -0.03398
 15.22     -0.02261
 15.24     -0.00944
 15.26      0.00523
 15.28      0.01854
 15.30      0.02770
 15.32      0.03758
 15.34      0.04266
 15.36      0.04435
 15.38      0.04426
 15.40      0.04107
 15.42      0.03254
 15.44      0.02246
 15.46      0.01201
 15.48     -0.00095
 15.50     -0.01090
 15.52     -0.01958
 15.54     -0.02627
 15.56     -0.03210
 15.58     -0.03411
 15.60     -0.03501
 15.62     -0.03577
 15.64     -0.03280
 15.66     -0.02853
 15.68     -0.02219
 15.70     -0.01422
 15.72     -0.00208
 15.74      0.00735
 15.76      0.01946
 15.78      0.02780
 15.80      0.03778
 15.82      0.04408
 15.84      0.04855
 15.86      0.04866
 15.88      0.04850
 15.90      0.04462
 15.92      0.03979
 15.94      0.03419
 15.96      0.02963
 15.98      0.02379
 16.00      0.01871
 16.02      0.01519
 16.04      0.01361
 16.06      0.01217
 16.08      0.01145
 16.10      0.00934
 16.12      0.00641
 16.14      0.00370
 16.16     -0.00064
 16.18     -0.00335
 16.20     -0.00420
 16.22     -0.00484
 16.24     -0.00463
 16.26     -0.00472
 16.28     -0.00422
 16.30     -0.00402
 16.32     -0.00411
 16.34     -0.00751
 16.36     -0.00547
 16.38     -0.00711
 16.40     -0.00967
 16.42     -0.01053
 16.44     -0.01003
 16.46     -0.01087
 16.48     -0.00964
 16.50     -0.00806
 16.52     -0.00710
 16.54     -0.00233
 16.56     -0.00094
 16.58      0.00239
 16.60      0.00623
 16.62      0.01053
 16.64      0.01491
 16.66      0.02453
 16.68      0.03321
 16.70      0.03979
 16.72      0.04858
 16.74      0.05564
 16.76      0.05726
 16.78      0.05678
 16.80      0.05676
 16.82      0.05101
 16.84      0.04214
 16.86      0.03440
 16.88      0.02515
 16.90      0.01556
 16.92      0.00796
 16.94      0.00060
 16.96     -0.00623
 16.98     -0.01117
 17.00     -0.01488
 17.02     -0.01872
 17.04     -0.01975
 17.06     -0.02244
 17.08     -0.02348
 17.10     -0.02351
 17.12     -0.02330
 17.14     -0.02379
 17.16     -0.02251
 17.18     -0.02124
 17.20     -0.02086
 17.22     -0.01943
 17.24     -0.01917
 17.26     -0.02060
 17.28     -0.02197
 17.30     -0.02501
 17.32     -0.02725
 17.34     -0.02883
 17.36     -0.03025
 17.38     -0.03185
 17.40     -0.03207
 17.42     -0.03351
 17.44     -0.03377
 17.46     -0.03296
 17.48     -0.03123
 17.50     -0.03022
 17.52     -0.02865
 17.54     -0.02786
 17.56     -0.02444
 17.58     -0.02332
 17.60     -0.02146
 17.62     -0.01872
 17.64     -0.01508
 17.66     -0.01561
 17.68     -0.01383
 17.70     -0.01215
 17.72     -0.01255
 17.74     -0.01273
 17.76     -0.01094
 17.78     -0.00987
 17.80     -0.00724
 17.82     -0.00403
 17.84     -0.00033
 17.86      0.00343
 17.88      0.00754
 17.90      0.00886
 17.92      0.01417
 17.94      0.01657
 17.96      0.01959
 17.98      0.02409
 18.00      0.02979
 18.02      0.03167
 18.04      0.03573
 18.06      0.03852
 18.08      0.03830
 18.10      0.03693
 18.12      0.03334
 18.14      0.02812
 18.16      0.02293
 18.18      0.01761
 18.20      0.01361
 18.22      0.01017
 18.24      0.00697
 18.26      0.00386
 18.28      0.00340
 18.30      0.00172
 18.32      0.00262
 18.34      0.00362
 18.36      0.00631
 18.38      0.00889
 18.40      0.01203
 18.42      0.01579
 18.44      0.02002
 18.46      0.02191
 18.48      0.02392
 18.50      0.02584
 18.52      0.02324
 18.54      0.01942
 18.56      0.01614
 18.58      0.00892
 18.60      0.00220
 18.62     -0.00225
 18.64     -0.00729
 18.66     -0.01230
 18.68     -0.01495
 18.70     -0.01760
 18.72     -0.01878
 18.74     -0.01829
 18.76     -0.01742
 18.78     -0.01461
 18.80     -0.01110
 18.82     -0.00760
 18.84     -0.00376
 18.86     -0.00013
 18.88      0.00100
 18.90      0.00240
 18.92      0.00339
 18.94      0.00276
 18.96      0.00354
 18.98      0.00295
 19.00      0.00055
 19.02     -0.00153
 19.04     -0.00248
 19.06     -0.00502
 19.08     -0.00675
 19.10     -0.00555
 19.12     -0.00558
 19.14     -0.00448
 19.16     -0.00290
 19.18     -0.00071
 19.20      0.00157
 19.22      0.00410
 19.24      0.00543
 19.26      0.00735
 19.28      0.01017
 19.30      0.01080
 19.32      0.00954
 19.34      0.00977
 19.36      0.00739
 19.38      0.00477
 19.40      0.00152
 19.42      0.00048
 19.44     -0.00305
 19.46     -0.00528
 19.48     -0.00857
 19.50     -0.01169
 19.52     -0.01435
 19.54     -0.01534
 19.56     -0.01682
 19.58     -0.01683
 19.60     -0.01533
 19.62     -0.01564
 19.64     -0.01658
 19.66     -0.01426
 19.68     -0.01329
 19.70     -0.01325
 19.72     -0.01144
 19.74     -0.00909
 19.76     -0.00880
 19.78     -0.00725
 19.80     -0.00591
 19.82     -0.00490
 19.84     -0.00328
 19.86     -0.00309
 19.88     -0.00195
 19.90     -0.00153
 19.92     -0.00119
 19.94     -0.00191
 19.96     -0.00025
 19.98     -0.00080
 20.00     -0.00008
 20.02      0.00091
 20.04      0.00177
 20.06      0.00177
 20.08      0.00116
 20.10      0.00008
 20.12     -0.00084
 20.14     -0.00227
 20.16     -0.00321
 20.18     -0.00287
 20.20     -0.00205
 20.22     -0.00211
 20.24     -0.00143
 20.26      0.00022
 20.28      0.00182
 20.30      0.00400
 20.32      0.00647
 20.34      0.01010
 20.36      0.01221
 20.38      0.01490
 20.40      0.01661
 20.42      0.01864
 20.44      0.01831
 20.46      0.01757
 20.48      0.01493
 20.50      0.01324
 20.52      0.00969
 20.54      0.00677
 20.56      0.00319
 20.58      0.00170
 20.60     -0.00216
 20.62     -0.00434
 20.64     -0.00550
 20.66     -0.00541
 20.68     -0.00768
 20.70     -0.00688
 20.72     -0.00561
 20.74     -0.00539
 20.76     -0.00531
 20.78     -0.00271
 20.80     -0.00072
 20.82      0.00091
 20.84      0.00292
 20.86      0.00510
 20.88      0.00588
 20.90      0.00488
 20.92      0.00514
 20.94      0.00446
 20.96      0.00370
 20.98      0.00300
 21.00      0.00407
 21.02      0.00320
 21.04      0.00371
 21.06      0.00336
 21.08      0.00383
 21.10      0.00273
 21.12      0.00352
 21.14      0.00296
 21.16      0.00204
 21.18      0.00118
 21.20      0.00138
 21.22     -0.00055
 21.24     -0.00106
 21.26     -0.00151
 21.28     -0.00298
 21.30     -0.00454
 21.32     -0.00437
 21.34     -0.00553
 21.36     -0.00463
 21.38     -0.00349
 21.40     -0.00177
 21.42     -0.00085
 21.44      0.00047
 21.46      0.00138
 21.48      0.00177
 21.50      0.00179
 21.52      0.00216
 21.54      0.00278
 21.56      0.00276
 21.58      0.00306
 21.60      0.00323
 21.62      0.00242
 21.64      0.00122
 21.66     -0.00034
 21.68     -0.00127
 21.70     -0.00197
 21.72     -0.00242
 21.74     -0.00298
 21.76     -0.00306
 21.78     -0.00212
 21.80     -0.00172
 21.82     -0.00069
 21.84      0.00081
 21.86      0.00161
 21.88      0.00180
 21.90      0.00232
 21.92      0.00106
 21.94      0.00025
 21.96     -0.00057
 21.98     -0.00225
 22.00     -0.00483
 22.02     -0.00584
 22.04     -0.00676
 22.06     -0.00741
 22.08     -0.00842
 22.10     -0.00899
 22.12     -0.00986
 22.14     -0.01121
 22.16     -0.01128
 22.18     -0.01197
 22.20     -0.01180
 22.22     -0.01121
 22.24     -0.01007
 22.26     -0.00991
 22.28     -0.00881
 22.30     -0.00702
 22.32     -0.00524
 22.34     -0.00382
 22.36     -0.00208
 22.38     -0.00061
 22.40      0.00011
 22.42      0.00080
 22.44      0.00190
 22.46      0.00342
 22.48      0.00563
 22.50      0.00702
 22.52      0.00787
 22.54      0.00852
 22.56      0.00926
 22.58      0.00902
 22.60      0.00919
 22.62      0.00902
 22.64      0.00871
 22.66      0.00753
 22.68      0.00773
 22.70      0.00674
 22.72      0.00630
 22.74      0.00611
 22.76      0.00519
 22.78      0.00362
 22.80      0.00264
 22.82      0.00192
 22.84      0.00105
 22.86      0.00157
 22.88      0.00133
 22.90      0.00110
 22.92      0.00029
 22.94      0.00012
 22.96     -0.00007
 22.98     -0.00038
 23.00     -0.00080
 23.02     -0.00087
 23.04     -0.00247
 23.06     -0.00386
 23.08     -0.00465
 23.10     -0.00477
 23.12     -0.00474
 23.14     -0.00468
 23.16     -0.00463
 23.18     -0.00453
 23.20     -0.00491
 23.22     -0.00538
 23.24     -0.00502
 23.26     -0.00488
 23.28     -0.00464
 23.30     -0.00418
 23.32     -0.00361
 23.34     -0.00289
 23.36     -0.00240
 23.38     -0.00188
 23.40     -0.00128
 23.42      0.00006
 23.44      0.00029
 23.46      0.00147
 23.48      0.00249
 23.50      0.00336
 23.52      0.00384
 23.54      0.00535
 23.56      0.00481
 23.58      0.00541
 23.60      0.00578
 23.62      0.00551
 23.64      0.00549
 23.66      0.00542
 23.68      0.00489
 23.70      0.00394
 23.72      0.00362
 23.74      0.00211
 23.76      0.00243
 23.78      0.00243
 23.80      0.00268
 23.82      0.00250
 23.84      0.00328
 23.86      0.00271
 23.88      0.00222
 23.90      0.00181
 23.92      0.00130
 23.94      0.00110
 23.96      0.00070
 23.98     -0.00009
 24.00      0.00006
 24.02      0.00011
 24.04     -0.00066
 24.06     -0.00080
 24.08     -0.00104
 24.10     -0.00167
 24.12     -0.00231
 24.14     -0.00280
 24.16     -0.00329
 24.18     -0.00299
 24.20     -0.00290
 24.22     -0.00270
 24.24     -0.00304
 24.26     -0.00286
 24.28     -0.00349
 24.30     -0.00360
 24.32     -0.00411
 24.34     -0.00374
 24.36     -0.00420
 24.38     -0.00424
 24.40     -0.00484
 24.42     -0.00471
 24.44     -0.00481
 24.46     -0.00491
 24.48     -0.00454
 24.50     -0.00412
 24.52     -0.00376
 24.54     -0.00375
 24.56     -0.00312
 24.58     -0.00294
 24.60     -0.00272
 24.62     -0.00266
 24.64     -0.00268
 24.66     -0.00263
 24.68     -0.00243
 24.70     -0.00219
 24.72     -0.00170
 24.74     -0.00083
 24.76     -0.00061
 24.78     -0.00070
 24.80     -0.00050
 24.82     -0.00021
 24.84     -0.00024
 24.86      0.00020
 24.88      0.00070
 24.90      0.00083
 24.92      0.00118
 24.94      0.00195
 24.96      0.00187
 24.98      0.00172
 25.00      0.00160
 25.02      0.00148
 25.04      0.00146
 25.06      0.00124
 25.08      0.00192
 25.10      0.00230
 25.12      0.00214
 25.14      0.00134
 25.16      0.00192
 25.18      0.00119
 25.20      0.00074
 25.22      0.00032
 25.24      0.00085
 25.26      0.00007
 25.28     -0.00015
 25.30     -0.00013
 25.32     -0.00045
 25.34     -0.00072
 25.36     -0.00084
 25.38     -0.00040
 25.40      0.00002
 25.42      0.00023
 25.44      0.00013
 25.46      0.00031
 25.48      0.00036
 25.50      0.00006
 25.52     -0.00015
 25.54     -0.00015
 25.56     -0.00012
 25.58     -0.00053
 25.60     -0.00060
 25.62     -0.00043
 25.64     -0.00084
 25.66     -0.00115
 25.68     -0.00116
 25.70     -0.00085
 25.72     -0.00090
 25.74     -0.00061
 25.76     -0.00019
 25.78      0.00002
 25.80     -0.00018
 25.82      0.00016
 25.84      0.00025
 25.86      0.00009
 25.88     -0.00006
 25.90     -0.00026
 25.92     -0.00050
 25.94     -0.00067
 25.96     -0.00041
 25.98     -0.00044
 26.00     -0.00049
 26.02     -0.00053
 26.04     -0.00052
 26.06     -0.00066
 26.08     -0.00041
 26.10     -0.00022
 26.12     -0.00033
 26.14     -0.00021
 26.16      0.00004
 26.18     -0.00005
 26.20      0.00008
 26.22      0.00040
 26.24      0.00051
 26.26      0.00034
 26.28      0.00046
 26.30      0.00031
 26.32      0.00050
 26.34      0.00024
 26.36      0.00013
 26.38     -0.00008
 26.40     -0.00019
 26.42     -0.00039
 26.44     -0.00035
 26.46     -0.00058
 26.48     -0.00057
 26.50     -0.00073
 26.52     -0.00085
 26.54     -0.00112
 26.56     -0.00104
 26.58     -0.00145
 26.60     -0.00155
 26.62     -0.00178
 26.64     -0.00174
 26.66     -0.00189
 26.68     -0.00177
 26.70     -0.00175
 26.72     -0.00194
 26.74     -0.00213
 26.76     -0.00219
 26.78     -0.00221
 26.80     -0.00228
 26.82     -0.00221
 26.84     -0.00201
 26.86     -0.00178
 26.88     -0.00154
 26.90     -0.00133
 26.92     -0.00124
 26.94     -0.00104
 26.96     -0.00099
 26.98     -0.00095
 27.00     -0.00097
 27.02     -0.00063
 27.04     -0.00047
 27.06     -0.00035
 27.08     -0.00027
 27.10     -0.00013
 27.12     -0.00024
 27.14     -0.00031
 27.16     -0.00041
 27.18     -0.00046
 27.20     -0.00053
 27.22     -0.00043
 27.24     -0.00041
 27.26     -0.00024
 27.28     -0.00017
 27.30     -0.00010
 27.32     -0.00017
 27.34     -0.00022
 27.36     -0.00018
 27.38     -0.00025
 27.40     -0.00034
 27.42     -0.00035
 27.44     -0.00032
 27.46     -0.00036
 27.48     -0.00042
 27.50     -0.00026
 27.52     -0.00022
 27.54     -0.00024
 27.56     -0.00014
 27.58      0.00002
 27.60     -0.00003
 27.62     -0.00001
 27.64      0.00010
 27.66      0.00006
 27.68      0.00006
 27.70      0.00001
 27.72     -0.00004
 27.74     -0.00017
 27.76     -0.00040
 27.78     -0.00054
 27.80     -0.00050
 27.82     -0.00053
 27.84     -0.00057
 27.86     -0.00044
 27.88     -0.00047
 27.90     -0.00053
 27.92     -0.00060
 27.94     -0.00059
 27.96     -0.00061
 27.98     -0.00052
 28.00     -0.00053
 28.02     -0.00053
 28.04     -0.00056
 28.06     -0.00064
 28.08     -0.00075
 28.10     -0.00072
 28.12     -0.00067
 28.14     -0.00071
 28.16     -0.00066
 28.18     -0.00058
 28.20     -0.00058
 28.22     -0.00049
 28.24     -0.00037
 28.26     -0.00031
 28.28     -0.00040
 28.30     -0.00041
 28.32     -0.00045
 28.34     -0.00049
 28.36     -0.00060
 28.38     -0.00047
 28.40     -0.00044
 28.42     -0.00056
 28.44     -0.00064
 28.46     -0.00057
 28.48     -0.00059
 28.50     -0.00055
 28.52     -0.00038
 28.54     -0.00028
 28.56     -0.00030
 28.58     -0.00031
 28.60     -0.00037
 28.62     -0.00047
 28.64     -0.00047
 28.66     -0.00047
 28.68     -0.00050
 28.70     -0.00047
 28.72     -0.00043
 28.74     -0.00044
 28.76     -0.00045
 28.78     -0.00039
 28.80     -0.00037
 28.82     -0.00046
 28.84     -0.00044
 28.86     -0.00047
 28.88     -0.00050
 28.90     -0.00055
 28.92     -0.00043
 28.94     -0.00041
 28.96     -0.00034
 28.98     -0.00030
 29.00     -0.00024
 29.02     -0.00036
 29.04     -0.00036
 29.06     -0.00040
 29.08     -0.00043
 29.10     -0.00050
 29.12     -0.00039
 29.14     -0.00040
 29.16     -0.00038
 29.18     -0.00032
 29.20     -0.00026
 29.22     -0.00031
 29.24     -0.00032
 29.26     -0.00035
 29.28     -0.00038
 29.30     -0.00043
 29.32     -0.00036
 29.34     -0.00036
 29.36     -0.00032
 29.38     -0.00029
 29.40     -0.00028
 29.42     -0.00031
 29.44     -0.00026
 29.46     -0.00021
 29.48     -0.00016
 29.50     -0.00010
 29.52     -0.00013
 29.54     -0.00014
 29.56     -0.00016
 29.58     -0.00020
 29.60     -0.00017
 29.62     -0.00013
 29.64     -0.00021
 29.66     -0.00024
 29.68     -0.00023
 29.70     -0.00024
 29.72     -0.00026
 29.74     -0.00020
 29.76     -0.00018
 29.78     -0.00021
 29.80     -0.00026
 29.82     -0.00027
 29.84     -0.00030
 29.86     -0.00028
 29.88     -0.00027
 29.90     -0.00024
 29.92     -0.00020
 29.94     -0.00021
 29.96     -0.00021
 29.98     -0.00022
 30.00     -0.00021
