 #r(A)        G(r)
  0.02      0.00000
  0.04      0.00000
  0.06      0.00000
  0.08      0.00000
  0.10      0.00000
  0.12      0.00000
  0.14      0.00000
  0.16      0.00000
  0.18      0.00000
  0.20      0.00000
  0.22      0.00000
  0.24      0.00000
  0.26      0.00000
  0.28      0.00000
  0.30      0.00000
  0.32      0.00000
  0.34      0.00000
  0.36      0.00000
  0.38      0.00000
  0.40      0.00000
  0.42      0.00000
  0.44      0.00000
  0.46      0.00000
  0.48      0.00000
  0.50     -0.00000
  0.52     -0.00000
  0.54     -0.00000
  0.56     -0.00000
  0.58     -0.00001
  0.60     -0.00002
  0.62     -0.00004
  0.64     -0.00007
  0.66     -0.00013
  0.68     -0.00022
  0.70     -0.00035
  0.72     -0.00052
  0.74     -0.00075
  0.76     -0.00102
  0.78     -0.00134
  0.80     -0.00169
  0.82     -0.00207
  0.84     -0.00247
  0.86     -0.00288
  0.88     -0.00330
  0.90     -0.00373
  0.92     -0.00416
  0.94     -0.00459
  0.96     -0.00503
  0.98     -0.00546
  1.00     -0.00589
  1.02     -0.00633
  1.04     -0.00676
  1.06     -0.00720
  1.08     -0.00763
  1.10     -0.00806
  1.12     -0.00850
  1.14     -0.00893
  1.16     -0.00937
  1.18     -0.00980
  1.20     -0.01023
  1.22     -0.01067
  1.24     -0.01110
  1.26     -0.01154
  1.28     -0.01197
  1.30     -0.01240
  1.32     -0.01284
  1.34     -0.01327
  1.36     -0.01371
  1.38     -0.01414
  1.40     -0.01458
  1.42     -0.01501
  1.44     -0.01544
  1.46     -0.01588
  1.48     -0.01631
  1.50     -0.01675
  1.52     -0.01718
  1.54     -0.01761
  1.56     -0.01805
  1.58     -0.01848
  1.60     -0.01892
  1.62     -0.01935
  1.64     -0.01978
  1.66     -0.02022
  1.68     -0.02065
  1.70     -0.02109
  1.72     -0.02153
  1.74     -0.02197
  1.76     -0.02242
  1.78     -0.02287
  1.80     -0.02332
  1.82     -0.02379
  1.84     -0.02427
  1.86     -0.02475
  1.88     -0.02526
  1.90     -0.02577
  1.92     -0.02630
  1.94     -0.02683
  1.96     -0.02738
  1.98     -0.02794
  2.00     -0.02851
  2.02     -0.02907
  2.04     -0.02965
  2.06     -0.03022
  2.08     -0.03080
  2.10     -0.03137
  2.12     -0.03195
  2.14     -0.03253
  2.16     -0.03311
  2.18     -0.03368
  2.20     -0.03426
  2.22     -0.03484
  2.24     -0.03542
  2.26     -0.03600
  2.28     -0.03657
  2.30     -0.03715
  2.32     -0.03773
  2.34     -0.03831
  2.36     -0.03889
  2.38     -0.03946
  2.40     -0.04004
  2.42     -0.04062
  2.44     -0.04120
  2.46     -0.04145
  2.48     -0.04139
  2.50     -0.04039
  2.52     -0.03845
  2.54     -0.03419
  2.56     -0.02563
  2.58     -0.00779
  2.60      0.02302
  2.62      0.06630
  2.64      0.12420
  2.66      0.19930
  2.68      0.26908
  2.70      0.34113
  2.72      0.39178
  2.74      0.41628
  2.76      0.39813
  2.78      0.36598
  2.80      0.30115
  2.82      0.23198
  2.84      0.16587
  2.86      0.10789
  2.88      0.05631
  2.90      0.01896
  2.92     -0.00832
  2.94     -0.02939
  2.96     -0.03887
  2.98     -0.04497
  3.00     -0.04883
  3.02     -0.05022
  3.04     -0.05173
  3.06     -0.05202
  3.08     -0.05231
  3.10     -0.05247
  3.12     -0.05275
  3.14     -0.05291
  3.16     -0.05306
  3.18     -0.05322
  3.20     -0.05338
  3.22     -0.05353
  3.24     -0.05369
  3.26     -0.05384
  3.28     -0.05400
  3.30     -0.05416
  3.32     -0.05432
  3.34     -0.05448
  3.36     -0.05464
  3.38     -0.05481
  3.40     -0.05498
  3.42     -0.05517
  3.44     -0.05536
  3.46     -0.05556
  3.48     -0.05578
  3.50     -0.05602
  3.52     -0.05616
  3.54     -0.05632
  3.56     -0.05660
  3.58     -0.05679
  3.60     -0.05677
  3.62     -0.05666
  3.64     -0.05600
  3.66     -0.05382
  3.68     -0.04993
  3.70     -0.04487
  3.72     -0.03877
  3.74     -0.02802
  3.76     -0.01757
  3.78     -0.00468
  3.80      0.01275
  3.82      0.02714
  3.84      0.04123
  3.86      0.05484
  3.88      0.06128
  3.90      0.06172
  3.92      0.06221
  3.94      0.05500
  3.96      0.03862
  3.98      0.02443
  4.00      0.00722
  4.02     -0.01105
  4.04     -0.02738
  4.06     -0.03692
  4.08     -0.04543
  4.10     -0.05227
  4.12     -0.05602
  4.14     -0.05937
  4.16     -0.06105
  4.18     -0.06304
  4.20     -0.06358
  4.22     -0.06445
  4.24     -0.06484
  4.26     -0.06516
  4.28     -0.06550
  4.30     -0.06585
  4.32     -0.06620
  4.34     -0.06656
  4.36     -0.06693
  4.38     -0.06730
  4.40     -0.06766
  4.42     -0.06776
  4.44     -0.06777
  4.46     -0.06742
  4.48     -0.06690
  4.50     -0.06496
  4.52     -0.06241
  4.54     -0.05616
  4.56     -0.04697
  4.58     -0.03370
  4.60     -0.01477
  4.62      0.01005
  4.64      0.03928
  4.66      0.08234
  4.68      0.13765
  4.70      0.19507
  4.72      0.25221
  4.74      0.29779
  4.76      0.32440
  4.78      0.33320
  4.80      0.32099
  4.82      0.28933
  4.84      0.24986
  4.86      0.19865
  4.88      0.14064
  4.90      0.08959
  4.92      0.04383
  4.94      0.00621
  4.96     -0.02013
  4.98     -0.03975
  5.00     -0.05534
  5.02     -0.06360
  5.04     -0.06905
  5.06     -0.07222
  5.08     -0.07384
  5.10     -0.07458
  5.12     -0.07492
  5.14     -0.07503
  5.16     -0.07498
  5.18     -0.07511
  5.20     -0.07495
  5.22     -0.07474
  5.24     -0.07379
  5.26     -0.07280
  5.28     -0.06996
  5.30     -0.06695
  5.32     -0.06164
  5.34     -0.05326
  5.36     -0.04352
  5.38     -0.02993
  5.40     -0.01217
  5.42      0.00806
  5.44      0.02651
  5.46      0.04672
  5.48      0.06596
  5.50      0.07885
  5.52      0.08284
  5.54      0.08390
  5.56      0.07605
  5.58      0.05823
  5.60      0.03680
  5.62      0.01589
  5.64     -0.00797
  5.66     -0.02752
  5.68     -0.04451
  5.70     -0.05745
  5.72     -0.06664
  5.74     -0.07250
  5.76     -0.07743
  5.78     -0.07965
  5.80     -0.08067
  5.82     -0.08163
  5.84     -0.08211
  5.86     -0.08136
  5.88     -0.08029
  5.90     -0.07828
  5.92     -0.07521
  5.94     -0.06925
  5.96     -0.06104
  5.98     -0.04777
  6.00     -0.03322
  6.02     -0.01473
  6.04      0.01091
  6.06      0.04034
  6.08      0.06716
  6.10      0.10087
  6.12      0.13120
  6.14      0.14984
  6.16      0.16410
  6.18      0.17278
  6.20      0.16991
  6.22      0.15638
  6.24      0.13727
  6.26      0.10774
  6.28      0.07336
  6.30      0.03606
  6.32      0.00431
  6.34     -0.02236
  6.36     -0.04325
  6.38     -0.05729
  6.40     -0.06675
  6.42     -0.07394
  6.44     -0.07889
  6.46     -0.08187
  6.48     -0.08377
  6.50     -0.08473
  6.52     -0.08450
  6.54     -0.08305
  6.56     -0.08006
  6.58     -0.07630
  6.60     -0.07243
  6.62     -0.06603
  6.64     -0.05822
  6.66     -0.05052
  6.68     -0.04035
  6.70     -0.02998
  6.72     -0.01852
  6.74     -0.01222
  6.76     -0.00624
  6.78     -0.00511
  6.80     -0.00848
  6.82     -0.01629
  6.84     -0.02431
  6.86     -0.03559
  6.88     -0.04726
  6.90     -0.05671
  6.92     -0.06666
  6.94     -0.07424
  6.96     -0.07981
  6.98     -0.08396
  7.00     -0.08573
  7.02     -0.08553
  7.04     -0.08379
  7.06     -0.07915
  7.08     -0.07082
  7.10     -0.05976
  7.12     -0.04151
  7.14     -0.01690
  7.16      0.01424
  7.18      0.05271
  7.20      0.09972
  7.22      0.15409
  7.24      0.20647
  7.26      0.25552
  7.28      0.28725
  7.30      0.31467
  7.32      0.32037
  7.34      0.31151
  7.36      0.28619
  7.38      0.25521
  7.40      0.20511
  7.42      0.14899
  7.44      0.09512
  7.46      0.04410
  7.48      0.00244
  7.50     -0.03079
  7.52     -0.05296
  7.54     -0.06960
  7.56     -0.07855
  7.58     -0.08470
  7.60     -0.08742
  7.62     -0.08772
  7.64     -0.08538
  7.66     -0.08306
  7.68     -0.07929
  7.70     -0.07444
  7.72     -0.06941
  7.74     -0.06479
  7.76     -0.05965
  7.78     -0.05610
  7.80     -0.05293
  7.82     -0.05263
  7.84     -0.05321
  7.86     -0.05489
  7.88     -0.05790
  7.90     -0.06338
  7.92     -0.06762
  7.94     -0.07260
  7.96     -0.07748
  7.98     -0.08050
  8.00     -0.08166
  8.02     -0.08164
  8.04     -0.08030
  8.06     -0.07539
  8.08     -0.06862
  8.10     -0.05756
  8.12     -0.04449
  8.14     -0.02478
  8.16     -0.00458
  8.18      0.02065
  8.20      0.04631
  8.22      0.07530
  8.24      0.09949
  8.26      0.12535
  8.28      0.14338
  8.30      0.14774
  8.32      0.14430
  8.34      0.13314
  8.36      0.10909
  8.38      0.08053
  8.40      0.05323
  8.42      0.02330
  8.44     -0.00528
  8.46     -0.02887
  8.48     -0.04795
  8.50     -0.05883
  8.52     -0.06585
  8.54     -0.06746
  8.56     -0.06480
  8.58     -0.05875
  8.60     -0.04944
  8.62     -0.03539
  8.64     -0.02138
  8.66     -0.00426
  8.68      0.01428
  8.70      0.02731
  8.72      0.03683
  8.74      0.04410
  8.76      0.04721
  8.78      0.04062
  8.80      0.03476
  8.82      0.02117
  8.84      0.00580
  8.86     -0.01322
  8.88     -0.03100
  8.90     -0.04859
  8.92     -0.05969
  8.94     -0.06843
  8.96     -0.07388
  8.98     -0.07432
  9.00     -0.07018
  9.02     -0.06359
  9.04     -0.05358
  9.06     -0.03935
  9.08     -0.02052
  9.10     -0.00377
  9.12      0.01568
  9.14      0.03109
  9.16      0.04195
  9.18      0.04519
  9.20      0.04490
  9.22      0.03403
  9.24      0.02119
  9.26      0.00528
  9.28     -0.01324
  9.30     -0.03091
  9.32     -0.04527
  9.34     -0.05728
  9.36     -0.06548
  9.38     -0.06842
  9.40     -0.06899
  9.42     -0.06483
  9.44     -0.05669
  9.46     -0.04657
  9.48     -0.03440
  9.50     -0.01911
  9.52     -0.00342
  9.54      0.00967
  9.56      0.01943
  9.58      0.02827
  9.60      0.02819
  9.62      0.02335
  9.64      0.01569
  9.66      0.00497
  9.68     -0.00910
  9.70     -0.02077
  9.72     -0.03139
  9.74     -0.03911
  9.76     -0.03888
  9.78     -0.03257
  9.80     -0.01945
  9.82      0.00438
  9.84      0.03480
  9.86      0.06878
  9.88      0.10770
  9.90      0.14480
  9.92      0.18063
  9.94      0.21128
  9.96      0.23672
  9.98      0.24634
 10.00      0.24955
 10.02      0.23180
 10.04      0.20506
 10.06      0.16622
 10.08      0.12488
 10.10      0.07930
 10.12      0.03982
 10.14      0.00283
 10.16     -0.02727
 10.18     -0.05113
 10.20     -0.06945
 10.22     -0.08232
 10.24     -0.09127
 10.26     -0.09781
 10.28     -0.10141
 10.30     -0.10330
 10.32     -0.10427
 10.34     -0.10463
 10.36     -0.10472
 10.38     -0.10441
 10.40     -0.10303
 10.42     -0.10161
 10.44     -0.09952
 10.46     -0.09587
 10.48     -0.09058
 10.50     -0.08302
 10.52     -0.07213
 10.54     -0.06129
 10.56     -0.04597
 10.58     -0.02813
 10.60     -0.00949
 10.62      0.01233
 10.64      0.03866
 10.66      0.05852
 10.68      0.07589
 10.70      0.08842
 10.72      0.09356
 10.74      0.09245
 10.76      0.08693
 10.78      0.07391
 10.80      0.05665
 10.82      0.03446
 10.84      0.00947
 10.86     -0.01205
 10.88     -0.03118
 10.90     -0.04601
 10.92     -0.05491
 10.94     -0.06177
 10.96     -0.06507
 10.98     -0.06569
 11.00     -0.06428
 11.02     -0.06276
 11.04     -0.05923
 11.06     -0.05864
 11.08     -0.05604
 11.10     -0.05634
 11.12     -0.05799
 11.14     -0.06030
 11.16     -0.06105
 11.18     -0.06371
 11.20     -0.06356
 11.22     -0.06042
 11.24     -0.05436
 11.26     -0.04571
 11.28     -0.02985
 11.30     -0.01125
 11.32      0.00708
 11.34      0.02807
 11.36      0.04744
 11.38      0.06261
 11.40      0.07289
 11.42      0.08052
 11.44      0.07751
 11.46      0.07030
 11.48      0.05529
 11.50      0.03774
 11.52      0.01804
 11.54      0.00207
 11.56     -0.01510
 11.58     -0.02552
 11.60     -0.03197
 11.62     -0.03330
 11.64     -0.03209
 11.66     -0.02426
 11.68     -0.01609
 11.70     -0.00737
 11.72     -0.00180
 11.74      0.00456
 11.76      0.00438
 11.78      0.00361
 11.80     -0.00060
 11.82     -0.00359
 11.84     -0.00914
 11.86     -0.00950
 11.88     -0.01014
 11.90     -0.00482
 11.92      0.00484
 11.94      0.02127
 11.96      0.03872
 11.98      0.06155
 12.00      0.08155
 12.02      0.10371
 12.04      0.12073
 12.06      0.13464
 12.08      0.13594
 12.10      0.13338
 12.12      0.12031
 12.14      0.09905
 12.16      0.07553
 12.18      0.05387
 12.20      0.03047
 12.22      0.00943
 12.24     -0.00573
 12.26     -0.01955
 12.28     -0.02777
 12.30     -0.03155
 12.32     -0.03219
 12.34     -0.03193
 12.36     -0.03082
 12.38     -0.03156
 12.40     -0.03210
 12.42     -0.03405
 12.44     -0.03471
 12.46     -0.03644
 12.48     -0.03748
 12.50     -0.03772
 12.52     -0.03509
 12.54     -0.03163
 12.56     -0.02423
 12.58     -0.01300
 12.60      0.00059
 12.62      0.01353
 12.64      0.02570
 12.66      0.03602
 12.68      0.04106
 12.70      0.04283
 12.72      0.03902
 12.74      0.03204
 12.76      0.02114
 12.78      0.01000
 12.80     -0.00219
 12.82     -0.01408
 12.84     -0.02334
 12.86     -0.03041
 12.88     -0.03615
 12.90     -0.04068
 12.92     -0.04001
 12.94     -0.03947
 12.96     -0.03882
 12.98     -0.03723
 13.00     -0.03473
 13.02     -0.03553
 13.04     -0.03677
 13.06     -0.03587
 13.08     -0.03532
 13.10     -0.03428
 13.12     -0.03115
 13.14     -0.02620
 13.16     -0.02071
 13.18     -0.01257
 13.20     -0.00478
 13.22      0.00364
 13.24      0.01163
 13.26      0.01787
 13.28      0.01937
 13.30      0.02024
 13.32      0.01642
 13.34      0.00985
 13.36     -0.00082
 13.38     -0.01181
 13.40     -0.02479
 13.42     -0.03678
 13.44     -0.04837
 13.46     -0.05597
 13.48     -0.06234
 13.50     -0.06818
 13.52     -0.07218
 13.54     -0.07339
 13.56     -0.07243
 13.58     -0.07100
 13.60     -0.06627
 13.62     -0.06048
 13.64     -0.05371
 13.66     -0.04648
 13.68     -0.03472
 13.70     -0.02254
 13.72     -0.00481
 13.74      0.01606
 13.76      0.03612
 13.78      0.05645
 13.80      0.07679
 13.82      0.09149
 13.84      0.09724
 13.86      0.10235
 13.88      0.09969
 13.90      0.09115
 13.92      0.07746
 13.94      0.06173
 13.96      0.04191
 13.98      0.02157
 14.00      0.00405
 14.02     -0.00947
 14.04     -0.01907
 14.06     -0.02472
 14.08     -0.02723
 14.10     -0.02872
 14.12     -0.03069
 14.14     -0.02963
 14.16     -0.02716
 14.18     -0.02197
 14.20     -0.01570
 14.22     -0.00550
 14.24      0.00637
 14.26      0.02062
 14.28      0.03345
 14.30      0.04935
 14.32      0.06565
 14.34      0.08146
 14.36      0.09417
 14.38      0.10551
 14.40      0.11076
 14.42      0.10952
 14.44      0.10451
 14.46      0.09307
 14.48      0.07918
 14.50      0.06526
 14.52      0.05135
 14.54      0.03814
 14.56      0.02964
 14.58      0.02532
 14.60      0.02142
 14.62      0.02020
 14.64      0.01936
 14.66      0.01576
 14.68      0.01195
 14.70      0.00691
 14.72      0.00102
 14.74     -0.00734
 14.76     -0.01411
 14.78     -0.02240
 14.80     -0.02856
 14.82     -0.03541
 14.84     -0.04042
 14.86     -0.04368
 14.88     -0.04656
 14.90     -0.04970
 14.92     -0.05148
 14.94     -0.05399
 14.96     -0.05675
 14.98     -0.06068
 15.00     -0.06528
 15.02     -0.06905
 15.04     -0.07286
 15.06     -0.07752
 15.08     -0.08028
 15.10     -0.08227
 15.12     -0.08477
 15.14     -0.08575
 15.16     -0.08427
 15.18     -0.08151
 15.20     -0.07620
 15.22     -0.06798
 15.24     -0.05716
 15.26     -0.04446
 15.28     -0.02931
 15.30     -0.01359
 15.32      0.00531
 15.34      0.02332
 15.36      0.04127
 15.38      0.05615
 15.40      0.06818
 15.42      0.07211
 15.44      0.07225
 15.46      0.06899
 15.48      0.05971
 15.50      0.04715
 15.52      0.03224
 15.54      0.01572
 15.56     -0.00289
 15.58     -0.01890
 15.60     -0.03343
 15.62     -0.04467
 15.64     -0.05232
 15.66     -0.05735
 15.68     -0.05951
 15.70     -0.05765
 15.72     -0.05128
 15.74     -0.04292
 15.76     -0.03142
 15.78     -0.01687
 15.80     -0.00289
 15.82      0.01294
 15.84      0.02892
 15.86      0.04316
 15.88      0.05319
 15.90      0.06406
 15.92      0.06800
 15.94      0.06888
 15.96      0.06608
 15.98      0.06231
 16.00      0.05462
 16.02      0.04584
 16.04      0.03741
 16.06      0.02821
 16.08      0.01911
 16.10      0.01362
 16.12      0.01002
 16.14      0.00490
 16.16      0.00240
 16.18     -0.00024
 16.20     -0.00311
 16.22     -0.00668
 16.24     -0.00741
 16.26     -0.00795
 16.28     -0.00786
 16.30     -0.00829
 16.32     -0.00664
 16.34     -0.00497
 16.36     -0.00389
 16.38     -0.00245
 16.40     -0.00260
 16.42     -0.00264
 16.44     -0.00519
 16.46     -0.00794
 16.48     -0.01121
 16.50     -0.01508
 16.52     -0.01915
 16.54     -0.02198
 16.56     -0.02222
 16.58     -0.02107
 16.60     -0.01944
 16.62     -0.01610
 16.64     -0.01089
 16.66     -0.00601
 16.68      0.00018
 16.70      0.01012
 16.72      0.02180
 16.74      0.03347
 16.76      0.04463
 16.78      0.05659
 16.80      0.06716
 16.82      0.07123
 16.84      0.07676
 16.86      0.07962
 16.88      0.07641
 16.90      0.07003
 16.92      0.06386
 16.94      0.05080
 16.96      0.03709
 16.98      0.02376
 17.00      0.00999
 17.02     -0.00265
 17.04     -0.01209
 17.06     -0.02058
 17.08     -0.02631
 17.10     -0.03048
 17.12     -0.03305
 17.14     -0.03452
 17.16     -0.03511
 17.18     -0.03347
 17.20     -0.03120
 17.22     -0.02791
 17.24     -0.02592
 17.26     -0.02329
 17.28     -0.02102
 17.30     -0.02053
 17.32     -0.02099
 17.34     -0.02081
 17.36     -0.02057
 17.38     -0.02347
 17.40     -0.02564
 17.42     -0.02894
 17.44     -0.03177
 17.46     -0.03581
 17.48     -0.03830
 17.50     -0.04057
 17.52     -0.04072
 17.54     -0.04135
 17.56     -0.04136
 17.58     -0.03985
 17.60     -0.03692
 17.62     -0.03557
 17.64     -0.03245
 17.66     -0.02881
 17.68     -0.02561
 17.70     -0.02376
 17.72     -0.02155
 17.74     -0.02027
 17.76     -0.01788
 17.78     -0.01754
 17.80     -0.01600
 17.82     -0.01411
 17.84     -0.01266
 17.86     -0.01202
 17.88     -0.01049
 17.90     -0.00833
 17.92     -0.00631
 17.94     -0.00233
 17.96      0.00096
 17.98      0.00656
 18.00      0.01096
 18.02      0.01741
 18.04      0.02320
 18.06      0.02988
 18.08      0.03776
 18.10      0.04679
 18.12      0.05275
 18.14      0.05569
 18.16      0.05888
 18.18      0.05640
 18.20      0.05202
 18.22      0.04575
 18.24      0.03962
 18.26      0.03059
 18.28      0.02153
 18.30      0.01134
 18.32      0.00433
 18.34     -0.00161
 18.36     -0.00556
 18.38     -0.00721
 18.40     -0.00708
 18.42     -0.00541
 18.44     -0.00260
 18.46      0.00293
 18.48      0.01062
 18.50      0.01843
 18.52      0.02524
 18.54      0.03174
 18.56      0.03590
 18.58      0.03906
 18.60      0.04020
 18.62      0.03670
 18.64      0.03123
 18.66      0.02311
 18.68      0.01167
 18.70     -0.00009
 18.72     -0.00985
 18.74     -0.01956
 18.76     -0.02756
 18.78     -0.03306
 18.80     -0.03616
 18.82     -0.03689
 18.84     -0.03555
 18.86     -0.03157
 18.88     -0.02556
 18.90     -0.01905
 18.92     -0.01113
 18.94     -0.00307
 18.96      0.00392
 18.98      0.00844
 19.00      0.01273
 19.02      0.01307
 19.04      0.01331
 19.06      0.01090
 19.08      0.00650
 19.10      0.00139
 19.12     -0.00329
 19.14     -0.00878
 19.16     -0.01260
 19.18     -0.01388
 19.20     -0.01535
 19.22     -0.01468
 19.24     -0.01176
 19.26     -0.00750
 19.28     -0.00333
 19.30      0.00175
 19.32      0.00753
 19.34      0.01275
 19.36      0.01632
 19.38      0.01993
 19.40      0.02179
 19.42      0.02285
 19.44      0.02091
 19.46      0.01716
 19.48      0.01295
 19.50      0.00810
 19.52      0.00023
 19.54     -0.00679
 19.56     -0.01191
 19.58     -0.01741
 19.60     -0.02045
 19.62     -0.02245
 19.64     -0.02382
 19.66     -0.02528
 19.68     -0.02506
 19.70     -0.02497
 19.72     -0.02372
 19.74     -0.02198
 19.76     -0.01971
 19.78     -0.01843
 19.80     -0.01705
 19.82     -0.01537
 19.84     -0.01363
 19.86     -0.01075
 19.88     -0.00777
 19.90     -0.00455
 19.92     -0.00168
 19.94      0.00064
 19.96      0.00181
 19.98      0.00434
 20.00      0.00465
 20.02      0.00667
 20.04      0.00740
 20.06      0.00735
 20.08      0.00693
 20.10      0.00651
 20.12      0.00411
 20.14      0.00306
 20.16      0.00210
 20.18      0.00027
 20.20     -0.00158
 20.22     -0.00359
 20.24     -0.00567
 20.26     -0.00733
 20.28     -0.00949
 20.30     -0.01012
 20.32     -0.00881
 20.34     -0.00713
 20.36     -0.00636
 20.38     -0.00420
 20.40     -0.00031
 20.42      0.00390
 20.44      0.00936
 20.46      0.01623
 20.48      0.02337
 20.50      0.02883
 20.52      0.03346
 20.54      0.03570
 20.56      0.03581
 20.58      0.03184
 20.60      0.02642
 20.62      0.01900
 20.64      0.00975
 20.66      0.00068
 20.68     -0.00677
 20.70     -0.01321
 20.72     -0.01895
 20.74     -0.02172
 20.76     -0.02286
 20.78     -0.02137
 20.80     -0.01976
 20.82     -0.01608
 20.84     -0.01117
 20.86     -0.00628
 20.88     -0.00181
 20.90      0.00278
 20.92      0.00723
 20.94      0.00971
 20.96      0.01202
 20.98      0.01293
 21.00      0.01420
 21.02      0.01353
 21.04      0.01223
 21.06      0.01129
 21.08      0.01027
 21.10      0.00911
 21.12      0.00777
 21.14      0.00719
 21.16      0.00511
 21.18      0.00333
 21.20      0.00187
 21.22      0.00072
 21.24     -0.00093
 21.26     -0.00119
 21.28     -0.00184
 21.30     -0.00309
 21.32     -0.00440
 21.34     -0.00455
 21.36     -0.00557
 21.38     -0.00523
 21.40     -0.00638
 21.42     -0.00628
 21.44     -0.00624
 21.46     -0.00463
 21.48     -0.00315
 21.50      0.00011
 21.52      0.00284
 21.54      0.00690
 21.56      0.01025
 21.58      0.01127
 21.60      0.01288
 21.62      0.01430
 21.64      0.01305
 21.66      0.01050
 21.68      0.00860
 21.70      0.00509
 21.72     -0.00010
 21.74     -0.00545
 21.76     -0.00913
 21.78     -0.01201
 21.80     -0.01387
 21.82     -0.01483
 21.84     -0.01306
 21.86     -0.01128
 21.88     -0.00885
 21.90     -0.00526
 21.92     -0.00034
 21.94      0.00398
 21.96      0.00772
 21.98      0.01061
 22.00      0.01251
 22.02      0.01333
 22.04      0.01087
 22.06      0.00739
 22.08      0.00378
 22.10     -0.00116
 22.12     -0.00700
 22.14     -0.01064
 22.16     -0.01426
 22.18     -0.01801
 22.20     -0.02130
 22.22     -0.02327
 22.24     -0.02522
 22.26     -0.02603
 22.28     -0.02591
 22.30     -0.02516
 22.32     -0.02381
 22.34     -0.02210
 22.36     -0.01973
 22.38     -0.01796
 22.40     -0.01629
 22.42     -0.01458
 22.44     -0.01309
 22.46     -0.01077
 22.48     -0.00787
 22.50     -0.00400
 22.52     -0.00055
 22.54      0.00483
 22.56      0.00893
 22.58      0.01418
 22.60      0.01920
 22.62      0.02424
 22.64      0.02666
 22.66      0.02945
 22.68      0.03062
 22.70      0.03109
 22.72      0.02860
 22.74      0.02706
 22.76      0.02436
 22.78      0.02049
 22.80      0.01575
 22.82      0.01312
 22.84      0.01008
 22.86      0.00732
 22.88      0.00536
 22.90      0.00397
 22.92      0.00263
 22.94      0.00225
 22.96      0.00159
 22.98      0.00144
 23.00      0.00086
 23.02      0.00092
 23.04     -0.00010
 23.06     -0.00058
 23.08     -0.00200
 23.10     -0.00286
 23.12     -0.00379
 23.14     -0.00627
 23.16     -0.00780
 23.18     -0.00939
 23.20     -0.01115
 23.22     -0.01301
 23.24     -0.01237
 23.26     -0.01332
 23.28     -0.01363
 23.30     -0.01425
 23.32     -0.01451
 23.34     -0.01537
 23.36     -0.01638
 23.38     -0.01628
 23.40     -0.01556
 23.42     -0.01499
 23.44     -0.01429
 23.46     -0.01301
 23.48     -0.01106
 23.50     -0.00745
 23.52     -0.00404
 23.54      0.00033
 23.56      0.00474
 23.58      0.00856
 23.60      0.01239
 23.62      0.01640
 23.64      0.01923
 23.66      0.02108
 23.68      0.02308
 23.70      0.02199
 23.72      0.01948
 23.74      0.01707
 23.76      0.01514
 23.78      0.01076
 23.80      0.00782
 23.82      0.00554
 23.84      0.00328
 23.86      0.00173
 23.88      0.00142
 23.90      0.00075
 23.92      0.00171
 23.94      0.00255
 23.96      0.00366
 23.98      0.00524
 24.00      0.00720
 24.02      0.00822
 24.04      0.00884
 24.06      0.00846
 24.08      0.00849
 24.10      0.00710
 24.12      0.00547
 24.14      0.00418
 24.16      0.00334
 24.18      0.00127
 24.20      0.00019
 24.22     -0.00059
 24.24     -0.00119
 24.26     -0.00194
 24.28     -0.00214
 24.30     -0.00286
 24.32     -0.00399
 24.34     -0.00584
 24.36     -0.00829
 24.38     -0.00987
 24.40     -0.01165
 24.42     -0.01321
 24.44     -0.01451
 24.46     -0.01460
 24.48     -0.01512
 24.50     -0.01484
 24.52     -0.01388
 24.54     -0.01311
 24.56     -0.01294
 24.58     -0.01196
 24.60     -0.01099
 24.62     -0.00988
 24.64     -0.00886
 24.66     -0.00787
 24.68     -0.00824
 24.70     -0.00842
 24.72     -0.00939
 24.74     -0.00916
 24.76     -0.00934
 24.78     -0.00886
 24.80     -0.00806
 24.82     -0.00668
 24.84     -0.00559
 24.86     -0.00328
 24.88     -0.00082
 24.90      0.00070
 24.92      0.00208
 24.94      0.00368
 24.96      0.00474
 24.98      0.00533
 25.00      0.00656
 25.02      0.00738
 25.04      0.00813
 25.06      0.00892
 25.08      0.00950
 25.10      0.00965
 25.12      0.00999
 25.14      0.01013
 25.16      0.00973
 25.18      0.00902
 25.20      0.00876
 25.22      0.00766
 25.24      0.00642
 25.26      0.00537
 25.28      0.00459
 25.30      0.00330
 25.32      0.00271
 25.34      0.00172
 25.36      0.00157
 25.38      0.00102
 25.40      0.00145
 25.42      0.00167
 25.44      0.00228
 25.46      0.00247
 25.48      0.00321
 25.50      0.00308
 25.52      0.00348
 25.54      0.00261
 25.56      0.00188
 25.58      0.00193
 25.60      0.00156
 25.62      0.00031
 25.64      0.00014
 25.66      0.00002
 25.68     -0.00109
 25.70     -0.00100
 25.72     -0.00069
 25.74     -0.00003
 25.76      0.00016
 25.78      0.00039
 25.80      0.00044
 25.82      0.00096
 25.84      0.00082
 25.86      0.00046
 25.88      0.00008
 25.90     -0.00093
 25.92     -0.00220
 25.94     -0.00274
 25.96     -0.00374
 25.98     -0.00411
 26.00     -0.00425
 26.02     -0.00394
 26.04     -0.00410
 26.06     -0.00342
 26.08     -0.00326
 26.10     -0.00272
 26.12     -0.00201
 26.14     -0.00149
 26.16     -0.00092
 26.18     -0.00010
 26.20      0.00014
 26.22      0.00042
 26.24      0.00145
 26.26      0.00197
 26.28      0.00252
 26.30      0.00314
 26.32      0.00344
 26.34      0.00289
 26.36      0.00333
 26.38      0.00356
 26.40      0.00421
 26.42      0.00443
 26.44      0.00398
 26.46      0.00374
 26.48      0.00303
 26.50      0.00198
 26.52      0.00081
 26.54      0.00122
 26.56      0.00106
 26.58      0.00061
 26.60      0.00084
 26.62      0.00148
 26.64      0.00100
 26.66      0.00074
 26.68      0.00039
 26.70     -0.00038
 26.72     -0.00125
 26.74     -0.00232
 26.76     -0.00403
 26.78     -0.00495
 26.80     -0.00652
 26.82     -0.00800
 26.84     -0.00867
 26.86     -0.00933
 26.88     -0.00983
 26.90     -0.00976
 26.92     -0.00981
 26.94     -0.00990
 26.96     -0.01003
 26.98     -0.01014
 27.00     -0.01051
 27.02     -0.00977
 27.04     -0.00893
 27.06     -0.00756
 27.08     -0.00650
 27.10     -0.00417
 27.12     -0.00294
 27.14     -0.00131
 27.16      0.00002
 27.18      0.00159
 27.20      0.00317
 27.22      0.00452
 27.24      0.00600
 27.26      0.00714
 27.28      0.00816
 27.30      0.00780
 27.32      0.00756
 27.34      0.00689
 27.36      0.00614
 27.38      0.00542
 27.40      0.00477
 27.42      0.00392
 27.44      0.00283
 27.46      0.00207
 27.48      0.00131
 27.50      0.00077
 27.52      0.00114
 27.54      0.00139
 27.56      0.00141
 27.58      0.00151
 27.60      0.00120
 27.62      0.00030
 27.64     -0.00009
 27.66     -0.00040
 27.68     -0.00070
 27.70     -0.00073
 27.72     -0.00078
 27.74     -0.00130
 27.76     -0.00174
 27.78     -0.00201
 27.80     -0.00208
 27.82     -0.00240
 27.84     -0.00237
 27.86     -0.00195
 27.88     -0.00164
 27.90     -0.00132
 27.92     -0.00069
 27.94      0.00031
 27.96      0.00107
 27.98      0.00155
 28.00      0.00222
 28.02      0.00317
 28.04      0.00375
 28.06      0.00451
 28.08      0.00493
 28.10      0.00500
 28.12      0.00468
 28.14      0.00406
 28.16      0.00322
 28.18      0.00253
 28.20      0.00176
 28.22      0.00097
 28.24      0.00033
 28.26     -0.00041
 28.28     -0.00093
 28.30     -0.00126
 28.32     -0.00144
 28.34     -0.00166
 28.36     -0.00174
 28.38     -0.00214
 28.40     -0.00216
 28.42     -0.00186
 28.44     -0.00203
 28.46     -0.00210
 28.48     -0.00166
 28.50     -0.00160
 28.52     -0.00195
 28.54     -0.00170
 28.56     -0.00144
 28.58     -0.00135
 28.60     -0.00121
 28.62     -0.00096
 28.64     -0.00080
 28.66     -0.00071
 28.68     -0.00059
 28.70     -0.00006
 28.72     -0.00000
 28.74     -0.00011
 28.76     -0.00001
 28.78      0.00008
 28.80     -0.00021
 28.82     -0.00008
 28.84      0.00018
 28.86     -0.00034
 28.88     -0.00059
 28.90     -0.00083
 28.92     -0.00147
 28.94     -0.00195
 28.96     -0.00175
 28.98     -0.00194
 29.00     -0.00221
 29.02     -0.00201
 29.04     -0.00184
 29.06     -0.00204
 29.08     -0.00196
 29.10     -0.00144
 29.12     -0.00132
 29.14     -0.00114
 29.16     -0.00080
 29.18     -0.00065
 29.20     -0.00099
 29.22     -0.00106
 29.24     -0.00130
 29.26     -0.00171
 29.28     -0.00202
 29.30     -0.00225
 29.32     -0.00227
 29.34     -0.00215
 29.36     -0.00189
 29.38     -0.00182
 29.40     -0.00162
 29.42     -0.00153
 29.44     -0.00135
 29.46     -0.00134
 29.48     -0.00098
 29.50     -0.00068
 29.52     -0.00054
 29.54     -0.00052
 29.56     -0.00010
 29.58     -0.00005
 29.60      0.00046
 29.62      0.00071
 29.64      0.00075
 29.66      0.00056
 29.68      0.00083
 29.70      0.00061
 29.72      0.00065
 29.74      0.00083
 29.76      0.00114
 29.78      0.00112
 29.80      0.00103
 29.82      0.00111
 29.84      0.00121
 29.86      0.00106
 29.88      0.00110
 29.90      0.00089
 29.92      0.00095
 29.94      0.00082
 29.96      0.00063
 29.98      0.00046
 30.00      0.00044
