 #r(A)        G(r)
  0.02      0.00000
  0.04     -0.00000
  0.06     -0.00000
  0.08     -0.00000
  0.10     -0.00000
  0.12     -0.00000
  0.14     -0.00000
  0.16     -0.00000
  0.18     -0.00000
  0.20     -0.00000
  0.22     -0.00001
  0.24     -0.00001
  0.26     -0.00001
  0.28     -0.00002
  0.30     -0.00003
  0.32     -0.00004
  0.34     -0.00005
  0.36     -0.00006
  0.38     -0.00008
  0.40     -0.00010
  0.42     -0.00012
  0.44     -0.00015
  0.46     -0.00018
  0.48     -0.00022
  0.50     -0.00026
  0.52     -0.00030
  0.54     -0.00035
  0.56     -0.00041
  0.58     -0.00047
  0.60     -0.00054
  0.62     -0.00063
  0.64     -0.00074
  0.66     -0.00086
  0.68     -0.00103
  0.70     -0.00123
  0.72     -0.00149
  0.74     -0.00179
  0.76     -0.00214
  0.78     -0.00252
  0.80     -0.00293
  0.82     -0.00336
  0.84     -0.00380
  0.86     -0.00426
  0.88     -0.00472
  0.90     -0.00519
  0.92     -0.00566
  0.94     -0.00613
  0.96     -0.00661
  0.98     -0.00708
  1.00     -0.00756
  1.02     -0.00803
  1.04     -0.00851
  1.06     -0.00898
  1.08     -0.00946
  1.10     -0.00993
  1.12     -0.01041
  1.14     -0.01089
  1.16     -0.01136
  1.18     -0.01184
  1.20     -0.01232
  1.22     -0.01280
  1.24     -0.01327
  1.26     -0.01375
  1.28     -0.01423
  1.30     -0.01471
  1.32     -0.01519
  1.34     -0.01567
  1.36     -0.01615
  1.38     -0.01663
  1.40     -0.01712
  1.42     -0.01760
  1.44     -0.01808
  1.46     -0.01857
  1.48     -0.01905
  1.50     -0.01954
  1.52     -0.02002
  1.54     -0.02051
  1.56     -0.02100
  1.58     -0.02149
  1.60     -0.02198
  1.62     -0.02247
  1.64     -0.02297
  1.66     -0.02347
  1.68     -0.02396
  1.70     -0.02447
  1.72     -0.02497
  1.74     -0.02548
  1.76     -0.02600
  1.78     -0.02652
  1.80     -0.02706
  1.82     -0.02760
  1.84     -0.02815
  1.86     -0.02871
  1.88     -0.02928
  1.90     -0.02986
  1.92     -0.03045
  1.94     -0.03105
  1.96     -0.03166
  1.98     -0.03228
  2.00     -0.03276
  2.02     -0.03338
  2.04     -0.03402
  2.06     -0.03460
  2.08     -0.03519
  2.10     -0.03587
  2.12     -0.03617
  2.14     -0.03605
  2.16     -0.03543
  2.18     -0.03422
  2.20     -0.03357
  2.22     -0.03195
  2.24     -0.03049
  2.26     -0.02845
  2.28     -0.02682
  2.30     -0.02417
  2.32     -0.02301
  2.34     -0.02012
  2.36     -0.01822
  2.38     -0.01487
  2.40     -0.01302
  2.42     -0.00997
  2.44     -0.00781
  2.46     -0.00723
  2.48     -0.00846
  2.50     -0.00760
  2.52     -0.00436
  2.54      0.00325
  2.56      0.01967
  2.58      0.03626
  2.60      0.06274
  2.62      0.09894
  2.64      0.15410
  2.66      0.21303
  2.68      0.28363
  2.70      0.34863
  2.72      0.38788
  2.74      0.38712
  2.76      0.35930
  2.78      0.30751
  2.80      0.23270
  2.82      0.16881
  2.84      0.11010
  2.86      0.06416
  2.88      0.02588
  2.90      0.00169
  2.92     -0.02221
  2.94     -0.03519
  2.96     -0.04591
  2.98     -0.05183
  3.00     -0.05414
  3.02     -0.05486
  3.04     -0.05562
  3.06     -0.05556
  3.08     -0.05554
  3.10     -0.05528
  3.12     -0.05549
  3.14     -0.05604
  3.16     -0.05647
  3.18     -0.05687
  3.20     -0.05709
  3.22     -0.05705
  3.24     -0.05664
  3.26     -0.05643
  3.28     -0.05617
  3.30     -0.05607
  3.32     -0.05595
  3.34     -0.05650
  3.36     -0.05637
  3.38     -0.05663
  3.40     -0.05635
  3.42     -0.05571
  3.44     -0.05505
  3.46     -0.05447
  3.48     -0.05425
  3.50     -0.05383
  3.52     -0.05319
  3.54     -0.05219
  3.56     -0.05124
  3.58     -0.05029
  3.60     -0.04957
  3.62     -0.04842
  3.64     -0.04669
  3.66     -0.04483
  3.68     -0.04095
  3.70     -0.03524
  3.72     -0.02691
  3.74     -0.01623
  3.76     -0.00354
  3.78      0.00731
  3.80      0.02007
  3.82      0.02439
  3.84      0.02872
  3.86      0.02890
  3.88      0.03064
  3.90      0.02795
  3.92      0.02789
  3.94      0.01923
  3.96      0.01380
  3.98      0.00392
  4.00     -0.00765
  4.02     -0.01801
  4.04     -0.02564
  4.06     -0.03509
  4.08     -0.04032
  4.10     -0.04500
  4.12     -0.04910
  4.14     -0.05045
  4.16     -0.05047
  4.18     -0.05107
  4.20     -0.05072
  4.22     -0.04879
  4.24     -0.04670
  4.26     -0.04393
  4.28     -0.04233
  4.30     -0.04103
  4.32     -0.04051
  4.34     -0.03990
  4.36     -0.03872
  4.38     -0.03690
  4.40     -0.03547
  4.42     -0.03223
  4.44     -0.03147
  4.46     -0.03129
  4.48     -0.02894
  4.50     -0.02838
  4.52     -0.02527
  4.54     -0.01592
  4.56     -0.00622
  4.58      0.00620
  4.60      0.03009
  4.62      0.05641
  4.64      0.08561
  4.66      0.11921
  4.68      0.15540
  4.70      0.18477
  4.72      0.20565
  4.74      0.22024
  4.76      0.22682
  4.78      0.22034
  4.80      0.20966
  4.82      0.18628
  4.84      0.15478
  4.86      0.11667
  4.88      0.08079
  4.90      0.04139
  4.92      0.01411
  4.94     -0.00884
  4.96     -0.02467
  4.98     -0.03778
  5.00     -0.04509
  5.02     -0.04998
  5.04     -0.05315
  5.06     -0.05514
  5.08     -0.05652
  5.10     -0.05819
  5.12     -0.05976
  5.14     -0.06045
  5.16     -0.06003
  5.18     -0.05989
  5.20     -0.05861
  5.22     -0.05824
  5.24     -0.05675
  5.26     -0.05416
  5.28     -0.04919
  5.30     -0.04646
  5.32     -0.03838
  5.34     -0.03055
  5.36     -0.02109
  5.38     -0.01230
  5.40      0.00478
  5.42      0.01735
  5.44      0.02956
  5.46      0.03717
  5.48      0.04322
  5.50      0.04045
  5.52      0.03942
  5.54      0.03104
  5.56      0.02299
  5.58      0.01283
  5.60      0.00228
  5.62     -0.01166
  5.64     -0.01926
  5.66     -0.02712
  5.68     -0.03543
  5.70     -0.04134
  5.72     -0.04680
  5.74     -0.05091
  5.76     -0.05404
  5.78     -0.05411
  5.80     -0.05451
  5.82     -0.05389
  5.84     -0.05280
  5.86     -0.05152
  5.88     -0.04765
  5.90     -0.04219
  5.92     -0.03591
  5.94     -0.02494
  5.96     -0.01319
  5.98     -0.00223
  6.00      0.01007
  6.02      0.02713
  6.04      0.03872
  6.06      0.05113
  6.08      0.06252
  6.10      0.07259
  6.12      0.07119
  6.14      0.07271
  6.16      0.07571
  6.18      0.06916
  6.20      0.06155
  6.22      0.06006
  6.24      0.05195
  6.26      0.03432
  6.28      0.02522
  6.30      0.01174
  6.32     -0.00488
  6.34     -0.01978
  6.36     -0.02905
  6.38     -0.03911
  6.40     -0.04644
  6.42     -0.05127
  6.44     -0.05360
  6.46     -0.05573
  6.48     -0.05689
  6.50     -0.05502
  6.52     -0.05229
  6.54     -0.04933
  6.56     -0.04422
  6.58     -0.03872
  6.60     -0.03490
  6.62     -0.02879
  6.64     -0.02192
  6.66     -0.01563
  6.68     -0.00967
  6.70     -0.00352
  6.72      0.00017
  6.74      0.00355
  6.76      0.00260
  6.78      0.00058
  6.80     -0.00239
  6.82     -0.00676
  6.84     -0.01479
  6.86     -0.02026
  6.88     -0.02436
  6.90     -0.02735
  6.92     -0.03141
  6.94     -0.03281
  6.96     -0.03397
  6.98     -0.03254
  7.00     -0.03420
  7.02     -0.03047
  7.04     -0.02351
  7.06     -0.01478
  7.08     -0.00674
  7.10      0.00645
  7.12      0.02091
  7.14      0.03966
  7.16      0.06123
  7.18      0.08213
  7.20      0.10248
  7.22      0.11860
  7.24      0.13169
  7.26      0.13685
  7.28      0.14375
  7.30      0.14098
  7.32      0.13614
  7.34      0.12360
  7.36      0.10550
  7.38      0.08057
  7.40      0.06191
  7.42      0.04301
  7.44      0.02210
  7.46      0.00525
  7.48     -0.00666
  7.50     -0.01901
  7.52     -0.03119
  7.54     -0.03830
  7.56     -0.04075
  7.58     -0.04594
  7.60     -0.04782
  7.62     -0.04778
  7.64     -0.04786
  7.66     -0.04689
  7.68     -0.04461
  7.70     -0.04373
  7.72     -0.04326
  7.74     -0.04372
  7.76     -0.04377
  7.78     -0.04292
  7.80     -0.04354
  7.82     -0.04324
  7.84     -0.04155
  7.86     -0.04132
  7.88     -0.04180
  7.90     -0.03936
  7.92     -0.03804
  7.94     -0.03649
  7.96     -0.03446
  7.98     -0.03316
  8.00     -0.03050
  8.02     -0.02584
  8.04     -0.02139
  8.06     -0.01524
  8.08     -0.00918
  8.10     -0.00095
  8.12      0.00389
  8.14      0.01438
  8.16      0.02251
  8.18      0.03054
  8.20      0.03741
  8.22      0.04313
  8.24      0.04369
  8.26      0.04219
  8.28      0.04273
  8.30      0.03698
  8.32      0.03418
  8.34      0.02711
  8.36      0.02491
  8.38      0.01698
  8.40      0.01198
  8.42      0.00469
  8.44      0.00110
  8.46     -0.00477
  8.48     -0.00792
  8.50     -0.01196
  8.52     -0.01086
  8.54     -0.01189
  8.56     -0.01509
  8.58     -0.01153
  8.60     -0.00690
  8.62     -0.00588
  8.64     -0.00399
  8.66     -0.00078
  8.68      0.00056
  8.70     -0.00048
  8.72     -0.00146
  8.74     -0.00171
  8.76     -0.00097
  8.78     -0.00587
  8.80     -0.00902
  8.82     -0.01253
  8.84     -0.01395
  8.86     -0.01754
  8.88     -0.01743
  8.90     -0.01771
  8.92     -0.01755
  8.94     -0.01879
  8.96     -0.01816
  8.98     -0.01678
  9.00     -0.01449
  9.02     -0.01074
  9.04     -0.00482
  9.06      0.00179
  9.08      0.00661
  9.10      0.01076
  9.12      0.01249
  9.14      0.01235
  9.16      0.01170
  9.18      0.01073
  9.20      0.00878
  9.22      0.00559
  9.24      0.00171
  9.26     -0.00509
  9.28     -0.01179
  9.30     -0.01563
  9.32     -0.01762
  9.34     -0.01824
  9.36     -0.01749
  9.38     -0.01531
  9.40     -0.01383
  9.42     -0.01206
  9.44     -0.01022
  9.46     -0.00639
  9.48     -0.00260
  9.50      0.00161
  9.52      0.00482
  9.54      0.00793
  9.56      0.00727
  9.58      0.00687
  9.60      0.00495
  9.62      0.00613
  9.64      0.00610
  9.66      0.00847
  9.68      0.01036
  9.70      0.01288
  9.72      0.01499
  9.74      0.01704
  9.76      0.02283
  9.78      0.02851
  9.80      0.03541
  9.82      0.04000
  9.84      0.04946
  9.86      0.05061
  9.88      0.05331
  9.90      0.05329
  9.92      0.05459
  9.94      0.04911
  9.96      0.04817
  9.98      0.04346
 10.00      0.03965
 10.02      0.03277
 10.04      0.02526
 10.06      0.01862
 10.08      0.01232
 10.10      0.00330
 10.12     -0.00445
 10.14     -0.00905
 10.16     -0.01567
 10.18     -0.02344
 10.20     -0.02829
 10.22     -0.03149
 10.24     -0.03645
 10.26     -0.03966
 10.28     -0.04018
 10.30     -0.04172
 10.32     -0.04225
 10.34     -0.04082
 10.36     -0.04005
 10.38     -0.03776
 10.40     -0.03367
 10.42     -0.03148
 10.44     -0.02787
 10.46     -0.02393
 10.48     -0.02126
 10.50     -0.01840
 10.52     -0.01304
 10.54     -0.00936
 10.56     -0.00364
 10.58      0.00156
 10.60      0.00477
 10.62      0.00768
 10.64      0.01071
 10.66      0.01091
 10.68      0.01030
 10.70      0.01078
 10.72      0.01065
 10.74      0.01002
 10.76      0.01007
 10.78      0.00734
 10.80      0.00565
 10.82      0.00239
 10.84      0.00046
 10.86     -0.00205
 10.88     -0.00154
 10.90     -0.00322
 10.92     -0.00270
 10.94     -0.00693
 10.96     -0.00969
 10.98     -0.01214
 11.00     -0.01318
 11.02     -0.01685
 11.04     -0.01706
 11.06     -0.01757
 11.08     -0.01607
 11.10     -0.01651
 11.12     -0.01687
 11.14     -0.01459
 11.16     -0.01088
 11.18     -0.00813
 11.20     -0.00676
 11.22     -0.00196
 11.24      0.00170
 11.26      0.00382
 11.28      0.00556
 11.30      0.00924
 11.32      0.01142
 11.34      0.01216
 11.36      0.01464
 11.38      0.01309
 11.40      0.01405
 11.42      0.01288
 11.44      0.00958
 11.46      0.00562
 11.48      0.00517
 11.50      0.00298
 11.52      0.00211
 11.54      0.00354
 11.56      0.00399
 11.58      0.00351
 11.60      0.00382
 11.62      0.00373
 11.64      0.00347
 11.66      0.00275
 11.68      0.00187
 11.70      0.00187
 11.72      0.00165
 11.74      0.00323
 11.76      0.00434
 11.78      0.00640
 11.80      0.00837
 11.82      0.01059
 11.84      0.00851
 11.86      0.00974
 11.88      0.00886
 11.90      0.00840
 11.92      0.01020
 11.94      0.01397
 11.96      0.01672
 11.98      0.01910
 12.00      0.02061
 12.02      0.01864
 12.04      0.01711
 12.06      0.01557
 12.08      0.01680
 12.10      0.01589
 12.12      0.01549
 12.14      0.01457
 12.16      0.01078
 12.18      0.00501
 12.20      0.00047
 12.22     -0.00245
 12.24     -0.00529
 12.26     -0.00849
 12.28     -0.00839
 12.30     -0.00877
 12.32     -0.01061
 12.34     -0.01105
 12.36     -0.01124
 12.38     -0.01056
 12.40     -0.01165
 12.42     -0.01075
 12.44     -0.01009
 12.46     -0.00845
 12.48     -0.00793
 12.50     -0.00572
 12.52     -0.00642
 12.54     -0.00615
 12.56     -0.00509
 12.58     -0.00579
 12.60     -0.00539
 12.62     -0.00486
 12.64     -0.00605
 12.66     -0.00615
 12.68     -0.00678
 12.70     -0.00884
 12.72     -0.00819
 12.74     -0.00598
 12.76     -0.00607
 12.78     -0.00557
 12.80     -0.00628
 12.82     -0.00538
 12.84     -0.00691
 12.86     -0.00600
 12.88     -0.00658
 12.90     -0.00551
 12.92     -0.00619
 12.94     -0.00359
 12.96     -0.00433
 12.98     -0.00258
 13.00     -0.00264
 13.02     -0.00047
 13.04     -0.00213
 13.06     -0.00298
 13.08     -0.00409
 13.10     -0.00136
 13.12     -0.00105
 13.14     -0.00022
 13.16      0.00167
 13.18      0.00235
 13.20      0.00249
 13.22      0.00389
 13.24      0.00397
 13.26      0.00555
 13.28      0.00722
 13.30      0.00618
 13.32      0.00384
 13.34      0.00321
 13.36      0.00332
 13.38      0.00189
 13.40      0.00163
 13.42     -0.00003
 13.44     -0.00085
 13.46     -0.00355
 13.48     -0.00301
 13.50     -0.00252
 13.52     -0.00063
 13.54     -0.00049
 13.56      0.00018
 13.58      0.00130
 13.60      0.00092
 13.62      0.00079
 13.64      0.00369
 13.66      0.00470
 13.68      0.00414
 13.70      0.00683
 13.72      0.00724
 13.74      0.00673
 13.76      0.00629
 13.78      0.00669
 13.80      0.00511
 13.82      0.00576
 13.84      0.00688
 13.86      0.00576
 13.88      0.00365
 13.90      0.00238
 13.92      0.00068
 13.94     -0.00359
 13.96     -0.00286
 13.98     -0.00139
 14.00     -0.00113
 14.02     -0.00119
 14.04      0.00054
 14.06      0.00036
 14.08     -0.00137
 14.10     -0.00136
 14.12     -0.00050
 14.14     -0.00017
 14.16     -0.00094
 14.18      0.00011
 14.20      0.00221
 14.22      0.00262
 14.24      0.00494
 14.26      0.00711
 14.28      0.00790
 14.30      0.00856
 14.32      0.01046
 14.34      0.00973
 14.36      0.00998
 14.38      0.01132
 14.40      0.01019
 14.42      0.00837
 14.44      0.00714
 14.46      0.00608
 14.48      0.00351
 14.50      0.00338
 14.52      0.00181
 14.54      0.00097
 14.56     -0.00144
 14.58     -0.00279
 14.60     -0.00424
 14.62     -0.00516
 14.64     -0.00528
 14.66     -0.00502
 14.68     -0.00272
 14.70     -0.00284
 14.72     -0.00193
 14.74     -0.00211
 14.76     -0.00148
 14.78     -0.00388
 14.80     -0.00490
 14.82     -0.00784
 14.84     -0.00936
 14.86     -0.01153
 14.88     -0.01241
 14.90     -0.01429
 14.92     -0.01330
 14.94     -0.01448
 14.96     -0.01273
 14.98     -0.01201
 15.00     -0.01124
 15.02     -0.01088
 15.04     -0.00808
 15.06     -0.00718
 15.08     -0.00798
 15.10     -0.00804
 15.12     -0.00620
 15.14     -0.00742
 15.16     -0.00733
 15.18     -0.00583
 15.20     -0.00417
 15.22     -0.00343
 15.24     -0.00295
 15.26     -0.00214
 15.28      0.00035
 15.30      0.00135
 15.32      0.00172
 15.34      0.00319
 15.36      0.00464
 15.38      0.00556
 15.40      0.00707
 15.42      0.00669
 15.44      0.00781
 15.46      0.00848
 15.48      0.00852
 15.50      0.01020
 15.52      0.01255
 15.54      0.01341
 15.56      0.01354
 15.58      0.01473
 15.60      0.01436
 15.62      0.01420
 15.64      0.01543
 15.66      0.01515
 15.68      0.01366
 15.70      0.01379
 15.72      0.01278
 15.74      0.01003
 15.76      0.00846
 15.78      0.00851
 15.80      0.00768
 15.82      0.00586
 15.84      0.00758
 15.86      0.00747
 15.88      0.00569
 15.90      0.00495
 15.92      0.00507
 15.94      0.00275
 15.96      0.00188
 15.98     -0.00059
 16.00     -0.00427
 16.02     -0.00531
 16.04     -0.00636
 16.06     -0.00727
 16.08     -0.00646
 16.10     -0.00571
 16.12     -0.00580
 16.14     -0.00779
 16.16     -0.00879
 16.18     -0.00875
 16.20     -0.01012
 16.22     -0.01150
 16.24     -0.01162
 16.26     -0.01088
 16.28     -0.01000
 16.30     -0.00872
 16.32     -0.00753
 16.34     -0.00673
 16.36     -0.00726
 16.38     -0.00790
 16.40     -0.00807
 16.42     -0.00671
 16.44     -0.00595
 16.46     -0.00610
 16.48     -0.00584
 16.50     -0.00375
 16.52     -0.00384
 16.54     -0.00309
 16.56     -0.00151
 16.58     -0.00104
 16.60     -0.00228
 16.62     -0.00171
 16.64     -0.00144
 16.66      0.00006
 16.68      0.00181
 16.70      0.00345
 16.72      0.00417
 16.74      0.00625
 16.76      0.00574
 16.78      0.00529
 16.80      0.00685
 16.82      0.00659
 16.84      0.00568
 16.86      0.00653
 16.88      0.00686
 16.90      0.00577
 16.92      0.00566
 16.94      0.00456
 16.96      0.00367
 16.98      0.00356
 17.00      0.00258
 17.02      0.00151
 17.04      0.00234
 17.06      0.00363
 17.08      0.00259
 17.10      0.00299
 17.12      0.00227
 17.14      0.00055
 17.16     -0.00174
 17.18     -0.00347
 17.20     -0.00482
 17.22     -0.00438
 17.24     -0.00342
 17.26     -0.00254
 17.28     -0.00357
 17.30     -0.00377
 17.32     -0.00305
 17.34     -0.00361
 17.36     -0.00345
 17.38      0.00021
 17.40      0.00037
 17.42     -0.00095
 17.44     -0.00119
 17.46     -0.00081
 17.48     -0.00232
 17.50     -0.00315
 17.52     -0.00162
 17.54     -0.00139
 17.56     -0.00317
 17.58     -0.00234
 17.60     -0.00236
 17.62     -0.00285
 17.64     -0.00195
 17.66     -0.00060
 17.68     -0.00039
 17.70      0.00269
 17.72      0.00341
 17.74      0.00411
 17.76      0.00483
 17.78      0.00582
 17.80      0.00443
 17.82      0.00551
 17.84      0.00674
 17.86      0.00741
 17.88      0.00708
 17.90      0.00869
 17.92      0.00831
 17.94      0.00677
 17.96      0.00625
 17.98      0.00557
 18.00      0.00617
 18.02      0.00619
 18.04      0.00642
 18.06      0.00608
 18.08      0.00591
 18.10      0.00561
 18.12      0.00394
 18.14      0.00360
 18.16      0.00426
 18.18      0.00579
 18.20      0.00362
 18.22      0.00447
 18.24      0.00429
 18.26      0.00339
 18.28      0.00047
 18.30     -0.00093
 18.32     -0.00092
 18.34     -0.00128
 18.36     -0.00206
 18.38     -0.00220
 18.40     -0.00158
 18.42     -0.00396
 18.44     -0.00500
 18.46     -0.00663
 18.48     -0.00607
 18.50     -0.00690
 18.52     -0.00618
 18.54     -0.00779
 18.56     -0.00769
 18.58     -0.00798
 18.60     -0.00803
 18.62     -0.00764
 18.64     -0.00556
 18.66     -0.00604
 18.68     -0.00783
 18.70     -0.00668
 18.72     -0.00723
 18.74     -0.00806
 18.76     -0.00735
 18.78     -0.00517
 18.80     -0.00449
 18.82     -0.00363
 18.84     -0.00212
 18.86     -0.00110
 18.88     -0.00075
 18.90     -0.00073
 18.92     -0.00083
 18.94     -0.00111
 18.96     -0.00144
 18.98     -0.00177
 19.00     -0.00219
 19.02     -0.00160
 19.04     -0.00104
 19.06     -0.00034
 19.08     -0.00009
 19.10     -0.00025
 19.12      0.00066
 19.14      0.00068
 19.16      0.00115
 19.18      0.00222
 19.20      0.00292
 19.22      0.00176
 19.24      0.00216
 19.26      0.00273
 19.28      0.00288
 19.30      0.00331
 19.32      0.00607
 19.34      0.00530
 19.36      0.00488
 19.38      0.00523
 19.40      0.00497
 19.42      0.00383
 19.44      0.00516
 19.46      0.00501
 19.48      0.00396
 19.50      0.00418
 19.52      0.00219
 19.54      0.00049
 19.56      0.00073
 19.58      0.00051
 19.60     -0.00008
 19.62      0.00038
 19.64      0.00108
 19.66      0.00086
 19.68      0.00170
 19.70      0.00237
 19.72      0.00327
 19.74      0.00318
 19.76      0.00420
 19.78      0.00452
 19.80      0.00463
 19.82      0.00394
 19.84      0.00478
 19.86      0.00330
 19.88      0.00251
 19.90      0.00152
 19.92      0.00228
 19.94      0.00033
 19.96      0.00078
 19.98      0.00096
 20.00      0.00067
 20.02      0.00019
 20.04      0.00209
 20.06      0.00096
 20.08      0.00124
 20.10      0.00274
 20.12      0.00223
 20.14      0.00235
 20.16      0.00267
 20.18      0.00345
 20.20      0.00223
 20.22      0.00248
 20.24      0.00242
 20.26      0.00309
 20.28      0.00233
 20.30      0.00289
 20.32      0.00329
 20.34      0.00353
 20.36      0.00319
 20.38      0.00185
 20.40      0.00185
 20.42      0.00187
 20.44      0.00005
 20.46      0.00032
 20.48     -0.00022
 20.50     -0.00253
 20.52     -0.00295
 20.54     -0.00440
 20.56     -0.00596
 20.58     -0.00611
 20.60     -0.00485
 20.62     -0.00657
 20.64     -0.00610
 20.66     -0.00649
 20.68     -0.00674
 20.70     -0.00735
 20.72     -0.00760
 20.74     -0.00652
 20.76     -0.00438
 20.78     -0.00290
 20.80     -0.00282
 20.82     -0.00151
 20.84     -0.00253
 20.86     -0.00274
 20.88     -0.00396
 20.90     -0.00290
 20.92     -0.00236
 20.94     -0.00260
 20.96     -0.00490
 20.98     -0.00509
 21.00     -0.00726
 21.02     -0.00855
 21.04     -0.00735
 21.06     -0.00584
 21.08     -0.00525
 21.10     -0.00336
 21.12     -0.00342
 21.14     -0.00340
 21.16     -0.00310
 21.18     -0.00193
 21.20     -0.00114
 21.22      0.00134
 21.24      0.00172
 21.26      0.00329
 21.28      0.00439
 21.30      0.00557
 21.32      0.00647
 21.34      0.00839
 21.36      0.00882
 21.38      0.00741
 21.40      0.00758
 21.42      0.00719
 21.44      0.00679
 21.46      0.00643
 21.48      0.00947
 21.50      0.00973
 21.52      0.00831
 21.54      0.00844
 21.56      0.00898
 21.58      0.00546
 21.60      0.00344
 21.62      0.00386
 21.64      0.00297
 21.66      0.00050
 21.68      0.00026
 21.70      0.00100
 21.72      0.00004
 21.74     -0.00121
 21.76     -0.00202
 21.78     -0.00259
 21.80     -0.00365
 21.82     -0.00414
 21.84     -0.00452
 21.86     -0.00400
 21.88     -0.00282
 21.90     -0.00275
 21.92     -0.00250
 21.94     -0.00205
 21.96     -0.00179
 21.98     -0.00262
 22.00     -0.00372
 22.02     -0.00349
 22.04     -0.00461
 22.06     -0.00457
 22.08     -0.00470
 22.10     -0.00423
 22.12     -0.00441
 22.14     -0.00216
 22.16     -0.00175
 22.18     -0.00103
 22.20      0.00018
 22.22      0.00102
 22.24     -0.00012
 22.26      0.00102
 22.28      0.00172
 22.30      0.00294
 22.32      0.00384
 22.34      0.00574
 22.36      0.00583
 22.38      0.00753
 22.40      0.00761
 22.42      0.00787
 22.44      0.00755
 22.46      0.00748
 22.48      0.00810
 22.50      0.00802
 22.52      0.00741
 22.54      0.00692
 22.56      0.00659
 22.58      0.00452
 22.60      0.00249
 22.62      0.00226
 22.64      0.00048
 22.66     -0.00084
 22.68     -0.00155
 22.70     -0.00091
 22.72     -0.00157
 22.74     -0.00102
 22.76     -0.00111
 22.78     -0.00057
 22.80     -0.00090
 22.82     -0.00124
 22.84     -0.00116
 22.86     -0.00114
 22.88     -0.00067
 22.90     -0.00079
 22.92     -0.00126
 22.94     -0.00113
 22.96     -0.00113
 22.98     -0.00306
 23.00     -0.00404
 23.02     -0.00388
 23.04     -0.00449
 23.06     -0.00461
 23.08     -0.00499
 23.10     -0.00531
 23.12     -0.00638
 23.14     -0.00704
 23.16     -0.00740
 23.18     -0.00698
 23.20     -0.00726
 23.22     -0.00751
 23.24     -0.00715
 23.26     -0.00737
 23.28     -0.00782
 23.30     -0.00777
 23.32     -0.00746
 23.34     -0.00608
 23.36     -0.00648
 23.38     -0.00591
 23.40     -0.00524
 23.42     -0.00333
 23.44     -0.00387
 23.46     -0.00218
 23.48     -0.00157
 23.50     -0.00055
 23.52     -0.00047
 23.54      0.00044
 23.56      0.00022
 23.58     -0.00019
 23.60      0.00108
 23.62      0.00147
 23.64      0.00168
 23.66      0.00367
 23.68      0.00550
 23.70      0.00560
 23.72      0.00572
 23.74      0.00660
 23.76      0.00726
 23.78      0.00792
 23.80      0.00812
 23.82      0.00791
 23.84      0.00732
 23.86      0.00662
 23.88      0.00560
 23.90      0.00549
 23.92      0.00575
 23.94      0.00559
 23.96      0.00533
 23.98      0.00468
 24.00      0.00353
 24.02      0.00359
 24.04      0.00319
 24.06      0.00219
 24.08      0.00176
 24.10      0.00265
 24.12      0.00236
 24.14      0.00223
 24.16      0.00103
 24.18      0.00211
 24.20      0.00112
 24.22      0.00052
 24.24      0.00007
 24.26      0.00041
 24.28     -0.00098
 24.30     -0.00080
 24.32     -0.00128
 24.34     -0.00195
 24.36     -0.00141
 24.38     -0.00131
 24.40     -0.00119
 24.42     -0.00086
 24.44     -0.00069
 24.46     -0.00098
 24.48     -0.00140
 24.50     -0.00240
 24.52     -0.00256
 24.54     -0.00280
 24.56     -0.00322
 24.58     -0.00329
 24.60     -0.00342
 24.62     -0.00343
 24.64     -0.00285
 24.66     -0.00250
 24.68     -0.00211
 24.70     -0.00174
 24.72     -0.00198
 24.74     -0.00158
 24.76     -0.00174
 24.78     -0.00120
 24.80     -0.00075
 24.82     -0.00027
 24.84     -0.00042
 24.86      0.00024
 24.88      0.00020
 24.90     -0.00007
 24.92      0.00046
 24.94      0.00078
 24.96      0.00104
 24.98      0.00114
 25.00      0.00250
 25.02      0.00179
 25.04      0.00207
 25.06      0.00224
 25.08      0.00248
 25.10      0.00216
 25.12      0.00244
 25.14      0.00287
 25.16      0.00191
 25.18      0.00198
 25.20      0.00054
 25.22      0.00052
 25.24     -0.00056
 25.26     -0.00056
 25.28     -0.00082
 25.30     -0.00090
 25.32     -0.00087
 25.34     -0.00144
 25.36     -0.00205
 25.38     -0.00244
 25.40     -0.00281
 25.42     -0.00337
 25.44     -0.00280
 25.46     -0.00265
 25.48     -0.00295
 25.50     -0.00205
 25.52     -0.00249
 25.54     -0.00315
 25.56     -0.00301
 25.58     -0.00284
 25.60     -0.00320
 25.62     -0.00342
 25.64     -0.00400
 25.66     -0.00451
 25.68     -0.00467
 25.70     -0.00527
 25.72     -0.00484
 25.74     -0.00409
 25.76     -0.00350
 25.78     -0.00299
 25.80     -0.00158
 25.82     -0.00153
 25.84     -0.00089
 25.86     -0.00077
 25.88     -0.00155
 25.90     -0.00210
 25.92     -0.00105
 25.94     -0.00086
 25.96      0.00020
 25.98      0.00138
 26.00      0.00210
 26.02      0.00277
 26.04      0.00384
 26.06      0.00408
 26.08      0.00399
 26.10      0.00417
 26.12      0.00332
 26.14      0.00258
 26.16      0.00241
 26.18      0.00234
 26.20      0.00212
 26.22      0.00218
 26.24      0.00210
 26.26      0.00159
 26.28      0.00130
 26.30      0.00054
 26.32      0.00079
 26.34      0.00049
 26.36      0.00094
 26.38      0.00090
 26.40      0.00097
 26.42      0.00015
 26.44      0.00002
 26.46     -0.00061
 26.48     -0.00024
 26.50     -0.00021
 26.52     -0.00034
 26.54     -0.00038
 26.56     -0.00099
 26.58     -0.00103
 26.60     -0.00040
 26.62      0.00061
 26.64      0.00099
 26.66      0.00156
 26.68      0.00173
 26.70      0.00228
 26.72      0.00206
 26.74      0.00272
 26.76      0.00325
 26.78      0.00276
 26.80      0.00210
 26.82      0.00239
 26.84      0.00166
 26.86      0.00104
 26.88      0.00156
 26.90      0.00096
 26.92      0.00016
 26.94     -0.00004
 26.96     -0.00010
 26.98     -0.00077
 27.00     -0.00102
 27.02     -0.00111
 27.04     -0.00184
 27.06     -0.00241
 27.08     -0.00229
 27.10     -0.00178
 27.12     -0.00214
 27.14     -0.00199
 27.16     -0.00193
 27.18     -0.00209
 27.20     -0.00249
 27.22     -0.00244
 27.24     -0.00228
 27.26     -0.00184
 27.28     -0.00188
 27.30     -0.00168
 27.32     -0.00136
 27.34     -0.00136
 27.36     -0.00104
 27.38     -0.00101
 27.40     -0.00102
 27.42     -0.00065
 27.44     -0.00032
 27.46     -0.00080
 27.48     -0.00085
 27.50     -0.00089
 27.52     -0.00124
 27.54     -0.00129
 27.56     -0.00126
 27.58     -0.00105
 27.60     -0.00105
 27.62     -0.00089
 27.64     -0.00140
 27.66     -0.00185
 27.68     -0.00185
 27.70     -0.00208
 27.72     -0.00213
 27.74     -0.00187
 27.76     -0.00189
 27.78     -0.00194
 27.80     -0.00177
 27.82     -0.00163
 27.84     -0.00152
 27.86     -0.00094
 27.88     -0.00095
 27.90     -0.00085
 27.92     -0.00135
 27.94     -0.00131
 27.96     -0.00119
 27.98     -0.00103
 28.00     -0.00067
 28.02     -0.00013
 28.04     -0.00044
 28.06     -0.00059
 28.08     -0.00055
 28.10     -0.00059
 28.12     -0.00114
 28.14     -0.00086
 28.16     -0.00061
 28.18     -0.00076
 28.20     -0.00067
 28.22      0.00011
 28.24      0.00033
 28.26      0.00032
 28.28      0.00045
 28.30      0.00072
 28.32      0.00064
 28.34      0.00094
 28.36      0.00116
 28.38      0.00143
 28.40      0.00111
 28.42      0.00132
 28.44      0.00086
 28.46      0.00075
 28.48      0.00083
 28.50      0.00071
 28.52      0.00027
 28.54      0.00031
 28.56      0.00009
 28.58     -0.00016
 28.60      0.00018
 28.62      0.00001
 28.64      0.00049
 28.66      0.00097
 28.68      0.00096
 28.70      0.00075
 28.72      0.00103
 28.74      0.00055
 28.76      0.00011
 28.78      0.00016
 28.80     -0.00020
 28.82     -0.00021
 28.84     -0.00063
 28.86     -0.00061
 28.88     -0.00094
 28.90     -0.00088
 28.92     -0.00122
 28.94     -0.00088
 28.96     -0.00115
 28.98     -0.00121
 29.00     -0.00115
 29.02     -0.00125
 29.04     -0.00149
 29.06     -0.00131
 29.08     -0.00124
 29.10     -0.00120
 29.12     -0.00098
 29.14     -0.00091
 29.16     -0.00085
 29.18     -0.00092
 29.20     -0.00093
 29.22     -0.00093
 29.24     -0.00085
 29.26     -0.00102
 29.28     -0.00091
 29.30     -0.00084
 29.32     -0.00055
 29.34     -0.00069
 29.36     -0.00055
 29.38     -0.00037
 29.40     -0.00044
 29.42     -0.00065
 29.44     -0.00060
 29.46     -0.00080
 29.48     -0.00090
 29.50     -0.00095
 29.52     -0.00098
 29.54     -0.00057
 29.56     -0.00054
 29.58     -0.00056
 29.60     -0.00066
 29.62     -0.00080
 29.64     -0.00120
 29.66     -0.00122
 29.68     -0.00129
 29.70     -0.00119
 29.72     -0.00112
 29.74     -0.00110
 29.76     -0.00104
 29.78     -0.00106
 29.80     -0.00113
 29.82     -0.00112
 29.84     -0.00089
 29.86     -0.00095
 29.88     -0.00087
 29.90     -0.00075
 29.92     -0.00072
 29.94     -0.00099
 29.96     -0.00086
 29.98     -0.00099
 30.00     -0.00107
