 #r(A)        G(r)
  0.02      0.00000
  0.04      0.00000
  0.06      0.00000
  0.08      0.00000
  0.10      0.00000
  0.12      0.00000
  0.14      0.00000
  0.16      0.00000
  0.18      0.00000
  0.20      0.00000
  0.22      0.00000
  0.24      0.00000
  0.26      0.00000
  0.28      0.00000
  0.30      0.00000
  0.32      0.00000
  0.34      0.00000
  0.36      0.00000
  0.38      0.00000
  0.40      0.00000
  0.42      0.00000
  0.44      0.00000
  0.46      0.00000
  0.48      0.00000
  0.50      0.00000
  0.52      0.00000
  0.54      0.00000
  0.56      0.00000
  0.58      0.00000
  0.60      0.00000
  0.62      0.00000
  0.64      0.00000
  0.66      0.00000
  0.68      0.00000
  0.70      0.00000
  0.72      0.00000
  0.74      0.00000
  0.76     -0.00049
  0.78     -0.00098
  0.80     -0.00147
  0.82     -0.00196
  0.84     -0.00244
  0.86     -0.00293
  0.88     -0.00342
  0.90     -0.00391
  0.92     -0.00440
  0.94     -0.00489
  0.96     -0.00538
  0.98     -0.00587
  1.00     -0.00635
  1.02     -0.00684
  1.04     -0.00733
  1.06     -0.00782
  1.08     -0.00831
  1.10     -0.00880
  1.12     -0.00929
  1.14     -0.00978
  1.16     -0.01026
  1.18     -0.01075
  1.20     -0.01124
  1.22     -0.01173
  1.24     -0.01222
  1.26     -0.01271
  1.28     -0.01320
  1.30     -0.01369
  1.32     -0.01417
  1.34     -0.01466
  1.36     -0.01515
  1.38     -0.01564
  1.40     -0.01613
  1.42     -0.01662
  1.44     -0.01711
  1.46     -0.01760
  1.48     -0.01809
  1.50     -0.01857
  1.52     -0.01906
  1.54     -0.01955
  1.56     -0.02004
  1.58     -0.02053
  1.60     -0.02102
  1.62     -0.02151
  1.64     -0.02200
  1.66     -0.02248
  1.68     -0.02297
  1.70     -0.02346
  1.72     -0.02395
  1.74     -0.02444
  1.76     -0.02493
  1.78     -0.02542
  1.80     -0.02591
  1.82     -0.02639
  1.84     -0.02688
  1.86     -0.02737
  1.88     -0.02786
  1.90     -0.02851
  1.92     -0.02916
  1.94     -0.02981
  1.96     -0.03046
  1.98     -0.03111
  2.00     -0.03176
  2.02     -0.03241
  2.04     -0.03306
  2.06     -0.03371
  2.08     -0.03436
  2.10     -0.03501
  2.12     -0.03566
  2.14     -0.03631
  2.16     -0.03696
  2.18     -0.03761
  2.20     -0.03826
  2.22     -0.03891
  2.24     -0.03956
  2.26     -0.04021
  2.28     -0.04086
  2.30     -0.04151
  2.32     -0.04216
  2.34     -0.04281
  2.36     -0.04346
  2.38     -0.04411
  2.40     -0.04476
  2.42     -0.04541
  2.44     -0.04606
  2.46     -0.04671
  2.48     -0.04736
  2.50     -0.04801
  2.52     -0.04866
  2.54     -0.04931
  2.56     -0.03765
  2.58     -0.01367
  2.60      0.02261
  2.62      0.07121
  2.64      0.13211
  2.66      0.19302
  2.68      0.25393
  2.70      0.31483
  2.72      0.37574
  2.74      0.41203
  2.76      0.42369
  2.78      0.41121
  2.80      0.37410
  2.82      0.31237
  2.84      0.25064
  2.86      0.18891
  2.88      0.12718
  2.90      0.06546
  2.92      0.01604
  2.94     -0.02107
  2.96     -0.04586
  2.98     -0.05835
  3.00     -0.05852
  3.02     -0.05869
  3.04     -0.05886
  3.06     -0.05903
  3.08     -0.05920
  3.10     -0.05937
  3.12     -0.05955
  3.14     -0.05972
  3.16     -0.05989
  3.18     -0.06006
  3.20     -0.06023
  3.22     -0.06040
  3.24     -0.06058
  3.26     -0.06075
  3.28     -0.06092
  3.30     -0.06109
  3.32     -0.06126
  3.34     -0.06143
  3.36     -0.06160
  3.38     -0.06178
  3.40     -0.06195
  3.42     -0.06212
  3.44     -0.06229
  3.46     -0.06246
  3.48     -0.06263
  3.50     -0.06281
  3.52     -0.06307
  3.54     -0.06345
  3.56     -0.06383
  3.58     -0.06421
  3.60     -0.06458
  3.62     -0.06496
  3.64     -0.06534
  3.66     -0.06572
  3.68     -0.06610
  3.70     -0.06241
  3.72     -0.05467
  3.74     -0.04288
  3.76     -0.02702
  3.78     -0.00710
  3.80      0.01282
  3.82      0.03273
  3.84      0.05265
  3.86      0.07257
  3.88      0.08437
  3.90      0.08805
  3.92      0.08393
  3.94      0.07170
  3.96      0.05135
  3.98      0.03100
  4.00      0.01065
  4.02     -0.00970
  4.04     -0.03005
  4.06     -0.04634
  4.08     -0.05858
  4.10     -0.06675
  4.12     -0.07087
  4.14     -0.07092
  4.16     -0.07098
  4.18     -0.07138
  4.20     -0.07179
  4.22     -0.07220
  4.24     -0.07261
  4.26     -0.07301
  4.28     -0.07342
  4.30     -0.07383
  4.32     -0.07424
  4.34     -0.07464
  4.36     -0.07505
  4.38     -0.07546
  4.40     -0.07587
  4.42     -0.07627
  4.44     -0.07668
  4.46     -0.07709
  4.48     -0.07750
  4.50     -0.07790
  4.52     -0.07831
  4.54     -0.07872
  4.56     -0.07913
  4.58     -0.06696
  4.60     -0.04222
  4.62     -0.00491
  4.64      0.04497
  4.66      0.10743
  4.68      0.16989
  4.70      0.23234
  4.72      0.29480
  4.74      0.35726
  4.76      0.39457
  4.78      0.40663
  4.80      0.39405
  4.82      0.35633
  4.84      0.29347
  4.86      0.23060
  4.88      0.16774
  4.90      0.10487
  4.92      0.04201
  4.94     -0.00829
  4.96     -0.04601
  4.98     -0.07116
  5.00     -0.08373
  5.02     -0.08373
  5.04     -0.08373
  5.06     -0.08373
  5.08     -0.08374
  5.10     -0.08374
  5.12     -0.08374
  5.14     -0.08374
  5.16     -0.08374
  5.18     -0.08374
  5.20     -0.08374
  5.22     -0.08375
  5.24     -0.08375
  5.26     -0.08375
  5.28     -0.08375
  5.30     -0.08375
  5.32     -0.08189
  5.34     -0.07484
  5.36     -0.06258
  5.38     -0.04512
  5.40     -0.02247
  5.42      0.00297
  5.44      0.02842
  5.46      0.05386
  5.48      0.07930
  5.50      0.09993
  5.52      0.11015
  5.54      0.11017
  5.56      0.10001
  5.58      0.07945
  5.60      0.05332
  5.62      0.02719
  5.64      0.00105
  5.66     -0.02508
  5.68     -0.04881
  5.70     -0.06733
  5.72     -0.08066
  5.74     -0.08878
  5.76     -0.09171
  5.78     -0.09185
  5.80     -0.09199
  5.82     -0.09219
  5.84     -0.09239
  5.86     -0.09259
  5.88     -0.09279
  5.90     -0.09299
  5.92     -0.09320
  5.94     -0.09356
  5.96     -0.09392
  5.98     -0.08542
  6.00     -0.06806
  6.02     -0.04183
  6.04     -0.00674
  6.06      0.03721
  6.08      0.08117
  6.10      0.12512
  6.12      0.16907
  6.14      0.21303
  6.16      0.23925
  6.18      0.24775
  6.20      0.23923
  6.22      0.21299
  6.24      0.16901
  6.26      0.12504
  6.28      0.08106
  6.30      0.03675
  6.32     -0.00756
  6.34     -0.04301
  6.36     -0.06959
  6.38     -0.08731
  6.40     -0.09617
  6.42     -0.09617
  6.44     -0.09617
  6.46     -0.09616
  6.48     -0.09616
  6.50     -0.09616
  6.52     -0.09615
  6.54     -0.09615
  6.56     -0.09614
  6.58     -0.09353
  6.60     -0.08831
  6.62     -0.08048
  6.64     -0.07005
  6.66     -0.05701
  6.68     -0.04396
  6.70     -0.03092
  6.72     -0.01788
  6.74     -0.00483
  6.76      0.00279
  6.78      0.00519
  6.80      0.00259
  6.82     -0.00573
  6.84     -0.01926
  6.86     -0.03280
  6.88     -0.04633
  6.90     -0.05986
  6.92     -0.07340
  6.94     -0.08432
  6.96     -0.09264
  6.98     -0.09835
  7.00     -0.10146
  7.02     -0.10195
  7.04     -0.10245
  7.06     -0.10294
  7.08     -0.10343
  7.10     -0.10393
  7.12     -0.09056
  7.14     -0.06334
  7.16     -0.02225
  7.18      0.03250
  7.20      0.10111
  7.22      0.16973
  7.24      0.23834
  7.26      0.30696
  7.28      0.37557
  7.30      0.41646
  7.32      0.42964
  7.34      0.41619
  7.36      0.37503
  7.38      0.30614
  7.40      0.23726
  7.42      0.16837
  7.44      0.09949
  7.46      0.03060
  7.48     -0.02442
  7.50     -0.06559
  7.52     -0.09289
  7.54     -0.10634
  7.56     -0.10602
  7.58     -0.10581
  7.60     -0.10577
  7.62     -0.10418
  7.64     -0.10101
  7.66     -0.09628
  7.68     -0.08999
  7.70     -0.08213
  7.72     -0.07427
  7.74     -0.06641
  7.76     -0.05855
  7.78     -0.05069
  7.80     -0.04596
  7.82     -0.04436
  7.84     -0.04577
  7.86     -0.05031
  7.88     -0.05798
  7.90     -0.06565
  7.92     -0.07332
  7.94     -0.08099
  7.96     -0.08866
  7.98     -0.09526
  8.00     -0.10029
  8.02     -0.10376
  8.04     -0.10566
  8.06     -0.10599
  8.08     -0.10633
  8.10     -0.09816
  8.12     -0.08148
  8.14     -0.05630
  8.16     -0.02261
  8.18      0.01958
  8.20      0.06177
  8.22      0.10361
  8.24      0.14545
  8.26      0.18729
  8.28      0.21212
  8.30      0.21994
  8.32      0.21143
  8.34      0.18590
  8.36      0.14336
  8.38      0.10082
  8.40      0.05828
  8.42      0.01574
  8.44     -0.02680
  8.46     -0.06083
  8.48     -0.08636
  8.50     -0.10338
  8.52     -0.11190
  8.54     -0.11191
  8.56     -0.10673
  8.58     -0.09634
  8.60     -0.08076
  8.62     -0.05998
  8.64     -0.03401
  8.66     -0.00803
  8.68      0.01794
  8.70      0.04392
  8.72      0.06961
  8.74      0.08490
  8.76      0.08980
  8.78      0.08472
  8.80      0.06924
  8.82      0.04327
  8.84      0.01729
  8.86     -0.00868
  8.88     -0.03466
  8.90     -0.06063
  8.92     -0.08141
  8.94     -0.09699
  8.96     -0.10737
  8.98     -0.10775
  9.00     -0.09811
  9.02     -0.08366
  9.04     -0.06440
  9.06     -0.04032
  9.08     -0.01631
  9.10      0.00770
  9.12      0.03171
  9.14      0.05571
  9.16      0.07010
  9.18      0.07486
  9.20      0.07037
  9.22      0.05626
  9.24      0.03252
  9.26      0.00879
  9.28     -0.01495
  9.30     -0.03869
  9.32     -0.06242
  9.34     -0.08134
  9.36     -0.09601
  9.38     -0.10585
  9.40     -0.10646
  9.42     -0.09808
  9.44     -0.08527
  9.46     -0.06804
  9.48     -0.04638
  9.50     -0.02471
  9.52     -0.00305
  9.54      0.01861
  9.56      0.04027
  9.58      0.05308
  9.60      0.05703
  9.62      0.05248
  9.64      0.03908
  9.66      0.01682
  9.68     -0.00544
  9.70     -0.02770
  9.72     -0.04996
  9.74     -0.07223
  9.76     -0.09021
  9.78     -0.09137
  9.80     -0.07571
  9.82     -0.04323
  9.84      0.00606
  9.86      0.06769
  9.88      0.12932
  9.90      0.19095
  9.92      0.25257
  9.94      0.31420
  9.96      0.35104
  9.98      0.36310
 10.00      0.35136
 10.02      0.31483
 10.04      0.25352
 10.06      0.19221
 10.08      0.13056
 10.10      0.06891
 10.12      0.00726
 10.14     -0.04199
 10.16     -0.07886
 10.18     -0.10333
 10.20     -0.11541
 10.22     -0.11509
 10.24     -0.11478
 10.26     -0.11446
 10.28     -0.11415
 10.30     -0.11384
 10.32     -0.11352
 10.34     -0.11354
 10.36     -0.11357
 10.38     -0.11359
 10.40     -0.11372
 10.42     -0.11385
 10.44     -0.11398
 10.46     -0.11411
 10.48     -0.11424
 10.50     -0.11437
 10.52     -0.10730
 10.54     -0.09303
 10.56     -0.07156
 10.58     -0.04289
 10.60     -0.00701
 10.62      0.02886
 10.64      0.06473
 10.66      0.10060
 10.68      0.13648
 10.70      0.15775
 10.72      0.16462
 10.74      0.15766
 10.76      0.13630
 10.78      0.10054
 10.80      0.06457
 10.82      0.02860
 10.84     -0.00736
 10.86     -0.04333
 10.88     -0.07042
 10.90     -0.08865
 10.92     -0.09799
 10.94     -0.09847
 10.96     -0.09007
 10.98     -0.08167
 11.00     -0.07337
 11.02     -0.06507
 11.04     -0.05677
 11.06     -0.05181
 11.08     -0.05020
 11.10     -0.05180
 11.12     -0.05674
 11.14     -0.06503
 11.16     -0.07332
 11.18     -0.08161
 11.20     -0.08990
 11.22     -0.09203
 11.24     -0.08615
 11.26     -0.07224
 11.28     -0.05050
 11.30     -0.02074
 11.32      0.01069
 11.34      0.04212
 11.36      0.07355
 11.38      0.10498
 11.40      0.12372
 11.42      0.12977
 11.44      0.12363
 11.46      0.10480
 11.48      0.07327
 11.50      0.04175
 11.52      0.01022
 11.54     -0.02131
 11.56     -0.04908
 11.58     -0.06678
 11.60     -0.07437
 11.62     -0.07187
 11.64     -0.05944
 11.66     -0.04067
 11.68     -0.02189
 11.70     -0.00312
 11.72      0.01565
 11.74      0.02692
 11.76      0.03067
 11.78      0.02722
 11.80      0.01625
 11.82     -0.00222
 11.84     -0.02070
 11.86     -0.03946
 11.88     -0.04976
 11.90     -0.05162
 11.92     -0.04127
 11.94     -0.01871
 11.96      0.01605
 11.98      0.05457
 12.00      0.09684
 12.02      0.13862
 12.04      0.18041
 12.06      0.20528
 12.08      0.21326
 12.10      0.20500
 12.12      0.17976
 12.14      0.13761
 12.16      0.09547
 12.18      0.05333
 12.20      0.01386
 12.22     -0.02294
 12.24     -0.04861
 12.26     -0.06316
 12.28     -0.06658
 12.30     -0.06155
 12.32     -0.04807
 12.34     -0.03458
 12.36     -0.02110
 12.38     -0.01296
 12.40     -0.01047
 12.42     -0.01311
 12.44     -0.02110
 12.46     -0.03444
 12.48     -0.04777
 12.50     -0.05606
 12.52     -0.05930
 12.54     -0.05748
 12.56     -0.04795
 12.58     -0.03069
 12.60     -0.01075
 12.62      0.01185
 12.64      0.03713
 12.66      0.06227
 12.68      0.07731
 12.70      0.08225
 12.72      0.07749
 12.74      0.06263
 12.76      0.03739
 12.78      0.01215
 12.80     -0.01070
 12.82     -0.03116
 12.84     -0.04923
 12.86     -0.05986
 12.88     -0.06305
 12.90     -0.06119
 12.92     -0.05434
 12.94     -0.04245
 12.96     -0.03056
 12.98     -0.02345
 13.00     -0.02112
 13.02     -0.02338
 13.04     -0.03043
 13.06     -0.04225
 13.08     -0.04953
 13.10     -0.05225
 13.12     -0.05048
 13.14     -0.04416
 13.16     -0.03089
 13.18     -0.01524
 13.20      0.00281
 13.22      0.02324
 13.24      0.04607
 13.26      0.05979
 13.28      0.06441
 13.30      0.06028
 13.32      0.04704
 13.34      0.02470
 13.36      0.00236
 13.38     -0.01927
 13.40     -0.04017
 13.42     -0.06035
 13.44     -0.07550
 13.46     -0.08563
 13.48     -0.09120
 13.50     -0.09223
 13.52     -0.08870
 13.54     -0.08516
 13.56     -0.08308
 13.58     -0.08243
 13.60     -0.08316
 13.62     -0.08534
 13.64     -0.08896
 13.66     -0.08540
 13.68     -0.07468
 13.70     -0.05679
 13.72     -0.03173
 13.74      0.00123
 13.76      0.03492
 13.78      0.06932
 13.80      0.10429
 13.82      0.13999
 13.84      0.16133
 13.86      0.16833
 13.88      0.16154
 13.90      0.14041
 13.92      0.10666
 13.94      0.07487
 13.96      0.04503
 13.98      0.01714
 14.00     -0.00879
 14.02     -0.02754
 14.04     -0.03912
 14.06     -0.04353
 14.08     -0.04076
 14.10     -0.03473
 14.12     -0.03294
 14.14     -0.03491
 14.16     -0.04089
 14.18     -0.05078
 14.20     -0.05321
 14.22     -0.04819
 14.24     -0.03571
 14.26     -0.01577
 14.28      0.01358
 14.30      0.04488
 14.32      0.07814
 14.34      0.11335
 14.36      0.15052
 14.38      0.17277
 14.40      0.18001
 14.42      0.17293
 14.44      0.15082
 14.46      0.11736
 14.48      0.08745
 14.50      0.06110
 14.52      0.03830
 14.54      0.01905
 14.56      0.00726
 14.58      0.00293
 14.60      0.00606
 14.62      0.01660
 14.64      0.02746
 14.66      0.03121
 14.68      0.02813
 14.70      0.01794
 14.72      0.00234
 14.74     -0.01176
 14.76     -0.02416
 14.78     -0.03487
 14.80     -0.04388
 14.82     -0.04934
 14.84     -0.05124
 14.86     -0.04983
 14.88     -0.04485
 14.90     -0.03972
 14.92     -0.03798
 14.94     -0.03950
 14.96     -0.04441
 14.98     -0.05272
 15.00     -0.06103
 15.02     -0.06933
 15.04     -0.07773
 15.06     -0.08613
 15.08     -0.09288
 15.10     -0.09793
 15.12     -0.10129
 15.14     -0.10294
 15.16     -0.10291
 15.18     -0.10287
 15.20     -0.10283
 15.22     -0.10279
 15.24     -0.09661
 15.26     -0.08430
 15.28     -0.06585
 15.30     -0.04134
 15.32     -0.01088
 15.34      0.01958
 15.36      0.05004
 15.38      0.08050
 15.40      0.11096
 15.42      0.12915
 15.44      0.13506
 15.46      0.12918
 15.48      0.11140
 15.50      0.08170
 15.52      0.05237
 15.54      0.02337
 15.56     -0.00527
 15.58     -0.03391
 15.60     -0.05641
 15.62     -0.07280
 15.64     -0.08306
 15.66     -0.08790
 15.68     -0.08735
 15.70     -0.08749
 15.72     -0.08278
 15.74     -0.07329
 15.76     -0.05821
 15.78     -0.03755
 15.80     -0.01129
 15.82      0.01496
 15.84      0.04158
 15.86      0.06857
 15.88      0.09592
 15.90      0.11218
 15.92      0.11762
 15.94      0.11234
 15.96      0.09846
 15.98      0.07608
 16.00      0.05637
 16.02      0.03932
 16.04      0.02493
 16.06      0.01055
 16.08      0.00175
 16.10     -0.00146
 16.12      0.00092
 16.14      0.00356
 16.16      0.00638
 16.18      0.00389
 16.20     -0.00138
 16.22     -0.00943
 16.24     -0.01493
 16.26     -0.01789
 16.28     -0.01830
 16.30     -0.01871
 16.32     -0.01645
 16.34     -0.01153
 16.36     -0.00394
 16.38      0.00118
 16.40      0.00388
 16.42      0.00270
 16.44     -0.00202
 16.46     -0.00999
 16.48     -0.01610
 16.50     -0.02036
 16.52     -0.02378
 16.54     -0.02721
 16.56     -0.02808
 16.58     -0.02641
 16.60     -0.02439
 16.62     -0.02352
 16.64     -0.02373
 16.66     -0.02170
 16.68     -0.01751
 16.70     -0.00925
 16.72      0.00488
 16.74      0.02488
 16.76      0.04487
 16.78      0.06589
 16.80      0.08876
 16.82      0.11348
 16.84      0.12830
 16.86      0.13324
 16.88      0.12883
 16.90      0.11380
 16.92      0.08812
 16.94      0.06355
 16.96      0.04002
 16.98      0.01649
 17.00     -0.00715
 17.02     -0.02493
 17.04     -0.03683
 17.06     -0.04508
 17.08     -0.04967
 17.10     -0.04838
 17.12     -0.04718
 17.14     -0.04606
 17.16     -0.04282
 17.18     -0.03745
 17.20     -0.03210
 17.22     -0.02676
 17.24     -0.02031
 17.26     -0.01275
 17.28     -0.00835
 17.30     -0.00709
 17.32     -0.00881
 17.34     -0.01377
 17.36     -0.02197
 17.38     -0.02915
 17.40     -0.03543
 17.42     -0.04070
 17.44     -0.04597
 17.46     -0.04911
 17.48     -0.05036
 17.50     -0.04949
 17.52     -0.04852
 17.54     -0.04550
 17.56     -0.04247
 17.58     -0.03951
 17.60     -0.03665
 17.62     -0.03183
 17.64     -0.02701
 17.66     -0.02219
 17.68     -0.01737
 17.70     -0.01153
 17.72     -0.00862
 17.74     -0.00862
 17.76     -0.00948
 17.78     -0.01137
 17.80     -0.01536
 17.82     -0.01745
 17.84     -0.01767
 17.86     -0.01788
 17.88     -0.01809
 17.90     -0.01634
 17.92     -0.01262
 17.94     -0.01071
 17.96     -0.01083
 17.98     -0.00811
 18.00     -0.00474
 18.02     -0.00064
 18.04      0.00795
 18.06      0.02105
 18.08      0.03414
 18.10      0.04723
 18.12      0.06221
 18.14      0.07907
 18.16      0.08883
 18.18      0.09226
 18.20      0.08969
 18.22      0.07898
 18.24      0.06013
 18.26      0.04213
 18.28      0.02413
 18.30      0.00614
 18.32     -0.01186
 18.34     -0.02536
 18.36     -0.03607
 18.38     -0.04402
 18.40     -0.04502
 18.42     -0.03911
 18.44     -0.03092
 18.46     -0.01862
 18.48     -0.00222
 18.50      0.01419
 18.52      0.03059
 18.54      0.04784
 18.56      0.06583
 18.58      0.07646
 18.60      0.07974
 18.62      0.07600
 18.64      0.06404
 18.66      0.04384
 18.68      0.02361
 18.70      0.00337
 18.72     -0.01686
 18.74     -0.03710
 18.76     -0.05323
 18.78     -0.06526
 18.80     -0.07019
 18.82     -0.06802
 18.84     -0.05875
 18.86     -0.04649
 18.88     -0.03123
 18.90     -0.01621
 18.92     -0.00119
 18.94      0.01376
 18.96      0.02871
 18.98      0.03766
 19.00      0.04135
 19.02      0.04000
 19.04      0.03337
 19.06      0.02147
 19.08      0.01028
 19.10     -0.00090
 19.12     -0.01219
 19.14     -0.02347
 19.16     -0.03176
 19.18     -0.03849
 19.20     -0.04057
 19.22     -0.03795
 19.24     -0.03070
 19.26     -0.02179
 19.28     -0.00981
 19.30      0.00211
 19.32      0.01404
 19.34      0.02589
 19.36      0.03844
 19.38      0.04556
 19.40      0.04807
 19.42      0.04622
 19.44      0.03975
 19.46      0.02796
 19.48      0.01696
 19.50      0.00596
 19.52     -0.00504
 19.54     -0.01603
 19.56     -0.02395
 19.58     -0.03049
 19.60     -0.03436
 19.62     -0.03549
 19.64     -0.03394
 19.66     -0.03287
 19.68     -0.03055
 19.70     -0.02823
 19.72     -0.02591
 19.74     -0.02359
 19.76     -0.02044
 19.78     -0.01905
 19.80     -0.01753
 19.82     -0.01577
 19.84     -0.01388
 19.86     -0.01268
 19.88     -0.00967
 19.90     -0.00666
 19.92     -0.00365
 19.94     -0.00063
 19.96      0.00363
 19.98      0.00726
 20.00      0.01009
 20.02      0.01242
 20.04      0.01412
 20.06      0.01392
 20.08      0.01372
 20.10      0.01352
 20.12      0.01333
 20.14      0.01313
 20.16      0.01128
 20.18      0.00849
 20.20      0.00491
 20.22      0.00022
 20.24     -0.00540
 20.26     -0.01028
 20.28     -0.01517
 20.30     -0.02005
 20.32     -0.02494
 20.34     -0.02808
 20.36     -0.02783
 20.38     -0.02415
 20.40     -0.01697
 20.42     -0.00641
 20.44      0.00585
 20.46      0.01811
 20.48      0.03037
 20.50      0.04263
 20.52      0.05487
 20.54      0.06153
 20.56      0.06262
 20.58      0.05838
 20.60      0.04856
 20.62      0.03317
 20.64      0.01762
 20.66      0.00206
 20.68     -0.01349
 20.70     -0.02912
 20.72     -0.04161
 20.74     -0.04903
 20.76     -0.05139
 20.78     -0.04868
 20.80     -0.04092
 20.82     -0.03124
 20.84     -0.02157
 20.86     -0.01191
 20.88     -0.00226
 20.90      0.00739
 20.92      0.01459
 20.94      0.01933
 20.96      0.02177
 20.98      0.02175
 21.00      0.01927
 21.02      0.01680
 21.04      0.01416
 21.06      0.01152
 21.08      0.00889
 21.10      0.00675
 21.12      0.00512
 21.14      0.00411
 21.16      0.00359
 21.18      0.00358
 21.20      0.00355
 21.22      0.00352
 21.24      0.00346
 21.26      0.00341
 21.28      0.00290
 21.30      0.00196
 21.32      0.00067
 21.34     -0.00105
 21.36     -0.00324
 21.38     -0.00543
 21.40     -0.00762
 21.42     -0.00981
 21.44     -0.01212
 21.46     -0.01278
 21.48     -0.01180
 21.50     -0.00910
 21.52     -0.00476
 21.54      0.00123
 21.56      0.00722
 21.58      0.01320
 21.60      0.01919
 21.62      0.02518
 21.64      0.02797
 21.66      0.02760
 21.68      0.02417
 21.70      0.01757
 21.72      0.00781
 21.74     -0.00195
 21.76     -0.01171
 21.78     -0.02147
 21.80     -0.02905
 21.82     -0.03244
 21.84     -0.03171
 21.86     -0.02680
 21.88     -0.01771
 21.90     -0.00663
 21.92      0.00446
 21.94      0.01555
 21.96      0.02663
 21.98      0.03353
 22.00      0.03623
 22.02      0.03487
 22.04      0.02924
 22.06      0.01942
 22.08      0.00961
 22.10     -0.00021
 22.12     -0.01003
 22.14     -0.01985
 22.16     -0.02718
 22.18     -0.03205
 22.20     -0.03442
 22.22     -0.03437
 22.24     -0.03183
 22.26     -0.02930
 22.28     -0.02677
 22.30     -0.02423
 22.32     -0.02108
 22.34     -0.01845
 22.36     -0.01633
 22.38     -0.01466
 22.40     -0.01349
 22.42     -0.01347
 22.44     -0.01345
 22.46     -0.01343
 22.48     -0.01341
 22.50     -0.01257
 22.52     -0.01026
 22.54     -0.00642
 22.56     -0.00111
 22.58      0.00566
 22.60      0.01297
 22.62      0.02027
 22.64      0.02755
 22.66      0.03538
 22.68      0.04025
 22.70      0.04217
 22.72      0.04129
 22.74      0.03746
 22.76      0.03012
 22.78      0.02278
 22.80      0.01543
 22.82      0.00808
 22.84      0.00069
 22.86     -0.00466
 22.88     -0.00794
 22.90     -0.00920
 22.92     -0.00842
 22.94     -0.00558
 22.96     -0.00276
 22.98     -0.00002
 23.00      0.00323
 23.02      0.00540
 23.04      0.00650
 23.06      0.00660
 23.08      0.00563
 23.10      0.00305
 23.12      0.00046
 23.14     -0.00212
 23.16     -0.00428
 23.18     -0.00698
 23.20     -0.00915
 23.22     -0.01076
 23.24     -0.01183
 23.26     -0.01288
 23.28     -0.01285
 23.30     -0.01283
 23.32     -0.01251
 23.34     -0.01291
 23.36     -0.01346
 23.38     -0.01412
 23.40     -0.01494
 23.42     -0.01621
 23.44     -0.01697
 23.46     -0.01773
 23.48     -0.01677
 23.50     -0.01466
 23.52     -0.01097
 23.54     -0.00563
 23.56      0.00130
 23.58      0.00812
 23.60      0.01541
 23.62      0.02271
 23.64      0.03001
 23.66      0.03406
 23.68      0.03515
 23.70      0.03334
 23.72      0.02857
 23.74      0.02084
 23.76      0.01341
 23.78      0.00598
 23.80     -0.00145
 23.82     -0.00792
 23.84     -0.01212
 23.86     -0.01407
 23.88     -0.01372
 23.90     -0.01110
 23.92     -0.00717
 23.94     -0.00323
 23.96      0.00070
 23.98      0.00519
 24.00      0.00830
 24.02      0.01025
 24.04      0.01102
 24.06      0.01063
 24.08      0.00852
 24.10      0.00663
 24.12      0.00473
 24.14      0.00354
 24.16      0.00194
 24.18      0.00091
 24.20      0.00048
 24.22      0.00062
 24.24      0.00062
 24.26      0.00159
 24.28      0.00255
 24.30      0.00350
 24.32      0.00305
 24.34      0.00173
 24.36     -0.00038
 24.38     -0.00335
 24.40     -0.00721
 24.42     -0.01052
 24.44     -0.01322
 24.46     -0.01531
 24.48     -0.01680
 24.50     -0.01696
 24.52     -0.01581
 24.54     -0.01396
 24.56     -0.01143
 24.58     -0.00819
 24.60     -0.00481
 24.62     -0.00251
 24.64     -0.00128
 24.66     -0.00109
 24.68     -0.00198
 24.70     -0.00409
 24.72     -0.00621
 24.74     -0.00842
 24.76     -0.01004
 24.78     -0.01137
 24.80     -0.01179
 24.82     -0.01130
 24.84     -0.00990
 24.86     -0.00818
 24.88     -0.00585
 24.90     -0.00304
 24.92      0.00026
 24.94      0.00288
 24.96      0.00497
 24.98      0.00657
 25.00      0.00715
 25.02      0.00668
 25.04      0.00637
 25.06      0.00666
 25.08      0.00651
 25.10      0.00596
 25.12      0.00564
 25.14      0.00552
 25.16      0.00499
 25.18      0.00505
 25.20      0.00570
 25.22      0.00657
 25.24      0.00646
 25.26      0.00587
 25.28      0.00485
 25.30      0.00336
 25.32      0.00116
 25.34     -0.00055
 25.36     -0.00164
 25.38     -0.00211
 25.40     -0.00244
 25.42     -0.00200
 25.44     -0.00078
 25.46      0.00058
 25.48      0.00209
 25.50      0.00420
 25.52      0.00641
 25.54      0.00748
 25.56      0.00742
 25.58      0.00649
 25.60      0.00465
 25.62      0.00180
 25.64     -0.00082
 25.66     -0.00267
 25.68     -0.00397
 25.70     -0.00492
 25.72     -0.00499
 25.74     -0.00409
 25.76     -0.00278
 25.78     -0.00106
 25.80      0.00128
 25.82      0.00371
 25.84      0.00513
 25.86      0.00553
 25.88      0.00508
 25.90      0.00371
 25.92      0.00134
 25.94     -0.00092
 25.96     -0.00277
 25.98     -0.00431
 26.00     -0.00571
 26.02     -0.00643
 26.04     -0.00646
 26.06     -0.00616
 26.08     -0.00547
 26.10     -0.00403
 26.12     -0.00239
 26.14     -0.00116
 26.16     -0.00034
 26.18      0.00017
 26.20      0.00016
 26.22     -0.00041
 26.24     -0.00089
 26.26     -0.00087
 26.28     -0.00086
 26.30     -0.00085
 26.32     -0.00052
 26.34      0.00012
 26.36      0.00065
 26.38      0.00147
 26.40      0.00271
 26.42      0.00406
 26.44      0.00471
 26.46      0.00487
 26.48      0.00456
 26.50      0.00363
 26.52      0.00209
 26.54      0.00109
 26.56      0.00042
 26.58     -0.00015
 26.60     -0.00063
 26.62     -0.00059
 26.64     -0.00037
 26.66      0.00002
 26.68      0.00080
 26.70      0.00198
 26.72      0.00251
 26.74      0.00237
 26.76      0.00170
 26.78      0.00049
 26.80     -0.00126
 26.82     -0.00282
 26.84     -0.00417
 26.86     -0.00545
 26.88     -0.00663
 26.90     -0.00740
 26.92     -0.00784
 26.94     -0.00795
 26.96     -0.00770
 26.98     -0.00711
 27.00     -0.00668
 27.02     -0.00641
 27.04     -0.00629
 27.06     -0.00633
 27.08     -0.00655
 27.10     -0.00676
 27.12     -0.00659
 27.14     -0.00608
 27.16     -0.00521
 27.18     -0.00391
 27.20     -0.00217
 27.22     -0.00038
 27.24      0.00149
 27.26      0.00353
 27.28      0.00566
 27.30      0.00706
 27.32      0.00778
 27.34      0.00786
 27.36      0.00717
 27.38      0.00571
 27.40      0.00443
 27.42      0.00331
 27.44      0.00217
 27.46      0.00101
 27.48      0.00023
 27.50     -0.00032
 27.52     -0.00064
 27.54     -0.00048
 27.56      0.00018
 27.58      0.00062
 27.60      0.00082
 27.62      0.00090
 27.64      0.00075
 27.66      0.00045
 27.68      0.00030
 27.70      0.00030
 27.72      0.00018
 27.74     -0.00006
 27.76     -0.00034
 27.78     -0.00065
 27.80     -0.00095
 27.82     -0.00106
 27.84     -0.00112
 27.86     -0.00127
 27.88     -0.00152
 27.90     -0.00183
 27.92     -0.00219
 27.94     -0.00228
 27.96     -0.00209
 27.98     -0.00172
 28.00     -0.00126
 28.02     -0.00063
 28.04     -0.00001
 28.06      0.00060
 28.08      0.00129
 28.10      0.00207
 28.12      0.00251
 28.14      0.00261
 28.16      0.00243
 28.18      0.00194
 28.20      0.00114
 28.22      0.00043
 28.24     -0.00019
 28.26     -0.00077
 28.28     -0.00132
 28.30     -0.00167
 28.32     -0.00187
 28.34     -0.00193
 28.36     -0.00179
 28.38     -0.00143
 28.40     -0.00116
 28.42     -0.00096
 28.44     -0.00083
 28.46     -0.00080
 28.48     -0.00084
 28.50     -0.00084
 28.52     -0.00079
 28.54     -0.00078
 28.56     -0.00081
 28.58     -0.00084
 28.60     -0.00089
 28.62     -0.00091
 28.64     -0.00084
 28.66     -0.00075
 28.68     -0.00069
 28.70     -0.00067
 28.72     -0.00068
 28.74     -0.00073
 28.76     -0.00071
 28.78     -0.00064
 28.80     -0.00058
 28.82     -0.00056
 28.84     -0.00054
 28.86     -0.00055
 28.88     -0.00060
 28.90     -0.00062
 28.92     -0.00060
 28.94     -0.00063
 28.96     -0.00073
 28.98     -0.00084
 29.00     -0.00098
 29.02     -0.00111
 29.04     -0.00119
 29.06     -0.00122
 29.08     -0.00123
 29.10     -0.00121
 29.12     -0.00116
 29.14     -0.00108
 29.16     -0.00096
 29.18     -0.00081
 29.20     -0.00068
 29.22     -0.00058
 29.24     -0.00053
 29.26     -0.00052
 29.28     -0.00055
 29.30     -0.00059
 29.32     -0.00063
 29.34     -0.00069
 29.36     -0.00078
 29.38     -0.00085
 29.40     -0.00091
 29.42     -0.00095
 29.44     -0.00097
 29.46     -0.00096
 29.48     -0.00096
 29.50     -0.00095
 29.52     -0.00093
 29.54     -0.00092
 29.56     -0.00089
 29.58     -0.00086
 29.60     -0.00083
 29.62     -0.00080
 29.64     -0.00077
 29.66     -0.00075
 29.68     -0.00072
 29.70     -0.00068
 29.72     -0.00065
 29.74     -0.00061
 29.76     -0.00057
 29.78     -0.00054
 29.80     -0.00050
 29.82     -0.00047
 29.84     -0.00044
 29.86     -0.00042
 29.88     -0.00040
 29.90     -0.00039
 29.92     -0.00039
 29.94     -0.00038
 29.96     -0.00038
 29.98     -0.00037
 30.00     -0.00037
 30.02     -0.00036
 30.04     -0.00035
 30.06     -0.00034
 30.08     -0.00033
 30.10     -0.00031
 30.12     -0.00030
 30.14     -0.00028
 30.16     -0.00027
 30.18     -0.00026
 30.20     -0.00025
 30.22     -0.00024
 30.24     -0.00023
 30.26     -0.00022
 30.28     -0.00021
 30.30     -0.00020
 30.32     -0.00019
 30.34     -0.00018
 30.36     -0.00017
 30.38     -0.00017
 30.40     -0.00016
 30.42     -0.00015
 30.44     -0.00014
 30.46     -0.00013
 30.48     -0.00013
 30.50     -0.00012
 30.52     -0.00011
 30.54     -0.00011
 30.56     -0.00010
 30.58     -0.00009
 30.60     -0.00009
 30.62     -0.00008
 30.64     -0.00008
 30.66     -0.00007
 30.68     -0.00007
 30.70     -0.00006
 30.72     -0.00006
 30.74     -0.00006
 30.76     -0.00005
 30.78     -0.00005
 30.80     -0.00004
 30.82     -0.00004
 30.84     -0.00004
 30.86     -0.00003
 30.88     -0.00003
 30.90     -0.00003
 30.92     -0.00003
 30.94     -0.00003
 30.96     -0.00002
 30.98     -0.00002
 31.00     -0.00002
 31.02     -0.00002
 31.04     -0.00002
 31.06     -0.00002
 31.08     -0.00001
 31.10     -0.00001
 31.12     -0.00001
 31.14     -0.00001
 31.16     -0.00001
 31.18     -0.00001
 31.20     -0.00001
 31.22     -0.00001
 31.24     -0.00000
 31.26     -0.00000
 31.28     -0.00000
 31.30     -0.00000
 31.32     -0.00000
 31.34     -0.00000
 31.36     -0.00000
 31.38     -0.00000
 31.40     -0.00000
 31.42     -0.00000
 31.44     -0.00000
 31.46     -0.00000
 31.48     -0.00000
 31.50     -0.00000
 31.52     -0.00000
 31.54     -0.00000
 31.56     -0.00000
 31.58     -0.00000
 31.60     -0.00000
 31.62     -0.00000
 31.64     -0.00000
 31.66     -0.00000
 31.68     -0.00000
 31.70     -0.00000
 31.72     -0.00000
 31.74     -0.00000
 31.76     -0.00000
 31.78     -0.00000
 31.80     -0.00000
 31.82     -0.00000
 31.84     -0.00000
 31.86     -0.00000
 31.88      0.00000
 31.90      0.00000
 31.92      0.00000
 31.94      0.00000
 31.96      0.00000
 31.98      0.00000
 32.00      0.00000
