 #r(A)        G(r)
  0.02      0.00000
  0.04      0.00000
  0.06      0.00000
  0.08      0.00000
  0.10      0.00000
  0.12      0.00000
  0.14      0.00000
  0.16      0.00000
  0.18      0.00000
  0.20      0.00000
  0.22      0.00000
  0.24      0.00000
  0.26      0.00000
  0.28      0.00000
  0.30      0.00000
  0.32      0.00000
  0.34      0.00000
  0.36      0.00000
  0.38      0.00000
  0.40      0.00000
  0.42      0.00000
  0.44      0.00000
  0.46      0.00000
  0.48      0.00000
  0.50      0.00000
  0.52      0.00000
  0.54      0.00000
  0.56      0.00000
  0.58      0.00000
  0.60      0.00000
  0.62      0.00000
  0.64      0.00000
  0.66      0.00000
  0.68      0.00000
  0.70      0.00000
  0.72      0.00000
  0.74      0.00000
  0.76     -0.00036
  0.78     -0.00071
  0.80     -0.00107
  0.82     -0.00143
  0.84     -0.00178
  0.86     -0.00214
  0.88     -0.00250
  0.90     -0.00285
  0.92     -0.00321
  0.94     -0.00357
  0.96     -0.00392
  0.98     -0.00428
  1.00     -0.00463
  1.02     -0.00499
  1.04     -0.00535
  1.06     -0.00570
  1.08     -0.00606
  1.10     -0.00642
  1.12     -0.00677
  1.14     -0.00713
  1.16     -0.00749
  1.18     -0.00807
  1.20     -0.00865
  1.22     -0.00924
  1.24     -0.00982
  1.26     -0.01040
  1.28     -0.01099
  1.30     -0.01157
  1.32     -0.01215
  1.34     -0.01274
  1.36     -0.01332
  1.38     -0.01390
  1.40     -0.01449
  1.42     -0.01507
  1.44     -0.01565
  1.46     -0.01623
  1.48     -0.01682
  1.50     -0.01740
  1.52     -0.01798
  1.54     -0.01857
  1.56     -0.01915
  1.58     -0.01973
  1.60     -0.02032
  1.62     -0.02090
  1.64     -0.02148
  1.66     -0.02207
  1.68     -0.02265
  1.70     -0.02323
  1.72     -0.02382
  1.74     -0.02440
  1.76     -0.02498
  1.78     -0.02556
  1.80     -0.02615
  1.82     -0.02673
  1.84     -0.02731
  1.86     -0.02790
  1.88     -0.02848
  1.90     -0.02906
  1.92     -0.02965
  1.94     -0.03023
  1.96     -0.03081
  1.98     -0.03140
  2.00     -0.03198
  2.02     -0.03256
  2.04     -0.03315
  2.06     -0.03373
  2.08     -0.03431
  2.10     -0.03490
  2.12     -0.03548
  2.14     -0.03606
  2.16     -0.03664
  2.18     -0.03723
  2.20     -0.03781
  2.22     -0.03839
  2.24     -0.03898
  2.26     -0.03956
  2.28     -0.04014
  2.30     -0.04073
  2.32     -0.04131
  2.34     -0.04189
  2.36     -0.04248
  2.38     -0.04306
  2.40     -0.04364
  2.42     -0.04423
  2.44     -0.04481
  2.46     -0.04539
  2.48     -0.04598
  2.50     -0.04656
  2.52     -0.04744
  2.54     -0.04832
  2.56     -0.04022
  2.58     -0.02314
  2.60      0.00292
  2.62      0.03796
  2.64      0.08199
  2.66      0.12601
  2.68      0.17003
  2.70      0.21405
  2.72      0.25807
  2.74      0.28413
  2.76      0.29223
  2.78      0.28309
  2.80      0.25598
  2.82      0.21091
  2.84      0.16584
  2.86      0.12077
  2.88      0.07570
  2.90      0.03064
  2.92     -0.00545
  2.94     -0.03256
  2.96     -0.05069
  2.98     -0.05413
  3.00     -0.04288
  3.02     -0.02592
  3.04     -0.00326
  3.06      0.02512
  3.08      0.05349
  3.10      0.08186
  3.12      0.11023
  3.14      0.13861
  3.16      0.15556
  3.18      0.16111
  3.20      0.15568
  3.22      0.13885
  3.24      0.11059
  3.26      0.08234
  3.28      0.05409
  3.30      0.02535
  3.32     -0.00338
  3.34     -0.02640
  3.36     -0.04372
  3.38     -0.05533
  3.40     -0.06123
  3.42     -0.06142
  3.44     -0.06162
  3.46     -0.06181
  3.48     -0.06200
  3.50     -0.06220
  3.52     -0.06249
  3.54     -0.06283
  3.56     -0.06317
  3.58     -0.06352
  3.60     -0.06386
  3.62     -0.06420
  3.64     -0.06454
  3.66     -0.06489
  3.68     -0.06523
  3.70     -0.06557
  3.72     -0.06591
  3.74     -0.06626
  3.76     -0.06660
  3.78     -0.06694
  3.80     -0.06728
  3.82     -0.06763
  3.84     -0.06797
  3.86     -0.06831
  3.88     -0.06865
  3.90     -0.06900
  3.92     -0.06934
  3.94     -0.06968
  3.96     -0.07002
  3.98     -0.07037
  4.00     -0.07071
  4.02     -0.07105
  4.04     -0.07139
  4.06     -0.07174
  4.08     -0.07208
  4.10     -0.07242
  4.12     -0.07276
  4.14     -0.07311
  4.16     -0.07345
  4.18     -0.07379
  4.20     -0.07413
  4.22     -0.07448
  4.24     -0.07482
  4.26     -0.07516
  4.28     -0.07551
  4.30     -0.07585
  4.32     -0.06871
  4.34     -0.05410
  4.36     -0.03201
  4.38     -0.00254
  4.40      0.03441
  4.42      0.07136
  4.44      0.10831
  4.46      0.14526
  4.48      0.18221
  4.50      0.20421
  4.52      0.21125
  4.54      0.20393
  4.56      0.18166
  4.58      0.14443
  4.60      0.10721
  4.62      0.06998
  4.64      0.03276
  4.66     -0.00447
  4.68     -0.03422
  4.70     -0.05649
  4.72     -0.07128
  4.74     -0.07860
  4.76     -0.07844
  4.78     -0.07828
  4.80     -0.07848
  4.82     -0.07868
  4.84     -0.07888
  4.86     -0.07907
  4.88     -0.07927
  4.90     -0.07947
  4.92     -0.07967
  4.94     -0.07986
  4.96     -0.08039
  4.98     -0.08091
  5.00     -0.08144
  5.02     -0.08196
  5.04     -0.08248
  5.06     -0.08301
  5.08     -0.08353
  5.10     -0.07198
  5.12     -0.04835
  5.14     -0.01296
  5.16      0.03450
  5.18      0.09405
  5.20      0.15359
  5.22      0.21290
  5.24      0.27221
  5.26      0.33153
  5.28      0.36669
  5.30      0.37771
  5.32      0.36801
  5.34      0.33793
  5.36      0.28746
  5.38      0.24076
  5.40      0.19782
  5.42      0.15615
  5.44      0.11449
  5.46      0.08491
  5.48      0.06739
  5.50      0.05699
  5.52      0.05113
  5.54      0.05002
  5.56      0.04148
  5.58      0.02541
  5.60      0.00679
  5.62     -0.01183
  5.64     -0.03046
  5.66     -0.04908
  5.68     -0.06522
  5.70     -0.07759
  5.72     -0.08620
  5.74     -0.09105
  5.76     -0.09214
  5.78     -0.09194
  5.80     -0.09174
  5.82     -0.09182
  5.84     -0.09190
  5.86     -0.09198
  5.88     -0.09205
  5.90     -0.09213
  5.92     -0.09221
  5.94     -0.09228
  5.96     -0.09236
  5.98     -0.09244
  6.00     -0.09251
  6.02     -0.09259
  6.04     -0.09267
  6.06     -0.09274
  6.08     -0.09282
  6.10     -0.09290
  6.12     -0.09298
  6.14     -0.09305
  6.16     -0.09313
  6.18     -0.09089
  6.20     -0.08632
  6.22     -0.07944
  6.24     -0.07024
  6.26     -0.05872
  6.28     -0.04719
  6.30     -0.03600
  6.32     -0.02481
  6.34     -0.01362
  6.36     -0.00706
  6.38     -0.00515
  6.40     -0.00769
  6.42     -0.01487
  6.44     -0.02669
  6.46     -0.03851
  6.48     -0.05033
  6.50     -0.06216
  6.52     -0.07398
  6.54     -0.08348
  6.56     -0.09096
  6.58     -0.09611
  6.60     -0.09895
  6.62     -0.09947
  6.64     -0.09999
  6.66     -0.10051
  6.68     -0.10103
  6.70     -0.10155
  6.72     -0.10207
  6.74     -0.10258
  6.76     -0.09489
  6.78     -0.07898
  6.80     -0.05485
  6.82     -0.02251
  6.84      0.01805
  6.86      0.05861
  6.88      0.09916
  6.90      0.13972
  6.92      0.18028
  6.94      0.21227
  6.96      0.23570
  6.98      0.25122
  7.00      0.25817
  7.02      0.25656
  7.04      0.25485
  7.06      0.25313
  7.08      0.25142
  7.10      0.24970
  7.12      0.24047
  7.14      0.22372
  7.16      0.20007
  7.18      0.16890
  7.20      0.13022
  7.22      0.09154
  7.24      0.05286
  7.26      0.01417
  7.28     -0.02451
  7.30     -0.05533
  7.32     -0.07828
  7.34     -0.09384
  7.36     -0.10154
  7.38     -0.10136
  7.40     -0.10119
  7.42     -0.10102
  7.44     -0.10085
  7.46     -0.10108
  7.48     -0.10130
  7.50     -0.10153
  7.52     -0.10175
  7.54     -0.10198
  7.56     -0.10230
  7.58     -0.10268
  7.60     -0.10329
  7.62     -0.09706
  7.64     -0.08397
  7.66     -0.06403
  7.68     -0.03724
  7.70     -0.00360
  7.72      0.03004
  7.74      0.06368
  7.76      0.09732
  7.78      0.13096
  7.80      0.15090
  7.82      0.15713
  7.84      0.15021
  7.86      0.12959
  7.88      0.09526
  7.90      0.06093
  7.92      0.02661
  7.94     -0.00772
  7.96     -0.04205
  7.98     -0.06953
  8.00     -0.09015
  8.02     -0.10392
  8.04     -0.11085
  8.06     -0.11092
  8.08     -0.11099
  8.10     -0.10277
  8.12     -0.08643
  8.14     -0.06180
  8.16     -0.02888
  8.18      0.01234
  8.20      0.05356
  8.22      0.09477
  8.24      0.13599
  8.26      0.17720
  8.28      0.20183
  8.30      0.20988
  8.32      0.20200
  8.34      0.17753
  8.36      0.13648
  8.38      0.09543
  8.40      0.05438
  8.42      0.01324
  8.44     -0.02791
  8.46     -0.06076
  8.48     -0.08548
  8.50     -0.10191
  8.52     -0.11005
  8.54     -0.10989
  8.56     -0.10973
  8.58     -0.10958
  8.60     -0.10958
  8.62     -0.10959
  8.64     -0.10959
  8.66     -0.10959
  8.68     -0.10960
  8.70     -0.10960
  8.72     -0.10961
  8.74     -0.10961
  8.76     -0.10961
  8.78     -0.10962
  8.80     -0.10962
  8.82     -0.10962
  8.84     -0.10692
  8.86     -0.10151
  8.88     -0.09339
  8.90     -0.08257
  8.92     -0.06903
  8.94     -0.05550
  8.96     -0.04197
  8.98     -0.02844
  9.00     -0.01523
  9.02     -0.00744
  9.04     -0.00506
  9.06     -0.00788
  9.08     -0.01617
  9.10     -0.02987
  9.12     -0.04357
  9.14     -0.05727
  9.16     -0.07097
  9.18     -0.08498
  9.20     -0.09629
  9.22     -0.10488
  9.24     -0.11078
  9.26     -0.10396
  9.28     -0.08445
  9.30     -0.05494
  9.32     -0.01544
  9.34      0.03406
  9.36      0.08356
  9.38      0.13306
  9.40      0.18861
  9.42      0.24995
  9.44      0.29735
  9.46      0.33082
  9.48      0.35115
  9.50      0.35149
  9.52      0.33185
  9.54      0.31206
  9.56      0.29227
  9.58      0.26038
  9.60      0.21637
  9.62      0.17072
  9.64      0.12295
  9.66      0.07307
  9.68      0.03318
  9.70      0.00329
  9.72     -0.02660
  9.74     -0.05650
  9.76     -0.08033
  9.78     -0.09812
  9.80     -0.10984
  9.82     -0.11551
  9.84     -0.11512
  9.86     -0.11500
  9.88     -0.11489
  9.90     -0.11477
  9.92     -0.11023
  9.94     -0.10128
  9.96     -0.08816
  9.98     -0.07062
 10.00     -0.04866
 10.02     -0.02670
 10.04     -0.00474
 10.06      0.01722
 10.08      0.03918
 10.10      0.05230
 10.12      0.05659
 10.14      0.05238
 10.16      0.03935
 10.18      0.01747
 10.20     -0.00441
 10.22     -0.02628
 10.24     -0.04816
 10.26     -0.07003
 10.28     -0.08372
 10.30     -0.08885
 10.32     -0.08544
 10.34     -0.07381
 10.36     -0.05364
 10.38     -0.03346
 10.40     -0.00927
 10.42      0.01894
 10.44      0.05116
 10.46      0.07915
 10.48      0.10289
 10.50      0.11870
 10.52      0.12625
 10.54      0.12555
 10.56      0.12484
 10.58      0.11611
 10.60      0.09934
 10.62      0.07486
 10.64      0.04647
 10.66      0.01419
 10.68     -0.01397
 10.70     -0.03800
 10.72     -0.05790
 10.74     -0.07780
 10.76     -0.09368
 10.78     -0.10555
 10.80     -0.11343
 10.82     -0.11729
 10.84     -0.11714
 10.86     -0.11699
 10.88     -0.11561
 10.90     -0.11300
 10.92     -0.10917
 10.94     -0.10410
 10.96     -0.09781
 10.98     -0.09152
 11.00     -0.08523
 11.02     -0.07894
 11.04     -0.07265
 11.06     -0.06882
 11.08     -0.06755
 11.10     -0.06873
 11.12     -0.07238
 11.14     -0.07847
 11.16     -0.08457
 11.18     -0.09067
 11.20     -0.09696
 11.22     -0.09636
 11.24     -0.08763
 11.26     -0.07077
 11.28     -0.04578
 11.30     -0.01266
 11.32      0.02168
 11.34      0.05945
 11.36      0.10065
 11.38      0.14527
 11.40      0.17952
 11.42      0.20339
 11.44      0.21400
 11.46      0.21082
 11.48      0.19383
 11.50      0.17645
 11.52      0.15222
 11.54      0.12113
 11.56      0.08347
 11.58      0.04571
 11.60      0.00800
 11.62     -0.02281
 11.64     -0.04695
 11.66     -0.06420
 11.68     -0.08145
 11.70     -0.09527
 11.72     -0.10566
 11.74     -0.11263
 11.76     -0.10987
 11.78     -0.09739
 11.80     -0.07860
 11.82     -0.05351
 11.84     -0.02211
 11.86      0.00907
 11.88      0.04026
 11.90      0.07144
 11.92      0.10263
 11.94      0.12112
 11.96      0.12701
 11.98      0.12080
 12.00      0.10198
 12.02      0.07056
 12.04      0.03913
 12.06      0.00771
 12.08     -0.01476
 12.10     -0.02829
 12.12     -0.02656
 12.14     -0.00958
 12.16      0.02247
 12.18      0.06083
 12.20      0.10548
 12.22      0.15014
 12.24      0.19480
 12.26      0.22156
 12.28      0.23042
 12.30      0.22210
 12.32      0.19579
 12.34      0.15158
 12.36      0.10738
 12.38      0.06318
 12.40      0.01897
 12.42     -0.02523
 12.44     -0.06049
 12.46     -0.08679
 12.48     -0.10415
 12.50     -0.11256
 12.52     -0.11218
 12.54     -0.11181
 12.56     -0.11143
 12.58     -0.11129
 12.60     -0.11046
 12.62     -0.10896
 12.64     -0.10693
 12.66     -0.10438
 12.68     -0.10115
 12.70     -0.09791
 12.72     -0.09468
 12.74     -0.09145
 12.76     -0.08822
 12.78     -0.08635
 12.80     -0.08583
 12.82     -0.08663
 12.84     -0.08879
 12.86     -0.09230
 12.88     -0.09582
 12.90     -0.09678
 12.92     -0.09517
 12.94     -0.09101
 12.96     -0.08360
 12.98     -0.07295
 13.00     -0.05666
 13.02     -0.03465
 13.04     -0.00692
 13.06      0.02585
 13.08      0.05854
 13.10      0.08610
 13.12      0.10870
 13.14      0.12618
 13.16      0.13854
 13.18      0.14082
 13.20      0.13302
 13.22      0.11554
 13.24      0.08799
 13.26      0.05279
 13.28      0.02014
 13.30     -0.00994
 13.32     -0.03746
 13.34     -0.06243
 13.36     -0.08235
 13.38     -0.09370
 13.40     -0.09648
 13.42     -0.09068
 13.44     -0.07630
 13.46     -0.05866
 13.48     -0.04103
 13.50     -0.02339
 13.52     -0.00576
 13.54      0.01188
 13.56      0.02245
 13.58      0.02580
 13.60      0.02237
 13.62      0.01186
 13.64     -0.00572
 13.66     -0.01806
 13.68     -0.02521
 13.70     -0.02712
 13.72     -0.02379
 13.74     -0.00948
 13.76      0.01056
 13.78      0.03633
 13.80      0.06784
 13.82      0.10508
 13.84      0.13184
 13.86      0.14810
 13.88      0.15430
 13.90      0.15000
 13.92      0.13064
 13.94      0.10689
 13.96      0.07892
 13.98      0.04656
 14.00      0.00948
 14.02     -0.02236
 14.04     -0.04895
 14.06     -0.07031
 14.08     -0.08641
 14.10     -0.09508
 14.12     -0.09948
 14.14     -0.09960
 14.16     -0.09547
 14.18     -0.08706
 14.20     -0.07658
 14.22     -0.06610
 14.24     -0.05562
 14.26     -0.04514
 14.28     -0.03466
 14.30     -0.02833
 14.32     -0.02666
 14.34     -0.02897
 14.36     -0.03542
 14.38     -0.04014
 14.40     -0.03898
 14.42     -0.03195
 14.44     -0.01905
 14.46      0.00360
 14.48      0.03219
 14.50      0.06671
 14.52      0.10717
 14.54      0.15357
 14.56      0.19012
 14.58      0.21493
 14.60      0.22845
 14.62      0.23016
 14.64      0.21238
 14.66      0.18687
 14.68      0.15393
 14.70      0.11326
 14.72      0.06485
 14.74      0.02232
 14.76     -0.01433
 14.78     -0.04510
 14.80     -0.06818
 14.82     -0.07970
 14.84     -0.08555
 14.86     -0.08572
 14.88     -0.08020
 14.90     -0.07081
 14.92     -0.06143
 14.94     -0.05204
 14.96     -0.04265
 14.98     -0.03691
 15.00     -0.03481
 15.02     -0.03621
 15.04     -0.04126
 15.06     -0.04649
 15.08     -0.04828
 15.10     -0.04661
 15.12     -0.04149
 15.14     -0.03301
 15.16     -0.02281
 15.18     -0.01079
 15.20      0.00305
 15.22      0.01872
 15.24      0.02896
 15.26      0.03230
 15.28      0.02900
 15.30      0.01880
 15.32      0.00170
 15.34     -0.01541
 15.36     -0.03251
 15.38     -0.04962
 15.40     -0.06673
 15.42     -0.08038
 15.44     -0.09058
 15.46     -0.09733
 15.48     -0.09902
 15.50     -0.09567
 15.52     -0.09072
 15.54     -0.08425
 15.56     -0.07619
 15.58     -0.06813
 15.60     -0.06007
 15.62     -0.05215
 15.64     -0.04424
 15.66     -0.03951
 15.68     -0.03798
 15.70     -0.03953
 15.72     -0.03968
 15.74     -0.03851
 15.76     -0.03276
 15.78     -0.02242
 15.80     -0.00562
 15.82      0.01305
 15.84      0.03519
 15.86      0.06080
 15.88      0.08988
 15.90      0.11117
 15.92      0.12488
 15.94      0.12978
 15.96      0.12550
 15.98      0.10820
 16.00      0.08717
 16.02      0.06254
 16.04      0.03416
 16.06      0.00205
 16.08     -0.02548
 16.10     -0.04844
 16.12     -0.06257
 16.14     -0.06788
 16.16     -0.06250
 16.18     -0.05101
 16.20     -0.03341
 16.22     -0.01395
 16.24      0.00739
 16.26      0.02872
 16.28      0.05006
 16.30      0.06293
 16.32      0.06714
 16.34      0.06323
 16.36      0.05483
 16.38      0.04195
 16.40      0.03314
 16.42      0.02994
 16.44      0.03259
 16.46      0.03704
 16.48      0.04751
 16.50      0.06401
 16.52      0.08499
 16.54      0.10208
 16.56      0.11527
 16.58      0.12066
 16.60      0.11483
 16.62      0.09705
 16.64      0.07581
 16.66      0.05094
 16.68      0.02248
 16.70     -0.00664
 16.72     -0.03169
 16.74     -0.05268
 16.76     -0.06960
 16.78     -0.08092
 16.80     -0.08637
 16.82     -0.09004
 16.84     -0.09192
 16.86     -0.09210
 16.88     -0.09203
 16.90     -0.09196
 16.92     -0.09189
 16.94     -0.09188
 16.96     -0.08948
 16.98     -0.08468
 17.00     -0.07749
 17.02     -0.06789
 17.04     -0.05244
 17.06     -0.03346
 17.08     -0.01095
 17.10      0.01510
 17.12      0.04469
 17.14      0.06948
 17.16      0.08947
 17.18      0.10486
 17.20      0.11543
 17.22      0.11413
 17.24      0.10576
 17.26      0.09061
 17.28      0.06839
 17.30      0.03897
 17.32      0.01195
 17.34     -0.01045
 17.36     -0.02822
 17.38     -0.04136
 17.40     -0.04640
 17.42     -0.04568
 17.44     -0.04142
 17.46     -0.03363
 17.48     -0.02234
 17.50     -0.01105
 17.52     -0.00422
 17.54      0.00027
 17.56      0.00260
 17.58      0.00259
 17.60      0.00024
 17.62      0.00002
 17.64     -0.00021
 17.66     -0.00043
 17.68     -0.00065
 17.70      0.00136
 17.72      0.00128
 17.74     -0.00089
 17.76     -0.00492
 17.78     -0.01097
 17.80     -0.02127
 17.82     -0.03157
 17.84     -0.04187
 17.86     -0.05217
 17.88     -0.06247
 17.90     -0.07014
 17.92     -0.07530
 17.94     -0.07783
 17.96     -0.07792
 17.98     -0.07538
 18.00     -0.07284
 18.02     -0.07030
 18.04     -0.06784
 18.06     -0.06538
 18.08     -0.06391
 18.10     -0.06344
 18.12     -0.05921
 18.14     -0.05126
 18.16     -0.03959
 18.18     -0.02134
 18.20      0.00348
 18.22      0.03017
 18.24      0.05868
 18.26      0.08955
 18.28      0.12092
 18.30      0.14335
 18.32      0.15684
 18.34      0.16177
 18.36      0.15337
 18.38      0.13182
 18.40      0.10670
 18.42      0.07787
 18.44      0.04530
 18.46      0.01448
 18.48     -0.00986
 18.50     -0.02782
 18.52     -0.03930
 18.54     -0.04245
 18.56     -0.03903
 18.58     -0.03375
 18.60     -0.02677
 18.62     -0.01793
 18.64     -0.01261
 18.66     -0.00831
 18.68     -0.00486
 18.70     -0.00237
 18.72     -0.00085
 18.74      0.00480
 18.76      0.01208
 18.78      0.02100
 18.80      0.03155
 18.82      0.04549
 18.84      0.05610
 18.86      0.06339
 18.88      0.06756
 18.90      0.06840
 18.92      0.06090
 18.94      0.05002
 18.96      0.03600
 18.98      0.01871
 19.00     -0.00089
 19.02     -0.01699
 19.04     -0.02957
 19.06     -0.03864
 19.08     -0.04421
 19.10     -0.04559
 19.12     -0.04535
 19.14     -0.04347
 19.16     -0.03995
 19.18     -0.03674
 19.20     -0.03387
 19.22     -0.03115
 19.24     -0.02869
 19.26     -0.02646
 19.28     -0.02194
 19.30     -0.01667
 19.32     -0.01067
 19.34     -0.00392
 19.36      0.00453
 19.38      0.01054
 19.40      0.01412
 19.42      0.01530
 19.44      0.01404
 19.46      0.00789
 19.48      0.00022
 19.50     -0.00888
 19.52     -0.01945
 19.54     -0.02940
 19.56     -0.03555
 19.58     -0.03799
 19.60     -0.03664
 19.62     -0.03148
 19.64     -0.02388
 19.66     -0.01554
 19.68     -0.00646
 19.70      0.00335
 19.72      0.01235
 19.74      0.01982
 19.76      0.02594
 19.78      0.03045
 19.80      0.03343
 19.82      0.03642
 19.84      0.03940
 19.86      0.04238
 19.88      0.04534
 19.90      0.04505
 19.92      0.04153
 19.94      0.03498
 19.96      0.02520
 19.98      0.01218
 20.00     -0.00084
 20.02     -0.01386
 20.04     -0.02627
 20.06     -0.03805
 20.08     -0.04656
 20.10     -0.05178
 20.12     -0.05372
 20.14     -0.05302
 20.16     -0.04965
 20.18     -0.04628
 20.20     -0.04291
 20.22     -0.04078
 20.24     -0.03931
 20.26     -0.03844
 20.28     -0.03822
 20.30     -0.03637
 20.32     -0.03164
 20.34     -0.02461
 20.36     -0.01552
 20.38     -0.00413
 20.40      0.00787
 20.42      0.01923
 20.44      0.03005
 20.46      0.04038
 20.48      0.04558
 20.50      0.04503
 20.52      0.04006
 20.54      0.03157
 20.56      0.01956
 20.58      0.00863
 20.60     -0.00065
 20.62     -0.00827
 20.64     -0.01536
 20.66     -0.01958
 20.68     -0.02092
 20.70     -0.02003
 20.72     -0.01900
 20.74     -0.01525
 20.76     -0.01099
 20.78     -0.00631
 20.80     -0.00074
 20.82      0.00792
 20.84      0.01710
 20.86      0.02677
 20.88      0.03697
 20.90      0.04814
 20.92      0.05524
 20.94      0.05826
 20.96      0.05741
 20.98      0.05139
 21.00      0.03918
 21.02      0.02597
 21.04      0.01220
 21.06     -0.00213
 21.08     -0.01600
 21.10     -0.02682
 21.12     -0.03459
 21.14     -0.03978
 21.16     -0.04187
 21.18     -0.04087
 21.20     -0.03936
 21.22     -0.03599
 21.24     -0.03083
 21.26     -0.02433
 21.28     -0.01516
 21.30     -0.00337
 21.32      0.00977
 21.34      0.02425
 21.36      0.04006
 21.38      0.05588
 21.40      0.06762
 21.42      0.07528
 21.44      0.07898
 21.46      0.07593
 21.48      0.06612
 21.50      0.05374
 21.52      0.03946
 21.54      0.02334
 21.56      0.00808
 21.58     -0.00407
 21.60     -0.01309
 21.62     -0.01984
 21.64     -0.02297
 21.66     -0.02249
 21.68     -0.01989
 21.70     -0.01684
 21.72     -0.01332
 21.74     -0.01062
 21.76     -0.00880
 21.78     -0.00876
 21.80     -0.00871
 21.82     -0.00867
 21.84     -0.00862
 21.86     -0.01020
 21.88     -0.01256
 21.90     -0.01563
 21.92     -0.01948
 21.94     -0.02410
 21.96     -0.02801
 21.98     -0.03179
 22.00     -0.03545
 22.02     -0.03899
 22.04     -0.04159
 22.06     -0.04326
 22.08     -0.04412
 22.10     -0.04417
 22.12     -0.04344
 22.14     -0.04272
 22.16     -0.04082
 22.18     -0.03778
 22.20     -0.03355
 22.22     -0.02737
 22.24     -0.01923
 22.26     -0.01031
 22.28     -0.00063
 22.30      0.00984
 22.32      0.02031
 22.34      0.02808
 22.36      0.03315
 22.38      0.03562
 22.40      0.03381
 22.42      0.02773
 22.44      0.02130
 22.46      0.01445
 22.48      0.00715
 22.50      0.00102
 22.52     -0.00255
 22.54     -0.00481
 22.56     -0.00566
 22.58     -0.00432
 22.60      0.00042
 22.62      0.00484
 22.64      0.00894
 22.66      0.01341
 22.68      0.01737
 22.70      0.01962
 22.72      0.02246
 22.74      0.02589
 22.76      0.02932
 22.78      0.03029
 22.80      0.03001
 22.82      0.02855
 22.84      0.02465
 22.86      0.01830
 22.88      0.01224
 22.90      0.00528
 22.92     -0.00259
 22.94     -0.01018
 22.96     -0.01630
 22.98     -0.02132
 23.00     -0.02514
 23.02     -0.02716
 23.04     -0.02740
 23.06     -0.02681
 23.08     -0.02539
 23.10     -0.02235
 23.12     -0.01829
 23.14     -0.01323
 23.16     -0.00740
 23.18     -0.00080
 23.20      0.00580
 23.22      0.01239
 23.24      0.01765
 23.26      0.02160
 23.28      0.02273
 23.30      0.02101
 23.32      0.01746
 23.34      0.01333
 23.36      0.00859
 23.38      0.00482
 23.40      0.00202
 23.42      0.00002
 23.44     -0.00119
 23.46     -0.00091
 23.48      0.00186
 23.50      0.00520
 23.52      0.00824
 23.54      0.01113
 23.56      0.01300
 23.58      0.01295
 23.60      0.01289
 23.62      0.01283
 23.64      0.01277
 23.66      0.01085
 23.68      0.00805
 23.70      0.00443
 23.72     -0.00007
 23.74     -0.00546
 23.76     -0.00950
 23.78     -0.01312
 23.80     -0.01632
 23.82     -0.01911
 23.84     -0.02054
 23.86     -0.02104
 23.88     -0.02062
 23.90     -0.01927
 23.92     -0.01603
 23.94     -0.01263
 23.96     -0.00908
 23.98     -0.00495
 24.00     -0.00029
 24.02      0.00390
 24.04      0.00847
 24.06      0.01344
 24.08      0.01840
 24.10      0.02136
 24.12      0.02274
 24.14      0.02262
 24.16      0.02015
 24.18      0.01549
 24.20      0.01069
 24.22      0.00529
 24.24     -0.00070
 24.26     -0.00652
 24.28     -0.01133
 24.30     -0.01514
 24.32     -0.01795
 24.34     -0.01903
 24.36     -0.01874
 24.38     -0.01807
 24.40     -0.01659
 24.42     -0.01423
 24.44     -0.01174
 24.46     -0.00878
 24.48     -0.00531
 24.50     -0.00185
 24.52      0.00093
 24.54      0.00319
 24.56      0.00497
 24.58      0.00526
 24.60      0.00403
 24.62      0.00202
 24.64     -0.00099
 24.66     -0.00499
 24.68     -0.00904
 24.70     -0.01275
 24.72     -0.01612
 24.74     -0.01915
 24.76     -0.02073
 24.78     -0.02087
 24.80     -0.01950
 24.82     -0.01663
 24.84     -0.01229
 24.86     -0.00754
 24.88     -0.00239
 24.90      0.00274
 24.92      0.00788
 24.94      0.01179
 24.96      0.01451
 24.98      0.01525
 25.00      0.01397
 25.02      0.01122
 25.04      0.00818
 25.06      0.00485
 25.08      0.00205
 25.10     -0.00024
 25.12     -0.00193
 25.14     -0.00302
 25.16     -0.00224
 25.18      0.00040
 25.20      0.00387
 25.22      0.00756
 25.24      0.01151
 25.26      0.01441
 25.28      0.01627
 25.30      0.01809
 25.32      0.01991
 25.34      0.01999
 25.36      0.01834
 25.38      0.01556
 25.40      0.01160
 25.42      0.00647
 25.44      0.00188
 25.46     -0.00215
 25.48     -0.00615
 25.50     -0.01012
 25.52     -0.01324
 25.54     -0.01550
 25.56     -0.01654
 25.58     -0.01632
 25.60     -0.01489
 25.62     -0.01275
 25.64     -0.00989
 25.66     -0.00671
 25.68     -0.00322
 25.70      0.00063
 25.72      0.00445
 25.74      0.00746
 25.76      0.00967
 25.78      0.01113
 25.80      0.01106
 25.82      0.00984
 25.84      0.00830
 25.86      0.00640
 25.88      0.00411
 25.90      0.00219
 25.92      0.00067
 25.94     -0.00044
 25.96     -0.00100
 25.98     -0.00063
 26.00     -0.00000
 26.02      0.00050
 26.04      0.00090
 26.06      0.00103
 26.08      0.00051
 26.10     -0.00002
 26.12     -0.00055
 26.14     -0.00138
 26.16     -0.00255
 26.18     -0.00381
 26.20     -0.00502
 26.22     -0.00619
 26.24     -0.00700
 26.26     -0.00747
 26.28     -0.00780
 26.30     -0.00813
 26.32     -0.00831
 26.34     -0.00802
 26.36     -0.00719
 26.38     -0.00608
 26.40     -0.00446
 26.42     -0.00246
 26.44     -0.00041
 26.46      0.00162
 26.48      0.00391
 26.50      0.00620
 26.52      0.00786
 26.54      0.00889
 26.56      0.00944
 26.58      0.00908
 26.60      0.00782
 26.62      0.00631
 26.64      0.00451
 26.66      0.00230
 26.68      0.00009
 26.70     -0.00180
 26.72     -0.00338
 26.74     -0.00448
 26.76     -0.00507
 26.78     -0.00514
 26.80     -0.00500
 26.82     -0.00466
 26.84     -0.00427
 26.86     -0.00388
 26.88     -0.00349
 26.90     -0.00310
 26.92     -0.00302
 26.94     -0.00315
 26.96     -0.00340
 26.98     -0.00377
 27.00     -0.00430
 27.02     -0.00464
 27.04     -0.00492
 27.06     -0.00520
 27.08     -0.00548
 27.10     -0.00561
 27.12     -0.00542
 27.14     -0.00508
 27.16     -0.00452
 27.18     -0.00371
 27.20     -0.00283
 27.22     -0.00203
 27.24     -0.00114
 27.26     -0.00028
 27.28      0.00058
 27.30      0.00114
 27.32      0.00146
 27.34      0.00158
 27.36      0.00148
 27.38      0.00116
 27.40      0.00089
 27.42      0.00062
 27.44      0.00036
 27.46      0.00010
 27.48      0.00022
 27.50      0.00072
 27.52      0.00139
 27.54      0.00225
 27.56      0.00331
 27.58      0.00418
 27.60      0.00485
 27.62      0.00555
 27.64      0.00625
 27.66      0.00649
 27.68      0.00626
 27.70      0.00570
 27.72      0.00475
 27.74      0.00342
 27.76      0.00216
 27.78      0.00098
 27.80     -0.00025
 27.82     -0.00149
 27.84     -0.00249
 27.86     -0.00321
 27.88     -0.00360
 27.90     -0.00362
 27.92     -0.00327
 27.94     -0.00277
 27.96     -0.00219
 27.98     -0.00156
 28.00     -0.00093
 28.02     -0.00030
 28.04      0.00020
 28.06      0.00056
 28.08      0.00070
 28.10      0.00063
 28.12      0.00035
 28.14     -0.00002
 28.16     -0.00048
 28.18     -0.00094
 28.20     -0.00140
 28.22     -0.00172
 28.24     -0.00189
 28.26     -0.00190
 28.28     -0.00174
 28.30     -0.00142
 28.32     -0.00109
 28.34     -0.00074
 28.36     -0.00039
 28.38     -0.00004
 28.40      0.00014
 28.42      0.00015
 28.44      0.00003
 28.46     -0.00021
 28.48     -0.00059
 28.50     -0.00093
 28.52     -0.00123
 28.54     -0.00153
 28.56     -0.00183
 28.58     -0.00203
 28.60     -0.00212
 28.62     -0.00208
 28.64     -0.00194
 28.66     -0.00167
 28.68     -0.00138
 28.70     -0.00109
 28.72     -0.00080
 28.74     -0.00051
 28.76     -0.00028
 28.78     -0.00010
 28.80     -0.00001
 28.82     -0.00002
 28.84     -0.00012
 28.86     -0.00026
 28.88     -0.00044
 28.90     -0.00062
 28.92     -0.00078
 28.94     -0.00090
 28.96     -0.00098
 28.98     -0.00101
 29.00     -0.00099
 29.02     -0.00092
 29.04     -0.00084
 29.06     -0.00075
 29.08     -0.00065
 29.10     -0.00059
 29.12     -0.00055
 29.14     -0.00053
 29.16     -0.00053
 29.18     -0.00057
 29.20     -0.00061
 29.22     -0.00064
 29.24     -0.00069
 29.26     -0.00073
 29.28     -0.00076
 29.30     -0.00078
 29.32     -0.00079
 29.34     -0.00080
 29.36     -0.00080
 29.38     -0.00080
 29.40     -0.00081
 29.42     -0.00081
 29.44     -0.00082
 29.46     -0.00082
 29.48     -0.00082
 29.50     -0.00081
 29.52     -0.00080
 29.54     -0.00078
 29.56     -0.00075
 29.58     -0.00072
 29.60     -0.00070
 29.62     -0.00067
 29.64     -0.00064
 29.66     -0.00062
 29.68     -0.00059
 29.70     -0.00056
 29.72     -0.00054
 29.74     -0.00053
 29.76     -0.00051
 29.78     -0.00050
 29.80     -0.00048
 29.82     -0.00046
 29.84     -0.00045
 29.86     -0.00043
 29.88     -0.00042
 29.90     -0.00040
 29.92     -0.00039
 29.94     -0.00037
 29.96     -0.00036
 29.98     -0.00034
 30.00     -0.00033
 30.02     -0.00031
 30.04     -0.00030
 30.06     -0.00029
 30.08     -0.00027
 30.10     -0.00026
 30.12     -0.00025
 30.14     -0.00024
 30.16     -0.00023
 30.18     -0.00022
 30.20     -0.00021
 30.22     -0.00020
 30.24     -0.00019
 30.26     -0.00019
 30.28     -0.00018
 30.30     -0.00017
 30.32     -0.00016
 30.34     -0.00015
 30.36     -0.00014
 30.38     -0.00014
 30.40     -0.00013
 30.42     -0.00012
 30.44     -0.00011
 30.46     -0.00011
 30.48     -0.00010
 30.50     -0.00010
 30.52     -0.00009
 30.54     -0.00009
 30.56     -0.00008
 30.58     -0.00008
 30.60     -0.00008
 30.62     -0.00007
 30.64     -0.00007
 30.66     -0.00006
 30.68     -0.00006
 30.70     -0.00005
 30.72     -0.00005
 30.74     -0.00005
 30.76     -0.00004
 30.78     -0.00004
 30.80     -0.00003
 30.82     -0.00003
 30.84     -0.00003
 30.86     -0.00003
 30.88     -0.00002
 30.90     -0.00002
 30.92     -0.00002
 30.94     -0.00002
 30.96     -0.00002
 30.98     -0.00002
 31.00     -0.00001
 31.02     -0.00001
 31.04     -0.00001
 31.06     -0.00001
 31.08     -0.00001
 31.10     -0.00001
 31.12     -0.00001
 31.14     -0.00000
 31.16     -0.00000
 31.18     -0.00000
 31.20     -0.00000
 31.22     -0.00000
 31.24     -0.00000
 31.26     -0.00000
 31.28     -0.00000
 31.30     -0.00000
 31.32     -0.00000
 31.34     -0.00000
 31.36      0.00000
 31.38      0.00000
 31.40      0.00000
 31.42      0.00000
 31.44      0.00000
 31.46      0.00000
 31.48      0.00000
 31.50      0.00000
 31.52      0.00000
 31.54      0.00000
 31.56      0.00000
 31.58      0.00000
 31.60      0.00000
 31.62      0.00000
 31.64      0.00000
 31.66      0.00000
 31.68      0.00000
 31.70      0.00000
 31.72      0.00000
 31.74      0.00000
 31.76      0.00000
 31.78      0.00000
 31.80      0.00000
 31.82      0.00000
 31.84      0.00000
 31.86      0.00000
 31.88      0.00000
 31.90      0.00000
 31.92      0.00000
 31.94      0.00000
 31.96      0.00000
 31.98      0.00000
 32.00      0.00000
