 #r(A)        G(r)
  0.02      0.00000
  0.04      0.00000
  0.06      0.00000
  0.08      0.00000
  0.10      0.00000
  0.12      0.00000
  0.14      0.00000
  0.16      0.00000
  0.18      0.00000
  0.20      0.00000
  0.22      0.00000
  0.24      0.00000
  0.26      0.00000
  0.28      0.00000
  0.30      0.00000
  0.32      0.00000
  0.34      0.00000
  0.36      0.00000
  0.38      0.00000
  0.40      0.00000
  0.42     -0.00000
  0.44     -0.00000
  0.46     -0.00000
  0.48     -0.00001
  0.50     -0.00001
  0.52     -0.00002
  0.54     -0.00003
  0.56     -0.00006
  0.58     -0.00009
  0.60     -0.00015
  0.62     -0.00022
  0.64     -0.00033
  0.66     -0.00047
  0.68     -0.00066
  0.70     -0.00088
  0.72     -0.00115
  0.74     -0.00146
  0.76     -0.00180
  0.78     -0.00217
  0.80     -0.00257
  0.82     -0.00298
  0.84     -0.00342
  0.86     -0.00386
  0.88     -0.00432
  0.90     -0.00478
  0.92     -0.00525
  0.94     -0.00572
  0.96     -0.00620
  0.98     -0.00668
  1.00     -0.00716
  1.02     -0.00764
  1.04     -0.00812
  1.06     -0.00861
  1.08     -0.00909
  1.10     -0.00958
  1.12     -0.01006
  1.14     -0.01055
  1.16     -0.01104
  1.18     -0.01153
  1.20     -0.01202
  1.22     -0.01250
  1.24     -0.01299
  1.26     -0.01348
  1.28     -0.01397
  1.30     -0.01446
  1.32     -0.01495
  1.34     -0.01544
  1.36     -0.01593
  1.38     -0.01643
  1.40     -0.01692
  1.42     -0.01741
  1.44     -0.01790
  1.46     -0.01839
  1.48     -0.01888
  1.50     -0.01937
  1.52     -0.01986
  1.54     -0.02036
  1.56     -0.02085
  1.58     -0.02134
  1.60     -0.02184
  1.62     -0.02233
  1.64     -0.02283
  1.66     -0.02333
  1.68     -0.02384
  1.70     -0.02434
  1.72     -0.02485
  1.74     -0.02537
  1.76     -0.02589
  1.78     -0.02643
  1.80     -0.02696
  1.82     -0.02751
  1.84     -0.02806
  1.86     -0.02863
  1.88     -0.02920
  1.90     -0.02977
  1.92     -0.03036
  1.94     -0.03096
  1.96     -0.03156
  1.98     -0.03217
  2.00     -0.03279
  2.02     -0.03342
  2.04     -0.03405
  2.06     -0.03468
  2.08     -0.03532
  2.10     -0.03596
  2.12     -0.03660
  2.14     -0.03725
  2.16     -0.03789
  2.18     -0.03854
  2.20     -0.03919
  2.22     -0.03983
  2.24     -0.04049
  2.26     -0.04114
  2.28     -0.04179
  2.30     -0.04244
  2.32     -0.04309
  2.34     -0.04375
  2.36     -0.04440
  2.38     -0.04460
  2.40     -0.04391
  2.42     -0.04279
  2.44     -0.04124
  2.46     -0.03730
  2.48     -0.03146
  2.50     -0.02269
  2.52     -0.00694
  2.54      0.01716
  2.56      0.04835
  2.58      0.08799
  2.60      0.14219
  2.62      0.19156
  2.64      0.24499
  2.66      0.29447
  2.68      0.33881
  2.70      0.35015
  2.72      0.34928
  2.74      0.33046
  2.76      0.29301
  2.78      0.24049
  2.80      0.19834
  2.82      0.15894
  2.84      0.11561
  2.86      0.08062
  2.88      0.05239
  2.90      0.02320
  2.92      0.00057
  2.94     -0.01424
  2.96     -0.02441
  2.98     -0.03333
  3.00     -0.03751
  3.02     -0.04148
  3.04     -0.04449
  3.06     -0.04747
  3.08     -0.04898
  3.10     -0.04959
  3.12     -0.05123
  3.14     -0.05268
  3.16     -0.05359
  3.18     -0.05485
  3.20     -0.05696
  3.22     -0.05751
  3.24     -0.05754
  3.26     -0.05859
  3.28     -0.05930
  3.30     -0.05934
  3.32     -0.05972
  3.34     -0.06076
  3.36     -0.06082
  3.38     -0.06057
  3.40     -0.06082
  3.42     -0.06123
  3.44     -0.06134
  3.46     -0.06115
  3.48     -0.06098
  3.50     -0.06128
  3.52     -0.06066
  3.54     -0.05975
  3.56     -0.05780
  3.58     -0.05648
  3.60     -0.05320
  3.62     -0.05041
  3.64     -0.04601
  3.66     -0.04302
  3.68     -0.03635
  3.70     -0.02754
  3.72     -0.02141
  3.74     -0.01129
  3.76     -0.00166
  3.78      0.00224
  3.80      0.00375
  3.82      0.00945
  3.84      0.01202
  3.86      0.01134
  3.88      0.01522
  3.90      0.01768
  3.92      0.01606
  3.94      0.01231
  3.96      0.01335
  3.98      0.00600
  4.00     -0.00171
  4.02     -0.00891
  4.04     -0.01812
  4.06     -0.03014
  4.08     -0.03715
  4.10     -0.04452
  4.12     -0.04996
  4.14     -0.05352
  4.16     -0.05705
  4.18     -0.05885
  4.20     -0.05959
  4.22     -0.06151
  4.24     -0.06331
  4.26     -0.06445
  4.28     -0.06612
  4.30     -0.06792
  4.32     -0.06831
  4.34     -0.06948
  4.36     -0.06938
  4.38     -0.06742
  4.40     -0.06423
  4.42     -0.06083
  4.44     -0.05498
  4.46     -0.04942
  4.48     -0.04124
  4.50     -0.03288
  4.52     -0.01902
  4.54     -0.00479
  4.56      0.01955
  4.58      0.04370
  4.60      0.07234
  4.62      0.10158
  4.64      0.13475
  4.66      0.16337
  4.68      0.19085
  4.70      0.21022
  4.72      0.22430
  4.74      0.22841
  4.76      0.22643
  4.78      0.21768
  4.80      0.20244
  4.82      0.18103
  4.84      0.15304
  4.86      0.12418
  4.88      0.09107
  4.90      0.06151
  4.92      0.03706
  4.94      0.01722
  4.96     -0.00327
  4.98     -0.01693
  5.00     -0.02597
  5.02     -0.03637
  5.04     -0.04404
  5.06     -0.04884
  5.08     -0.05404
  5.10     -0.05879
  5.12     -0.06383
  5.14     -0.06500
  5.16     -0.06747
  5.18     -0.06708
  5.20     -0.06598
  5.22     -0.06184
  5.24     -0.05704
  5.26     -0.05175
  5.28     -0.04240
  5.30     -0.03476
  5.32     -0.02360
  5.34     -0.01222
  5.36      0.00154
  5.38      0.00895
  5.40      0.01990
  5.42      0.02548
  5.44      0.02698
  5.46      0.02515
  5.48      0.02155
  5.50      0.01605
  5.52      0.00909
  5.54      0.00330
  5.56     -0.00196
  5.58     -0.00793
  5.60     -0.01407
  5.62     -0.01869
  5.64     -0.02821
  5.66     -0.03750
  5.68     -0.04399
  5.70     -0.05017
  5.72     -0.05805
  5.74     -0.06028
  5.76     -0.06213
  5.78     -0.06226
  5.80     -0.06353
  5.82     -0.06195
  5.84     -0.05833
  5.86     -0.05184
  5.88     -0.04280
  5.90     -0.03498
  5.92     -0.02462
  5.94     -0.01487
  5.96     -0.00421
  5.98      0.00426
  6.00      0.01437
  6.02      0.02504
  6.04      0.03575
  6.06      0.04184
  6.08      0.04899
  6.10      0.05666
  6.12      0.06060
  6.14      0.06816
  6.16      0.07272
  6.18      0.07723
  6.20      0.07637
  6.22      0.07569
  6.24      0.06786
  6.26      0.05680
  6.28      0.04496
  6.30      0.03005
  6.32      0.01318
  6.34     -0.00272
  6.36     -0.01374
  6.38     -0.02998
  6.40     -0.03870
  6.42     -0.04805
  6.44     -0.05727
  6.46     -0.06373
  6.48     -0.06750
  6.50     -0.06916
  6.52     -0.06819
  6.54     -0.06738
  6.56     -0.06509
  6.58     -0.05974
  6.60     -0.05434
  6.62     -0.04783
  6.64     -0.03812
  6.66     -0.03013
  6.68     -0.02427
  6.70     -0.01921
  6.72     -0.01900
  6.74     -0.02292
  6.76     -0.02783
  6.78     -0.03315
  6.80     -0.04068
  6.82     -0.04463
  6.84     -0.04938
  6.86     -0.05293
  6.88     -0.05689
  6.90     -0.06085
  6.92     -0.06346
  6.94     -0.06250
  6.96     -0.06008
  6.98     -0.05186
  7.00     -0.04147
  7.02     -0.02412
  7.04     -0.00403
  7.06      0.01768
  7.08      0.03856
  7.10      0.06386
  7.12      0.08467
  7.14      0.10625
  7.16      0.12430
  7.18      0.14457
  7.20      0.15775
  7.22      0.16867
  7.24      0.17176
  7.26      0.17684
  7.28      0.17396
  7.30      0.16973
  7.32      0.15976
  7.34      0.14992
  7.36      0.13445
  7.38      0.11373
  7.40      0.09240
  7.42      0.07053
  7.44      0.04665
  7.46      0.02465
  7.48      0.00712
  7.50     -0.00929
  7.52     -0.02144
  7.54     -0.03182
  7.56     -0.04311
  7.58     -0.05304
  7.60     -0.06104
  7.62     -0.06789
  7.64     -0.07167
  7.66     -0.07442
  7.68     -0.07396
  7.70     -0.07407
  7.72     -0.07492
  7.74     -0.07357
  7.76     -0.07103
  7.78     -0.07051
  7.80     -0.06857
  7.82     -0.06736
  7.84     -0.06703
  7.86     -0.06573
  7.88     -0.06376
  7.90     -0.06057
  7.92     -0.05580
  7.94     -0.05121
  7.96     -0.04494
  7.98     -0.04132
  8.00     -0.03596
  8.02     -0.03037
  8.04     -0.02263
  8.06     -0.01653
  8.08     -0.00737
  8.10     -0.00132
  8.12      0.00617
  8.14      0.01098
  8.16      0.02040
  8.18      0.02857
  8.20      0.03445
  8.22      0.03722
  8.24      0.04286
  8.26      0.04337
  8.28      0.04343
  8.30      0.04610
  8.32      0.04897
  8.34      0.04564
  8.36      0.04363
  8.38      0.03701
  8.40      0.02852
  8.42      0.02241
  8.44      0.01773
  8.46      0.00956
  8.48      0.00458
  8.50      0.00132
  8.52     -0.00297
  8.54     -0.00691
  8.56     -0.00946
  8.58     -0.01064
  8.60     -0.01289
  8.62     -0.01375
  8.64     -0.01528
  8.66     -0.01357
  8.68     -0.01287
  8.70     -0.01311
  8.72     -0.01375
  8.74     -0.01306
  8.76     -0.01609
  8.78     -0.01654
  8.80     -0.01652
  8.82     -0.01995
  8.84     -0.02125
  8.86     -0.01999
  8.88     -0.02178
  8.90     -0.02126
  8.92     -0.01647
  8.94     -0.01385
  8.96     -0.01058
  8.98     -0.00758
  9.00     -0.00361
  9.02      0.00214
  9.04      0.00688
  9.06      0.00989
  9.08      0.01401
  9.10      0.01420
  9.12      0.00615
  9.14     -0.00024
  9.16     -0.00789
  9.18     -0.01475
  9.20     -0.02212
  9.22     -0.02570
  9.24     -0.03025
  9.26     -0.03320
  9.28     -0.03646
  9.30     -0.03558
  9.32     -0.03580
  9.34     -0.03186
  9.36     -0.03018
  9.38     -0.02871
  9.40     -0.02843
  9.42     -0.02759
  9.44     -0.02627
  9.46     -0.02426
  9.48     -0.01988
  9.50     -0.01344
  9.52     -0.00505
  9.54     -0.00103
  9.56      0.00678
  9.58      0.01433
  9.60      0.01910
  9.62      0.02260
  9.64      0.02754
  9.66      0.03313
  9.68      0.03446
  9.70      0.03693
  9.72      0.04200
  9.74      0.04747
  9.76      0.04981
  9.78      0.05432
  9.80      0.06197
  9.82      0.06742
  9.84      0.07470
  9.86      0.08298
  9.88      0.09060
  9.90      0.09626
  9.92      0.09909
  9.94      0.10031
  9.96      0.09658
  9.98      0.09502
 10.00      0.09106
 10.02      0.08112
 10.04      0.06797
 10.06      0.05484
 10.08      0.03793
 10.10      0.01937
 10.12      0.00598
 10.14     -0.00666
 10.16     -0.01823
 10.18     -0.02941
 10.20     -0.03944
 10.22     -0.04786
 10.24     -0.05396
 10.26     -0.05855
 10.28     -0.06077
 10.30     -0.06090
 10.32     -0.05966
 10.34     -0.05850
 10.36     -0.05825
 10.38     -0.05675
 10.40     -0.05649
 10.42     -0.05403
 10.44     -0.05086
 10.46     -0.04690
 10.48     -0.04240
 10.50     -0.03456
 10.52     -0.02912
 10.54     -0.02323
 10.56     -0.01361
 10.58     -0.00625
 10.60     -0.00225
 10.62      0.00433
 10.64      0.00820
 10.66      0.01194
 10.68      0.01465
 10.70      0.01824
 10.72      0.01663
 10.74      0.01626
 10.76      0.01133
 10.78      0.00465
 10.80     -0.00196
 10.82     -0.00920
 10.84     -0.01653
 10.86     -0.02413
 10.88     -0.02786
 10.90     -0.03158
 10.92     -0.03391
 10.94     -0.03700
 10.96     -0.03836
 10.98     -0.03943
 11.00     -0.04285
 11.02     -0.04292
 11.04     -0.04110
 11.06     -0.03874
 11.08     -0.03649
 11.10     -0.03177
 11.12     -0.02717
 11.14     -0.02324
 11.16     -0.01721
 11.18     -0.01040
 11.20     -0.00435
 11.22      0.00080
 11.24      0.00530
 11.26      0.00870
 11.28      0.01180
 11.30      0.01437
 11.32      0.01462
 11.34      0.01627
 11.36      0.01464
 11.38      0.01165
 11.40      0.01013
 11.42      0.00816
 11.44      0.00484
 11.46      0.00265
 11.48     -0.00005
 11.50     -0.00390
 11.52     -0.00395
 11.54     -0.00576
 11.56     -0.00622
 11.58     -0.00497
 11.60     -0.00245
 11.62     -0.00121
 11.64      0.00281
 11.66      0.00748
 11.68      0.00983
 11.70      0.01189
 11.72      0.01346
 11.74      0.01609
 11.76      0.01492
 11.78      0.01856
 11.80      0.02037
 11.82      0.02166
 11.84      0.02418
 11.86      0.02686
 11.88      0.03111
 11.90      0.03546
 11.92      0.04567
 11.94      0.05044
 11.96      0.05903
 11.98      0.06107
 12.00      0.06590
 12.02      0.06447
 12.04      0.06233
 12.06      0.05544
 12.08      0.05072
 12.10      0.04224
 12.12      0.03219
 12.14      0.02353
 12.16      0.01529
 12.18      0.00768
 12.20      0.00281
 12.22      0.00025
 12.24     -0.00220
 12.26     -0.00014
 12.28      0.00182
 12.30      0.00278
 12.32      0.00237
 12.34      0.00370
 12.36      0.00293
 12.38      0.00073
 12.40     -0.00262
 12.42     -0.00342
 12.44     -0.00533
 12.46     -0.00930
 12.48     -0.01137
 12.50     -0.01338
 12.52     -0.01509
 12.54     -0.01648
 12.56     -0.01334
 12.58     -0.01311
 12.60     -0.00972
 12.62     -0.00874
 12.64     -0.01003
 12.66     -0.01189
 12.68     -0.01349
 12.70     -0.01725
 12.72     -0.01880
 12.74     -0.01723
 12.76     -0.01835
 12.78     -0.01717
 12.80     -0.01518
 12.82     -0.01461
 12.84     -0.01516
 12.86     -0.01449
 12.88     -0.01290
 12.90     -0.01381
 12.92     -0.01379
 12.94     -0.01235
 12.96     -0.01141
 12.98     -0.01463
 13.00     -0.01572
 13.02     -0.01641
 13.04     -0.01939
 13.06     -0.02193
 13.08     -0.02289
 13.10     -0.02229
 13.12     -0.02245
 13.14     -0.02076
 13.16     -0.01860
 13.18     -0.01862
 13.20     -0.01643
 13.22     -0.01529
 13.24     -0.01743
 13.26     -0.01888
 13.28     -0.01943
 13.30     -0.02307
 13.32     -0.02617
 13.34     -0.02806
 13.36     -0.03123
 13.38     -0.03061
 13.40     -0.03181
 13.42     -0.03158
 13.44     -0.02938
 13.46     -0.02539
 13.48     -0.02429
 13.50     -0.02065
 13.52     -0.01866
 13.54     -0.01533
 13.56     -0.01381
 13.58     -0.01058
 13.60     -0.00543
 13.62     -0.00061
 13.64      0.00355
 13.66      0.01093
 13.68      0.02114
 13.70      0.02710
 13.72      0.03382
 13.74      0.03833
 13.76      0.04051
 13.78      0.03758
 13.80      0.03467
 13.82      0.02942
 13.84      0.02344
 13.86      0.01663
 13.88      0.00825
 13.90      0.00278
 13.92     -0.00133
 13.94     -0.00437
 13.96     -0.00602
 13.98     -0.00230
 14.00     -0.00168
 14.02      0.00117
 14.04      0.00665
 14.06      0.01015
 14.08      0.01042
 14.10      0.01522
 14.12      0.01957
 14.14      0.02375
 14.16      0.02913
 14.18      0.03716
 14.20      0.04291
 14.22      0.04889
 14.24      0.05555
 14.26      0.06214
 14.28      0.06745
 14.30      0.07065
 14.32      0.06878
 14.34      0.06603
 14.36      0.05970
 14.38      0.05433
 14.40      0.04770
 14.42      0.04527
 14.44      0.04040
 14.46      0.03625
 14.48      0.03037
 14.50      0.02716
 14.52      0.02223
 14.54      0.01591
 14.56      0.01147
 14.58      0.00554
 14.60     -0.00023
 14.62     -0.00347
 14.64     -0.00572
 14.66     -0.00818
 14.68     -0.01003
 14.70     -0.01364
 14.72     -0.01995
 14.74     -0.02512
 14.76     -0.02954
 14.78     -0.03332
 14.80     -0.03762
 14.82     -0.04005
 14.84     -0.04374
 14.86     -0.04555
 14.88     -0.04688
 14.90     -0.04754
 14.92     -0.04842
 14.94     -0.04746
 14.96     -0.04862
 14.98     -0.04986
 15.00     -0.05032
 15.02     -0.04885
 15.04     -0.04673
 15.06     -0.04436
 15.08     -0.04124
 15.10     -0.03746
 15.12     -0.03574
 15.14     -0.03458
 15.16     -0.03280
 15.18     -0.02951
 15.20     -0.02666
 15.22     -0.01962
 15.24     -0.01407
 15.26     -0.00713
 15.28     -0.00358
 15.30      0.00010
 15.32     -0.00033
 15.34      0.00098
 15.36     -0.00045
 15.38     -0.00003
 15.40     -0.00105
 15.42     -0.00123
 15.44     -0.00351
 15.46     -0.00396
 15.48     -0.00651
 15.50     -0.00656
 15.52     -0.00725
 15.54     -0.00527
 15.56     -0.00284
 15.58      0.00042
 15.60      0.00321
 15.62      0.00547
 15.64      0.00698
 15.66      0.00983
 15.68      0.01208
 15.70      0.01376
 15.72      0.01759
 15.74      0.02022
 15.76      0.02157
 15.78      0.02290
 15.80      0.02499
 15.82      0.02428
 15.84      0.02421
 15.86      0.02396
 15.88      0.02358
 15.90      0.02157
 15.92      0.02022
 15.94      0.01899
 15.96      0.01837
 15.98      0.01804
 16.00      0.01716
 16.02      0.01674
 16.04      0.01358
 16.06      0.00877
 16.08      0.00524
 16.10      0.00271
 16.12     -0.00098
 16.14     -0.00246
 16.16     -0.00354
 16.18     -0.00643
 16.20     -0.00836
 16.22     -0.00829
 16.24     -0.00874
 16.26     -0.00912
 16.28     -0.00673
 16.30     -0.00635
 16.32     -0.00466
 16.34     -0.00191
 16.36     -0.00008
 16.38      0.00140
 16.40      0.00509
 16.42      0.00648
 16.44      0.00770
 16.46      0.00955
 16.48      0.01213
 16.50      0.01479
 16.52      0.01522
 16.54      0.01732
 16.56      0.01904
 16.58      0.01980
 16.60      0.02025
 16.62      0.02265
 16.64      0.02371
 16.66      0.02610
 16.68      0.02780
 16.70      0.03121
 16.72      0.03216
 16.74      0.03108
 16.76      0.03059
 16.78      0.02746
 16.80      0.02304
 16.82      0.02046
 16.84      0.01731
 16.86      0.01057
 16.88      0.00885
 16.90      0.00257
 16.92     -0.00085
 16.94     -0.00360
 16.96     -0.00465
 16.98     -0.00923
 17.00     -0.00874
 17.02     -0.01320
 17.04     -0.01434
 17.06     -0.01593
 17.08     -0.01565
 17.10     -0.01814
 17.12     -0.01781
 17.14     -0.02012
 17.16     -0.02224
 17.18     -0.02628
 17.20     -0.02986
 17.22     -0.03037
 17.24     -0.03159
 17.26     -0.03171
 17.28     -0.03024
 17.30     -0.02859
 17.32     -0.02934
 17.34     -0.02827
 17.36     -0.02715
 17.38     -0.02601
 17.40     -0.02401
 17.42     -0.02259
 17.44     -0.01881
 17.46     -0.01700
 17.48     -0.01585
 17.50     -0.01543
 17.52     -0.01457
 17.54     -0.01611
 17.56     -0.01633
 17.58     -0.01514
 17.60     -0.01457
 17.62     -0.01388
 17.64     -0.01285
 17.66     -0.01217
 17.68     -0.01193
 17.70     -0.01085
 17.72     -0.01003
 17.74     -0.00753
 17.76     -0.00476
 17.78     -0.00169
 17.80      0.00104
 17.82      0.00633
 17.84      0.00919
 17.86      0.01298
 17.88      0.01635
 17.90      0.02145
 17.92      0.02374
 17.94      0.02450
 17.96      0.02332
 17.98      0.02196
 18.00      0.01833
 18.02      0.01502
 18.04      0.01395
 18.06      0.01341
 18.08      0.01201
 18.10      0.01321
 18.12      0.01283
 18.14      0.01136
 18.16      0.01213
 18.18      0.01295
 18.20      0.01100
 18.22      0.01166
 18.24      0.01239
 18.26      0.01103
 18.28      0.01061
 18.30      0.01179
 18.32      0.01183
 18.34      0.01299
 18.36      0.01364
 18.38      0.01273
 18.40      0.01215
 18.42      0.01131
 18.44      0.00877
 18.46      0.00746
 18.48      0.00636
 18.50      0.00417
 18.52      0.00248
 18.54      0.00036
 18.56     -0.00226
 18.58     -0.00287
 18.60     -0.00418
 18.62     -0.00449
 18.64     -0.00411
 18.66     -0.00241
 18.68     -0.00086
 18.70      0.00207
 18.72      0.00199
 18.74      0.00335
 18.76      0.00292
 18.78      0.00109
 18.80     -0.00038
 18.82     -0.00126
 18.84     -0.00188
 18.86     -0.00157
 18.88     -0.00320
 18.90     -0.00494
 18.92     -0.00526
 18.94     -0.00632
 18.96     -0.00616
 18.98     -0.00541
 19.00     -0.00524
 19.02     -0.00322
 19.04      0.00050
 19.06      0.00285
 19.08      0.00608
 19.10      0.00878
 19.12      0.01013
 19.14      0.00980
 19.16      0.00765
 19.18      0.00762
 19.20      0.00721
 19.22      0.00561
 19.24      0.00289
 19.26      0.00268
 19.28      0.00118
 19.30     -0.00114
 19.32     -0.00211
 19.34     -0.00325
 19.36     -0.00404
 19.38     -0.00509
 19.40     -0.00584
 19.42     -0.00665
 19.44     -0.00609
 19.46     -0.00681
 19.48     -0.00713
 19.50     -0.00739
 19.52     -0.00850
 19.54     -0.00986
 19.56     -0.01077
 19.58     -0.01221
 19.60     -0.01140
 19.62     -0.00955
 19.64     -0.00832
 19.66     -0.00749
 19.68     -0.00652
 19.70     -0.00538
 19.72     -0.00701
 19.74     -0.00646
 19.76     -0.00636
 19.78     -0.00659
 19.80     -0.00797
 19.82     -0.00839
 19.84     -0.00896
 19.86     -0.00761
 19.88     -0.00688
 19.90     -0.00556
 19.92     -0.00278
 19.94     -0.00114
 19.96     -0.00089
 19.98      0.00052
 20.00      0.00127
 20.02      0.00176
 20.04      0.00187
 20.06      0.00179
 20.08      0.00223
 20.10      0.00258
 20.12      0.00349
 20.14      0.00442
 20.16      0.00563
 20.18      0.00738
 20.20      0.00937
 20.22      0.01221
 20.24      0.01366
 20.26      0.01404
 20.28      0.01331
 20.30      0.01121
 20.32      0.00768
 20.34      0.00507
 20.36      0.00275
 20.38      0.00004
 20.40     -0.00099
 20.42     -0.00292
 20.44     -0.00387
 20.46     -0.00539
 20.48     -0.00577
 20.50     -0.00758
 20.52     -0.00891
 20.54     -0.00945
 20.56     -0.00941
 20.58     -0.00911
 20.60     -0.00824
 20.62     -0.00665
 20.64     -0.00587
 20.66     -0.00450
 20.68     -0.00340
 20.70     -0.00326
 20.72     -0.00166
 20.74     -0.00182
 20.76     -0.00084
 20.78     -0.00026
 20.80      0.00179
 20.82      0.00152
 20.84      0.00237
 20.86      0.00244
 20.88      0.00131
 20.90      0.00091
 20.92      0.00073
 20.94      0.00205
 20.96      0.00197
 20.98      0.00411
 21.00      0.00354
 21.02      0.00568
 21.04      0.00589
 21.06      0.00756
 21.08      0.00861
 21.10      0.01052
 21.12      0.00996
 21.14      0.01128
 21.16      0.01101
 21.18      0.00967
 21.20      0.00915
 21.22      0.00853
 21.24      0.00609
 21.26      0.00474
 21.28      0.00293
 21.30      0.00190
 21.32      0.00174
 21.34      0.00203
 21.36      0.00255
 21.38      0.00383
 21.40      0.00538
 21.42      0.00552
 21.44      0.00501
 21.46      0.00466
 21.48      0.00524
 21.50      0.00458
 21.52      0.00498
 21.54      0.00612
 21.56      0.00568
 21.58      0.00564
 21.60      0.00467
 21.62      0.00405
 21.64      0.00316
 21.66      0.00309
 21.68      0.00200
 21.70      0.00226
 21.72      0.00118
 21.74      0.00027
 21.76     -0.00035
 21.78     -0.00054
 21.80     -0.00104
 21.82     -0.00143
 21.84     -0.00122
 21.86     -0.00274
 21.88     -0.00489
 21.90     -0.00659
 21.92     -0.00811
 21.94     -0.00988
 21.96     -0.01132
 21.98     -0.01198
 22.00     -0.01211
 22.02     -0.01290
 22.04     -0.01379
 22.06     -0.01301
 22.08     -0.01412
 22.10     -0.01467
 22.12     -0.01416
 22.14     -0.01297
 22.16     -0.01220
 22.18     -0.00937
 22.20     -0.00742
 22.22     -0.00539
 22.24     -0.00454
 22.26     -0.00341
 22.28     -0.00325
 22.30     -0.00241
 22.32     -0.00199
 22.34     -0.00132
 22.36     -0.00090
 22.38      0.00002
 22.40     -0.00045
 22.42     -0.00082
 22.44     -0.00030
 22.46      0.00059
 22.48      0.00148
 22.50      0.00234
 22.52      0.00384
 22.54      0.00517
 22.56      0.00526
 22.58      0.00546
 22.60      0.00531
 22.62      0.00418
 22.64      0.00298
 22.66      0.00261
 22.68      0.00202
 22.70      0.00115
 22.72      0.00093
 22.74      0.00040
 22.76      0.00130
 22.78      0.00099
 22.80      0.00194
 22.82      0.00246
 22.84      0.00208
 22.86     -0.00059
 22.88     -0.00145
 22.90     -0.00253
 22.92     -0.00380
 22.94     -0.00398
 22.96     -0.00315
 22.98     -0.00274
 23.00     -0.00347
 23.02     -0.00406
 23.04     -0.00439
 23.06     -0.00489
 23.08     -0.00518
 23.10     -0.00537
 23.12     -0.00463
 23.14     -0.00323
 23.16     -0.00173
 23.18     -0.00089
 23.20      0.00084
 23.22      0.00264
 23.24      0.00326
 23.26      0.00436
 23.28      0.00524
 23.30      0.00700
 23.32      0.00734
 23.34      0.00782
 23.36      0.00820
 23.38      0.00800
 23.40      0.00650
 23.42      0.00609
 23.44      0.00615
 23.46      0.00532
 23.48      0.00514
 23.50      0.00542
 23.52      0.00555
 23.54      0.00461
 23.56      0.00383
 23.58      0.00334
 23.60      0.00289
 23.62      0.00321
 23.64      0.00351
 23.66      0.00395
 23.68      0.00469
 23.70      0.00599
 23.72      0.00617
 23.74      0.00636
 23.76      0.00622
 23.78      0.00531
 23.80      0.00501
 23.82      0.00455
 23.84      0.00413
 23.86      0.00423
 23.88      0.00433
 23.90      0.00279
 23.92      0.00229
 23.94      0.00159
 23.96      0.00134
 23.98      0.00106
 24.00      0.00116
 24.02      0.00076
 24.04     -0.00018
 24.06     -0.00170
 24.08     -0.00255
 24.10     -0.00346
 24.12     -0.00493
 24.14     -0.00554
 24.16     -0.00594
 24.18     -0.00608
 24.20     -0.00641
 24.22     -0.00711
 24.24     -0.00738
 24.26     -0.00715
 24.28     -0.00771
 24.30     -0.00810
 24.32     -0.00805
 24.34     -0.00748
 24.36     -0.00744
 24.38     -0.00787
 24.40     -0.00780
 24.42     -0.00706
 24.44     -0.00697
 24.46     -0.00703
 24.48     -0.00622
 24.50     -0.00569
 24.52     -0.00507
 24.54     -0.00439
 24.56     -0.00343
 24.58     -0.00278
 24.60     -0.00194
 24.62     -0.00153
 24.64     -0.00104
 24.66     -0.00120
 24.68     -0.00189
 24.70     -0.00131
 24.72     -0.00197
 24.74     -0.00204
 24.76     -0.00218
 24.78     -0.00175
 24.80     -0.00274
 24.82     -0.00267
 24.84     -0.00321
 24.86     -0.00252
 24.88     -0.00115
 24.90     -0.00005
 24.92      0.00081
 24.94      0.00184
 24.96      0.00162
 24.98      0.00141
 25.00      0.00158
 25.02      0.00155
 25.04      0.00118
 25.06      0.00164
 25.08      0.00161
 25.10      0.00156
 25.12      0.00224
 25.14      0.00211
 25.16      0.00215
 25.18      0.00307
 25.20      0.00264
 25.22      0.00257
 25.24      0.00286
 25.26      0.00317
 25.28      0.00229
 25.30      0.00240
 25.32      0.00160
 25.34      0.00136
 25.36      0.00056
 25.38      0.00015
 25.40     -0.00007
 25.42      0.00008
 25.44     -0.00029
 25.46      0.00014
 25.48      0.00016
 25.50      0.00018
 25.52      0.00014
 25.54      0.00065
 25.56      0.00015
 25.58     -0.00001
 25.60      0.00044
 25.62      0.00048
 25.64      0.00043
 25.66      0.00085
 25.68      0.00108
 25.70      0.00142
 25.72      0.00158
 25.74      0.00224
 25.76      0.00332
 25.78      0.00387
 25.80      0.00298
 25.82      0.00308
 25.84      0.00243
 25.86      0.00133
 25.88      0.00104
 25.90      0.00111
 25.92      0.00104
 25.94      0.00150
 25.96      0.00131
 25.98      0.00113
 26.00      0.00108
 26.02      0.00098
 26.04      0.00035
 26.06      0.00053
 26.08     -0.00020
 26.10      0.00011
 26.12      0.00018
 26.14      0.00027
 26.16     -0.00002
 26.18      0.00008
 26.20     -0.00048
 26.22     -0.00081
 26.24     -0.00126
 26.26     -0.00154
 26.28     -0.00172
 26.30     -0.00200
 26.32     -0.00272
 26.34     -0.00283
 26.36     -0.00294
 26.38     -0.00291
 26.40     -0.00277
 26.42     -0.00247
 26.44     -0.00235
 26.46     -0.00221
 26.48     -0.00207
 26.50     -0.00218
 26.52     -0.00213
 26.54     -0.00199
 26.56     -0.00142
 26.58     -0.00147
 26.60     -0.00069
 26.62     -0.00082
 26.64     -0.00085
 26.66     -0.00170
 26.68     -0.00171
 26.70     -0.00170
 26.72     -0.00132
 26.74     -0.00125
 26.76     -0.00089
 26.78     -0.00051
 26.80     -0.00107
 26.82     -0.00115
 26.84     -0.00089
 26.86     -0.00119
 26.88     -0.00176
 26.90     -0.00138
 26.92     -0.00125
 26.94     -0.00163
 26.96     -0.00099
 26.98     -0.00028
 27.00     -0.00042
 27.02     -0.00064
 27.04     -0.00025
 27.06     -0.00014
 27.08     -0.00012
 27.10      0.00013
 27.12      0.00042
 27.14      0.00032
 27.16      0.00040
 27.18      0.00044
 27.20      0.00034
 27.22      0.00024
 27.24      0.00020
 27.26     -0.00018
 27.28     -0.00041
 27.30     -0.00063
 27.32     -0.00080
 27.34     -0.00104
 27.36     -0.00145
 27.38     -0.00165
 27.40     -0.00166
 27.42     -0.00146
 27.44     -0.00119
 27.46     -0.00091
 27.48     -0.00058
 27.50     -0.00051
 27.52     -0.00050
 27.54     -0.00075
 27.56     -0.00072
 27.58     -0.00093
 27.60     -0.00098
 27.62     -0.00139
 27.64     -0.00134
 27.66     -0.00117
 27.68     -0.00083
 27.70     -0.00079
 27.72     -0.00032
 27.74     -0.00016
 27.76     -0.00024
 27.78     -0.00041
 27.80     -0.00057
 27.82     -0.00035
 27.84     -0.00010
 27.86      0.00028
 27.88      0.00043
 27.90      0.00134
 27.92      0.00136
 27.94      0.00127
 27.96      0.00131
 27.98      0.00105
 28.00      0.00051
 28.02      0.00034
 28.04      0.00008
 28.06      0.00029
 28.08      0.00062
 28.10      0.00061
 28.12      0.00076
 28.14      0.00096
 28.16      0.00054
 28.18      0.00018
 28.20      0.00039
 28.22     -0.00006
 28.24     -0.00020
 28.26     -0.00031
 28.28     -0.00021
 28.30     -0.00069
 28.32     -0.00070
 28.34     -0.00083
 28.36     -0.00098
 28.38     -0.00107
 28.40     -0.00101
 28.42     -0.00096
 28.44     -0.00090
 28.46     -0.00088
 28.48     -0.00088
 28.50     -0.00091
 28.52     -0.00072
 28.54     -0.00085
 28.56     -0.00077
 28.58     -0.00079
 28.60     -0.00069
 28.62     -0.00083
 28.64     -0.00062
 28.66     -0.00074
 28.68     -0.00082
 28.70     -0.00088
 28.72     -0.00096
 28.74     -0.00112
 28.76     -0.00122
 28.78     -0.00128
 28.80     -0.00146
 28.82     -0.00147
 28.84     -0.00148
 28.86     -0.00149
 28.88     -0.00149
 28.90     -0.00147
 28.92     -0.00144
 28.94     -0.00139
 28.96     -0.00135
 28.98     -0.00132
 29.00     -0.00130
 29.02     -0.00131
 29.04     -0.00135
 29.06     -0.00129
 29.08     -0.00125
 29.10     -0.00119
 29.12     -0.00112
 29.14     -0.00106
 29.16     -0.00104
 29.18     -0.00097
 29.20     -0.00093
 29.22     -0.00092
 29.24     -0.00089
 29.26     -0.00087
 29.28     -0.00088
 29.30     -0.00085
 29.32     -0.00084
 29.34     -0.00083
 29.36     -0.00080
 29.38     -0.00077
 29.40     -0.00076
 29.42     -0.00073
 29.44     -0.00071
 29.46     -0.00068
 29.48     -0.00065
 29.50     -0.00063
 29.52     -0.00061
 29.54     -0.00058
 29.56     -0.00056
 29.58     -0.00054
 29.60     -0.00051
 29.62     -0.00049
 29.64     -0.00047
 29.66     -0.00045
 29.68     -0.00043
 29.70     -0.00041
 29.72     -0.00039
 29.74     -0.00037
 29.76     -0.00036
 29.78     -0.00034
 29.80     -0.00032
 29.82     -0.00031
 29.84     -0.00029
 29.86     -0.00027
 29.88     -0.00026
 29.90     -0.00024
 29.92     -0.00023
 29.94     -0.00022
 29.96     -0.00020
 29.98     -0.00019
 30.00     -0.00018
 30.02     -0.00017
 30.04     -0.00016
 30.06     -0.00015
 30.08     -0.00014
 30.10     -0.00013
 30.12     -0.00012
 30.14     -0.00011
 30.16     -0.00011
 30.18     -0.00010
 30.20     -0.00009
 30.22     -0.00008
 30.24     -0.00008
 30.26     -0.00007
 30.28     -0.00007
 30.30     -0.00006
 30.32     -0.00006
 30.34     -0.00005
 30.36     -0.00005
 30.38     -0.00004
 30.40     -0.00004
 30.42     -0.00004
 30.44     -0.00003
 30.46     -0.00003
 30.48     -0.00003
 30.50     -0.00003
 30.52     -0.00002
 30.54     -0.00002
 30.56     -0.00002
 30.58     -0.00002
 30.60     -0.00001
 30.62     -0.00001
 30.64     -0.00001
 30.66     -0.00001
 30.68     -0.00001
 30.70     -0.00001
 30.72     -0.00001
 30.74     -0.00001
 30.76     -0.00000
 30.78     -0.00000
 30.80     -0.00000
 30.82     -0.00000
 30.84     -0.00000
 30.86     -0.00000
 30.88     -0.00000
 30.90     -0.00000
 30.92     -0.00000
 30.94     -0.00000
 30.96     -0.00000
 30.98     -0.00000
 31.00     -0.00000
 31.02     -0.00000
 31.04     -0.00000
 31.06     -0.00000
 31.08     -0.00000
 31.10     -0.00000
 31.12     -0.00000
 31.14     -0.00000
 31.16     -0.00000
 31.18     -0.00000
 31.20     -0.00000
 31.22     -0.00000
 31.24     -0.00000
 31.26     -0.00000
 31.28     -0.00000
 31.30     -0.00000
 31.32     -0.00000
 31.34     -0.00000
 31.36      0.00000
 31.38      0.00000
 31.40      0.00000
 31.42      0.00000
 31.44      0.00000
 31.46      0.00000
 31.48      0.00000
 31.50      0.00000
 31.52      0.00000
 31.54      0.00000
 31.56      0.00000
 31.58      0.00000
 31.60      0.00000
 31.62      0.00000
 31.64      0.00000
 31.66      0.00000
 31.68      0.00000
 31.70      0.00000
 31.72      0.00000
 31.74      0.00000
 31.76      0.00000
 31.78      0.00000
 31.80      0.00000
 31.82      0.00000
 31.84      0.00000
 31.86      0.00000
 31.88      0.00000
 31.90      0.00000
 31.92      0.00000
 31.94      0.00000
 31.96      0.00000
 31.98      0.00000
 32.00      0.00000
