 #r(A)        G(r)
  0.02      0.00000
  0.04      0.00000
  0.06      0.00000
  0.08      0.00000
  0.10      0.00000
  0.12      0.00000
  0.14      0.00000
  0.16      0.00000
  0.18      0.00000
  0.20      0.00000
  0.22      0.00000
  0.24      0.00000
  0.26      0.00000
  0.28      0.00000
  0.30      0.00000
  0.32      0.00000
  0.34      0.00000
  0.36      0.00000
  0.38      0.00000
  0.40      0.00000
  0.42      0.00000
  0.44      0.00000
  0.46      0.00000
  0.48      0.00000
  0.50      0.00000
  0.52      0.00000
  0.54      0.00000
  0.56      0.00000
  0.58      0.00000
  0.60      0.00000
  0.62      0.00000
  0.64      0.00000
  0.66      0.00000
  0.68      0.00000
  0.70      0.00000
  0.72      0.00000
  0.74      0.00000
  0.76     -0.00036
  0.78     -0.00071
  0.80     -0.00107
  0.82     -0.00143
  0.84     -0.00178
  0.86     -0.00214
  0.88     -0.00250
  0.90     -0.00285
  0.92     -0.00321
  0.94     -0.00357
  0.96     -0.00392
  0.98     -0.00428
  1.00     -0.00463
  1.02     -0.00499
  1.04     -0.00535
  1.06     -0.00570
  1.08     -0.00606
  1.10     -0.00642
  1.12     -0.00677
  1.14     -0.00713
  1.16     -0.00749
  1.18     -0.00784
  1.20     -0.00843
  1.22     -0.00901
  1.24     -0.00959
  1.26     -0.01018
  1.28     -0.01076
  1.30     -0.01134
  1.32     -0.01192
  1.34     -0.01251
  1.36     -0.01309
  1.38     -0.01367
  1.40     -0.01426
  1.42     -0.01484
  1.44     -0.01542
  1.46     -0.01601
  1.48     -0.01659
  1.50     -0.01717
  1.52     -0.01776
  1.54     -0.01834
  1.56     -0.01892
  1.58     -0.01951
  1.60     -0.02009
  1.62     -0.02067
  1.64     -0.02125
  1.66     -0.02184
  1.68     -0.02242
  1.70     -0.02300
  1.72     -0.02359
  1.74     -0.02417
  1.76     -0.02475
  1.78     -0.02534
  1.80     -0.02592
  1.82     -0.02650
  1.84     -0.02709
  1.86     -0.02767
  1.88     -0.02825
  1.90     -0.02884
  1.92     -0.02942
  1.94     -0.03000
  1.96     -0.03058
  1.98     -0.03117
  2.00     -0.03175
  2.02     -0.03233
  2.04     -0.03292
  2.06     -0.03350
  2.08     -0.03408
  2.10     -0.03467
  2.12     -0.03525
  2.14     -0.03583
  2.16     -0.03642
  2.18     -0.03700
  2.20     -0.03758
  2.22     -0.03817
  2.24     -0.03875
  2.26     -0.03933
  2.28     -0.03991
  2.30     -0.04050
  2.32     -0.04108
  2.34     -0.04166
  2.36     -0.04225
  2.38     -0.04283
  2.40     -0.04341
  2.42     -0.04400
  2.44     -0.04458
  2.46     -0.04516
  2.48     -0.04575
  2.50     -0.04633
  2.52     -0.04721
  2.54     -0.04809
  2.56     -0.04897
  2.58     -0.04985
  2.60     -0.05073
  2.62     -0.05161
  2.64     -0.05249
  2.66     -0.05337
  2.68     -0.05425
  2.70     -0.05513
  2.72      0.67133
  2.74      0.67045
  2.76      0.66957
  2.78      0.66941
  2.80      0.66924
  2.82     -0.05827
  2.84     -0.05844
  2.86     -0.05860
  2.88     -0.05877
  2.90     -0.05894
  2.92     -0.05910
  2.94     -0.05927
  2.96     -0.05944
  2.98     -0.05960
  3.00     -0.05977
  3.02     -0.05994
  3.04     -0.06011
  3.06     -0.06027
  3.08     -0.06044
  3.10     -0.06061
  3.12     -0.06077
  3.14     -0.06094
  3.16      0.40122
  3.18      0.40105
  3.20      0.40089
  3.22      0.40117
  3.24      0.40146
  3.26     -0.06058
  3.28     -0.06030
  3.30     -0.06049
  3.32     -0.06068
  3.34     -0.06088
  3.36     -0.06107
  3.38     -0.06126
  3.40     -0.06145
  3.42     -0.06165
  3.44     -0.06184
  3.46     -0.06203
  3.48     -0.06223
  3.50     -0.06242
  3.52     -0.06261
  3.54     -0.06296
  3.56     -0.06330
  3.58     -0.06364
  3.60     -0.06398
  3.62     -0.06433
  3.64     -0.06467
  3.66     -0.06501
  3.68     -0.06535
  3.70     -0.06570
  3.72     -0.06604
  3.74     -0.06638
  3.76     -0.06672
  3.78     -0.06707
  3.80     -0.06741
  3.82     -0.06775
  3.84     -0.06809
  3.86     -0.06844
  3.88     -0.06878
  3.90     -0.06912
  3.92     -0.06946
  3.94     -0.06981
  3.96     -0.07015
  3.98     -0.07049
  4.00     -0.07084
  4.02     -0.07118
  4.04     -0.07152
  4.06     -0.07186
  4.08     -0.07221
  4.10     -0.07255
  4.12     -0.07289
  4.14     -0.07323
  4.16     -0.07358
  4.18     -0.07392
  4.20     -0.07426
  4.22     -0.07460
  4.24     -0.07495
  4.26     -0.07529
  4.28     -0.07563
  4.30     -0.07597
  4.32     -0.07632
  4.34     -0.07666
  4.36     -0.07700
  4.38     -0.07734
  4.40     -0.07778
  4.42     -0.07821
  4.44     -0.07865
  4.46     -0.07908
  4.48      0.52609
  4.50      0.52566
  4.52      0.52522
  4.54      0.52538
  4.56      0.52554
  4.58     -0.07991
  4.60     -0.07975
  4.62     -0.07959
  4.64     -0.07943
  4.66     -0.07927
  4.68     -0.07911
  4.70     -0.07896
  4.72     -0.07880
  4.74     -0.07864
  4.76     -0.07848
  4.78     -0.07832
  4.80     -0.07852
  4.82     -0.07871
  4.84     -0.07891
  4.86     -0.07911
  4.88     -0.07931
  4.90     -0.07950
  4.92     -0.07970
  4.94     -0.07990
  4.96     -0.08010
  4.98     -0.08062
  5.00     -0.08114
  5.02     -0.08167
  5.04     -0.08219
  5.06     -0.08272
  5.08     -0.08324
  5.10     -0.08376
  5.12     -0.08429
  5.14     -0.08481
  5.16     -0.08565
  5.18     -0.08648
  5.20     -0.08732
  5.22     -0.08815
  5.24     -0.08922
  5.26      0.88784
  5.28      0.88678
  5.30      0.88572
  5.32      0.88561
  5.34      0.88551
  5.36     -0.09271
  5.38     -0.09282
  5.40     -0.09292
  5.42     -0.09303
  5.44     -0.09313
  5.46     -0.09323
  5.48     -0.09334
  5.50      0.21140
  5.52      0.21130
  5.54      0.21120
  5.56      0.21139
  5.58      0.21159
  5.60     -0.09306
  5.62     -0.09287
  5.64     -0.09267
  5.66     -0.09248
  5.68     -0.09228
  5.70     -0.09209
  5.72     -0.09189
  5.74     -0.09170
  5.76     -0.09150
  5.78     -0.09131
  5.80     -0.09111
  5.82     -0.09092
  5.84     -0.09099
  5.86     -0.09107
  5.88     -0.09115
  5.90     -0.09122
  5.92     -0.09130
  5.94     -0.09138
  5.96     -0.09145
  5.98     -0.09153
  6.00     -0.09161
  6.02     -0.09168
  6.04     -0.09176
  6.06     -0.09184
  6.08     -0.09192
  6.10     -0.09199
  6.12     -0.09207
  6.14     -0.09215
  6.16     -0.09222
  6.18     -0.09230
  6.20     -0.09238
  6.22     -0.09245
  6.24     -0.09253
  6.26     -0.09261
  6.28     -0.09268
  6.30     -0.09276
  6.32     -0.09317
  6.34     -0.09357
  6.36      0.09392
  6.38      0.09351
  6.40      0.09311
  6.42      0.09289
  6.44      0.09267
  6.46     -0.09546
  6.48     -0.09568
  6.50     -0.09590
  6.52     -0.09612
  6.54     -0.09634
  6.56     -0.09686
  6.58     -0.09738
  6.60     -0.09790
  6.62     -0.09842
  6.64     -0.09894
  6.66     -0.09946
  6.68     -0.09998
  6.70     -0.10049
  6.72     -0.10101
  6.74     -0.10153
  6.76     -0.10205
  6.78     -0.10257
  6.80     -0.10309
  6.82     -0.10361
  6.84     -0.10413
  6.86     -0.10464
  6.88     -0.10516
  6.90     -0.10568
  6.92     -0.10620
  6.94      0.55869
  6.96      0.55817
  6.98      0.55765
  7.00      0.55779
  7.02      0.55792
  7.04     -0.10736
  7.06     -0.10733
  7.08     -0.10730
  7.10     -0.10728
  7.12      0.52991
  7.14      0.52994
  7.16      0.52997
  7.18      0.53062
  7.20      0.53127
  7.22     -0.10525
  7.24     -0.10460
  7.26     -0.10395
  7.28     -0.10329
  7.30     -0.10264
  7.32     -0.10199
  7.34     -0.10182
  7.36     -0.10165
  7.38     -0.10148
  7.40     -0.10131
  7.42     -0.10114
  7.44     -0.10097
  7.46     -0.10079
  7.48     -0.10102
  7.50     -0.10125
  7.52     -0.10147
  7.54     -0.10170
  7.56     -0.10192
  7.58     -0.10230
  7.60     -0.10267
  7.62     -0.10329
  7.64     -0.10390
  7.66     -0.10452
  7.68     -0.10513
  7.70     -0.10575
  7.72     -0.10636
  7.74     -0.10698
  7.76     -0.10759
  7.78     -0.10821
  7.80      0.44608
  7.82      0.44546
  7.84      0.44485
  7.86      0.44478
  7.88      0.44470
  7.90     -0.11027
  7.92     -0.11034
  7.94     -0.11041
  7.96     -0.11048
  7.98     -0.11056
  8.00     -0.11063
  8.02     -0.11070
  8.04     -0.11077
  8.06     -0.11084
  8.08     -0.11091
  8.10     -0.11099
  8.12     -0.11106
  8.14     -0.11130
  8.16     -0.11155
  8.18     -0.11180
  8.20     -0.11204
  8.22     -0.11229
  8.24     -0.11254
  8.26     -0.11278
  8.28      0.55864
  8.30      0.55839
  8.32      0.55814
  8.34      0.55855
  8.36      0.55897
  8.38     -0.11229
  8.40     -0.11188
  8.42     -0.11147
  8.44     -0.11115
  8.46     -0.11083
  8.48     -0.11051
  8.50     -0.11035
  8.52     -0.11020
  8.54     -0.11004
  8.56     -0.10989
  8.58     -0.10973
  8.60     -0.10958
  8.62     -0.10958
  8.64     -0.10958
  8.66     -0.10959
  8.68     -0.10959
  8.70     -0.10959
  8.72     -0.10960
  8.74     -0.10960
  8.76     -0.10961
  8.78     -0.10961
  8.80     -0.10961
  8.82     -0.10962
  8.84     -0.10962
  8.86     -0.10963
  8.88     -0.10963
  8.90     -0.10963
  8.92     -0.10964
  8.94     -0.10964
  8.96     -0.10965
  8.98     -0.10965
  9.00     -0.10965
  9.02      0.10930
  9.04      0.10897
  9.06      0.10864
  9.08      0.10852
  9.10      0.10836
  9.12     -0.11109
  9.14     -0.11125
  9.16     -0.11141
  9.18     -0.11158
  9.20     -0.11205
  9.22     -0.11253
  9.24     -0.11301
  9.26     -0.11348
  9.28     -0.11396
  9.30     -0.11443
  9.32     -0.11491
  9.34     -0.11539
  9.36     -0.11586
  9.38     -0.11634
  9.40     -0.11681
  9.42     -0.11729
  9.44      0.69161
  9.46      0.69086
  9.48      0.69011
  9.50      0.69016
  9.52      0.69020
  9.54     -0.11941
  9.56     -0.11950
  9.58      0.37092
  9.60      0.37083
  9.62      0.37073
  9.64      0.37112
  9.66      0.37151
  9.68     -0.11861
  9.70     -0.11823
  9.72     -0.11784
  9.74     -0.11745
  9.76     -0.11706
  9.78     -0.11667
  9.80     -0.11628
  9.82     -0.11589
  9.84     -0.11551
  9.86     -0.11512
  9.88     -0.11500
  9.90     -0.11488
  9.92     -0.11477
  9.94     -0.11465
  9.96     -0.11454
  9.98     -0.11442
 10.00     -0.11455
 10.02     -0.11469
 10.04     -0.11482
 10.06     -0.11495
 10.08     -0.11509
 10.10      0.24270
 10.12      0.24257
 10.14      0.24244
 10.16      0.24265
 10.18      0.24287
 10.20     -0.11484
 10.22     -0.11462
 10.24     -0.11440
 10.26     -0.11419
 10.28     -0.11397
 10.30     -0.11411
 10.32     -0.11424
 10.34     -0.11438
 10.36     -0.11485
 10.38     -0.11532
 10.40     -0.11578
 10.42     -0.11625
 10.44     -0.11672
 10.46      0.21722
 10.48      0.21675
 10.50      0.21628
 10.52      0.21614
 10.54      0.21600
 10.56     -0.11854
 10.58      0.20660
 10.60      0.20646
 10.62      0.20632
 10.64      0.20650
 10.66      0.20668
 10.68     -0.11842
 10.70     -0.11824
 10.72     -0.11806
 10.74     -0.11788
 10.76     -0.11770
 10.78     -0.11752
 10.80     -0.11734
 10.82     -0.11719
 10.84     -0.11704
 10.86     -0.11689
 10.88     -0.11673
 10.90     -0.11658
 10.92     -0.11643
 10.94     -0.11628
 10.96     -0.11612
 10.98     -0.11597
 11.00     -0.11582
 11.02     -0.11567
 11.04     -0.11551
 11.06     -0.01593
 11.08     -0.01578
 11.10     -0.01574
 11.12     -0.01570
 11.14     -0.01565
 11.16     -0.11504
 11.18     -0.11500
 11.20     -0.11496
 11.22     -0.11512
 11.24     -0.11528
 11.26     -0.11544
 11.28     -0.11560
 11.30     -0.11576
 11.32     -0.11592
 11.34     -0.11608
 11.36     -0.11624
 11.38     -0.11640
 11.40      0.44238
 11.42      0.44222
 11.44      0.44206
 11.46      0.44245
 11.48      0.44284
 11.50     -0.11571
 11.52      0.16177
 11.54      0.16176
 11.56      0.16175
 11.58      0.16201
 11.60      0.16214
 11.62     -0.11522
 11.64     -0.11510
 11.66     -0.11522
 11.68     -0.11533
 11.70     -0.11545
 11.72     -0.11557
 11.74     -0.11568
 11.76     -0.11580
 11.78     -0.11592
 11.80     -0.11603
 11.82     -0.11615
 11.84     -0.11627
 11.86     -0.11639
 11.88     -0.11671
 11.90     -0.11704
 11.92     -0.11736
 11.94     -0.11769
 11.96      0.39243
 11.98      0.39202
 12.00      0.39160
 12.02      0.39169
 12.04      0.39178
 12.06     -0.11857
 12.08     -0.11848
 12.10     -0.11840
 12.12     -0.11831
 12.14     -0.11822
 12.16     -0.11813
 12.18     -0.11822
 12.20     -0.11831
 12.22     -0.11840
 12.24     -0.11848
 12.26      0.60622
 12.28      0.60613
 12.30      0.60604
 12.32      0.60667
 12.34      0.60721
 12.36     -0.11704
 12.38     -0.11650
 12.40     -0.11596
 12.42     -0.11542
 12.44     -0.11488
 12.46     -0.11434
 12.48     -0.11380
 12.50     -0.11326
 12.52     -0.11271
 12.54     -0.11234
 12.56     -0.11196
 12.58     -0.11158
 12.60     -0.11144
 12.62     -0.11130
 12.64     -0.11115
 12.66     -0.11117
 12.68     -0.11118
 12.70     -0.11135
 12.72     -0.11152
 12.74     -0.11169
 12.76     -0.11186
 12.78     -0.05692
 12.80     -0.05709
 12.82     -0.05726
 12.84     -0.05738
 12.86     -0.05749
 12.88     -0.11272
 12.90     -0.11283
 12.92     -0.11295
 12.94     -0.11306
 12.96     -0.11318
 12.98     -0.11329
 13.00     -0.11341
 13.02     -0.11352
 13.04     -0.11371
 13.06     -0.11390
 13.08      0.09332
 13.10      0.09313
 13.12      0.09294
 13.14      0.09291
 13.16      0.09288
 13.18      0.29349
 13.20      0.29346
 13.22      0.29343
 13.24      0.29379
 13.26      0.29416
 13.28     -0.11352
 13.30     -0.11329
 13.32     -0.11306
 13.34     -0.11283
 13.36     -0.11260
 13.38     -0.11237
 13.40     -0.11214
 13.42     -0.11191
 13.44     -0.11168
 13.46     -0.11145
 13.48     -0.11150
 13.50     -0.11154
 13.52     -0.11159
 13.54     -0.11163
 13.56      0.17475
 13.58      0.17470
 13.60      0.17452
 13.62      0.17462
 13.64      0.17472
 13.66     -0.11160
 13.68     -0.11150
 13.70     -0.11146
 13.72     -0.11142
 13.74     -0.11138
 13.76     -0.11135
 13.78     -0.11131
 13.80     -0.11127
 13.82     -0.11124
 13.84      0.31356
 13.86      0.31360
 13.88      0.31364
 13.90      0.31409
 13.92      0.31455
 13.94      0.06798
 13.96      0.06826
 13.98      0.06853
 14.00      0.06897
 14.02      0.06942
 14.04     -0.10839
 14.06     -0.10827
 14.08     -0.10815
 14.10     -0.10802
 14.12     -0.10790
 14.14     -0.10778
 14.16     -0.10766
 14.18     -0.10754
 14.20     -0.10742
 14.22     -0.10730
 14.24     -0.10717
 14.26     -0.10705
 14.28     -0.10693
 14.30      0.06096
 14.32      0.06108
 14.34      0.06068
 14.36      0.06044
 14.38      0.06021
 14.40     -0.10780
 14.42     -0.10804
 14.44     -0.10828
 14.46     -0.10852
 14.48     -0.10875
 14.50     -0.10899
 14.52     -0.10923
 14.54     -0.10947
 14.56      0.36616
 14.58      0.36576
 14.60      0.36536
 14.62      0.36543
 14.64      0.36550
 14.66      0.20277
 14.68      0.20277
 14.70      0.20276
 14.72      0.20307
 14.74      0.20337
 14.76     -0.10946
 14.78     -0.10916
 14.80     -0.10886
 14.82     -0.10855
 14.84     -0.10825
 14.86     -0.10797
 14.88     -0.10770
 14.90     -0.10742
 14.92     -0.10715
 14.94     -0.10687
 14.96     -0.10659
 14.98     -0.10632
 15.00      0.04155
 15.02      0.04182
 15.04      0.04210
 15.06      0.04252
 15.08      0.04294
 15.10     -0.10422
 15.12     -0.10380
 15.14     -0.10338
 15.16     -0.10306
 15.18     -0.10274
 15.20     -0.10252
 15.22     -0.10229
 15.24     -0.10207
 15.26      0.17748
 15.28      0.17737
 15.30      0.17725
 15.32      0.17741
 15.34      0.17757
 15.36     -0.10194
 15.38     -0.10178
 15.40     -0.10163
 15.42     -0.10147
 15.44     -0.10131
 15.46     -0.10115
 15.48     -0.10099
 15.50     -0.10083
 15.52     -0.10068
 15.54     -0.10052
 15.56     -0.10045
 15.58     -0.10038
 15.60     -0.10031
 15.62     -0.10024
 15.64     -0.10031
 15.66      0.02905
 15.68      0.02898
 15.70      0.02891
 15.72      0.02897
 15.74      0.02903
 15.76     -0.10035
 15.78     -0.10038
 15.80     -0.10041
 15.82     -0.10044
 15.84     -0.10047
 15.86     -0.10050
 15.88     -0.10052
 15.90      0.27117
 15.92      0.27093
 15.94      0.27069
 15.96      0.27082
 15.98      0.27095
 16.00      0.05094
 16.02      0.05098
 16.04      0.05102
 16.06      0.05121
 16.08      0.05140
 16.10     -0.09999
 16.12     -0.09980
 16.14     -0.09963
 16.16     -0.09947
 16.18     -0.09930
 16.20     -0.09913
 16.22     -0.09896
 16.24     -0.09879
 16.26     -0.09862
 16.28     -0.09845
 16.30      0.24458
 16.32      0.24475
 16.34      0.24492
 16.36      0.24524
 16.38      0.24547
 16.40     -0.09715
 16.42     -0.09699
 16.44     -0.09683
 16.46     -0.09666
 16.48     -0.09650
 16.50     -0.09634
 16.52     -0.09618
 16.54      0.23322
 16.56      0.23339
 16.58      0.23355
 16.60      0.23403
 16.62      0.37973
 16.64      0.05075
 16.66      0.05100
 16.68      0.05139
 16.70      0.05172
 16.72     -0.09317
 16.74     -0.09300
 16.76     -0.09283
 16.78     -0.09266
 16.80     -0.09249
 16.82     -0.09232
 16.84     -0.09215
 16.86     -0.09198
 16.88     -0.09181
 16.90     -0.09174
 16.92     -0.09167
 16.94     -0.09160
 16.96     -0.09153
 16.98     -0.09152
 17.00     -0.09152
 17.02     -0.09151
 17.04     -0.09151
 17.06     -0.09150
 17.08     -0.09157
 17.10     -0.09164
 17.12     -0.09170
 17.14     -0.09177
 17.16      0.10229
 17.18      0.10223
 17.20      0.10216
 17.22      0.38847
 17.24      0.38855
 17.26      0.19451
 17.28      0.19487
 17.30      0.19524
 17.32     -0.09058
 17.34     -0.09036
 17.36     -0.09013
 17.38     -0.08990
 17.40     -0.08967
 17.42     -0.08944
 17.44     -0.08928
 17.46     -0.08912
 17.48     -0.08896
 17.50     -0.08883
 17.52      0.09211
 17.54      0.09224
 17.56      0.09237
 17.58      0.09268
 17.60      0.09299
 17.62     -0.08751
 17.64     -0.08720
 17.66     -0.08690
 17.68     -0.08659
 17.70     -0.08628
 17.72     -0.08597
 17.74      0.08648
 17.76      0.08665
 17.78      0.08681
 17.80      0.08714
 17.82      0.08747
 17.84     -0.08441
 17.86     -0.08408
 17.88     -0.08375
 17.90     -0.08342
 17.92     -0.08309
 17.94     -0.08276
 17.96     -0.08253
 17.98     -0.08249
 18.00     -0.08245
 18.02     -0.08241
 18.04     -0.08236
 18.06     -0.08232
 18.08     -0.08235
 18.10     -0.04197
 18.12     -0.04200
 18.14     -0.04203
 18.16     -0.04202
 18.18     -0.04202
 18.20     -0.08242
 18.22     -0.08242
 18.24     -0.08241
 18.26     -0.08240
 18.28     -0.08242
 18.30     -0.08243
 18.32      0.29990
 18.34      0.29988
 18.36      0.29987
 18.38      0.45047
 18.40      0.45066
 18.42      0.06850
 18.44      0.06884
 18.46      0.06917
 18.48     -0.08092
 18.50     -0.08061
 18.52     -0.08029
 18.54     -0.08007
 18.56     -0.07985
 18.58     -0.07962
 18.60     -0.07940
 18.62     -0.07934
 18.64     -0.07928
 18.66      0.06289
 18.68      0.06296
 18.70      0.06295
 18.72      0.06308
 18.74      0.06321
 18.76     -0.07877
 18.78     -0.07868
 18.80     -0.07860
 18.82     -0.07851
 18.84     -0.07842
 18.86      0.12739
 18.88      0.12747
 18.90      0.12756
 18.92      0.12785
 18.94      0.26052
 18.96      0.05499
 18.98      0.05517
 19.00      0.05549
 19.02      0.05578
 19.04     -0.07630
 19.06     -0.07600
 19.08     -0.07571
 19.10     -0.07541
 19.12     -0.07512
 19.14     -0.07482
 19.16     -0.07452
 19.18     -0.07423
 19.20      0.00470
 19.22      0.00500
 19.24      0.00520
 19.26      0.00548
 19.28      0.00574
 19.30     -0.07278
 19.32     -0.07266
 19.34     -0.07254
 19.36     -0.07242
 19.38     -0.07230
 19.40      0.06589
 19.42      0.06601
 19.44      0.06613
 19.46      0.12610
 19.48      0.12627
 19.50     -0.01165
 19.52     -0.01148
 19.54     -0.01131
 19.56     -0.07095
 19.58     -0.07078
 19.60     -0.07070
 19.62     -0.07062
 19.64     -0.07054
 19.66     -0.07046
 19.68     -0.07038
 19.70     -0.07030
 19.72      0.09945
 19.74      0.09953
 19.76      0.09958
 19.78      0.09979
 19.80      0.10000
 19.82     -0.06953
 19.84     -0.06940
 19.86     -0.06927
 19.88     -0.06914
 19.90     -0.06902
 19.92      0.14698
 19.94      0.14707
 19.96      0.14717
 19.98      0.14748
 20.00      0.14779
 20.02     -0.06780
 20.04     -0.06749
 20.06     -0.06718
 20.08     -0.06688
 20.10     -0.06657
 20.12     -0.06626
 20.14     -0.06595
 20.16     -0.06564
 20.18     -0.06535
 20.20     -0.06506
 20.22     -0.06478
 20.24     -0.01456
 20.26     -0.01428
 20.28     -0.01400
 20.30     -0.01366
 20.32     -0.01333
 20.34     -0.06293
 20.36     -0.06260
 20.38     -0.06227
 20.40     -0.06218
 20.42     -0.06209
 20.44     -0.01530
 20.46     -0.01531
 20.48     -0.01533
 20.50      0.17093
 20.52      0.17096
 20.54      0.12429
 20.56      0.12451
 20.58      0.12472
 20.60     -0.06130
 20.62     -0.06109
 20.64     -0.06088
 20.66     -0.06066
 20.68     -0.06050
 20.70     -0.06033
 20.72     -0.06016
 20.74      0.02725
 20.76      0.02735
 20.78      0.02745
 20.80      0.02763
 20.82      0.02781
 20.84     -0.05937
 20.86     -0.05924
 20.88     -0.05910
 20.90     -0.05899
 20.92      0.14976
 20.94      0.14977
 20.96      0.14978
 20.98      0.19199
 21.00      0.19220
 21.02     -0.01629
 21.04     -0.01610
 21.06     -0.01590
 21.08     -0.05771
 21.10     -0.05752
 21.12     -0.05734
 21.14     -0.05716
 21.16     -0.05698
 21.18     -0.05680
 21.20     -0.05662
 21.22     -0.05644
 21.24     -0.01779
 21.26     -0.01761
 21.28     -0.01747
 21.30     -0.01732
 21.32     -0.01717
 21.34     -0.05552
 21.36     -0.05541
 21.38     -0.05529
 21.40     -0.05517
 21.42      0.12924
 21.44      0.12935
 21.46      0.12947
 21.48      0.23816
 21.50      0.23839
 21.52      0.05433
 21.54      0.05463
 21.56      0.05490
 21.58     -0.05329
 21.60     -0.05302
 21.62     -0.05275
 21.64     -0.05249
 21.66     -0.05222
 21.68     -0.05195
 21.70     -0.05168
 21.72      0.01713
 21.74      0.01736
 21.76      0.01759
 21.78      0.01789
 21.80      0.01810
 21.82     -0.05022
 21.84     -0.05000
 21.86     -0.04979
 21.88      0.01620
 21.90      0.01641
 21.92      0.01663
 21.94      0.01691
 21.96      0.01719
 21.98     -0.04830
 22.00     -0.04814
 22.02     -0.04799
 22.04     -0.04783
 22.06     -0.04767
 22.08     -0.04751
 22.10     -0.04736
 22.12     -0.04720
 22.14     -0.04704
 22.16     -0.04693
 22.18     -0.03696
 22.20     -0.03684
 22.22     -0.03674
 22.24     -0.03663
 22.26     -0.03652
 22.28     -0.04625
 22.30     -0.04614
 22.32     -0.04605
 22.34     -0.04597
 22.36      0.06846
 22.38      0.06855
 22.40      0.06864
 22.42      0.13253
 22.44      0.13272
 22.46      0.01857
 22.48      0.01883
 22.50      0.01908
 22.52     -0.04439
 22.54     -0.04415
 22.56     -0.04392
 22.58     -0.04380
 22.60     -0.04367
 22.62     -0.04354
 22.64      0.05017
 22.66      0.05028
 22.68      0.05039
 22.70      0.05058
 22.72      0.05078
 22.74     -0.04262
 22.76     -0.04243
 22.78     -0.04223
 22.80      0.05585
 22.82      0.05601
 22.84      0.05617
 22.86      0.10453
 22.88      0.10478
 22.90      0.00715
 22.92      0.00745
 22.94      0.00775
 22.96     -0.04006
 22.98     -0.03976
 23.00     -0.03959
 23.02     -0.03942
 23.04     -0.03924
 23.06     -0.03911
 23.08     -0.01620
 23.10     -0.01606
 23.12     -0.01593
 23.14     -0.01577
 23.16     -0.01561
 23.18     -0.03822
 23.20     -0.03806
 23.22     -0.03791
 23.24     -0.03775
 23.26      0.02709
 23.28      0.02723
 23.30      0.08983
 23.32      0.09001
 23.34      0.09020
 23.36      0.02574
 23.38      0.02598
 23.40     -0.03627
 23.42     -0.03606
 23.44     -0.03585
 23.46     -0.03564
 23.48     -0.03543
 23.50     -0.03531
 23.52      0.04319
 23.54      0.04331
 23.56      0.04338
 23.58      0.04352
 23.60      0.04366
 23.62     -0.03458
 23.64     -0.03444
 23.66     -0.03430
 23.68     -0.03416
 23.70      0.04110
 23.72      0.04124
 23.74      0.04138
 23.76      0.04160
 23.78      0.04181
 23.80     -0.03312
 23.82     -0.03295
 23.84     -0.03279
 23.86     -0.03263
 23.88     -0.03248
 23.90     -0.03233
 23.92     -0.03218
 23.94     -0.03203
 23.96      0.00252
 23.98      0.00264
 24.00      0.00276
 24.02      0.00291
 24.04      0.00307
 24.06     -0.03123
 24.08     -0.03109
 24.10     -0.03095
 24.12      0.05034
 24.14      0.05048
 24.16      0.05062
 24.18      0.08229
 24.20      0.08251
 24.22      0.00156
 24.24      0.00180
 24.26      0.00203
 24.28     -0.02919
 24.30     -0.02895
 24.32     -0.02872
 24.34     -0.02848
 24.36     -0.02825
 24.38     -0.01342
 24.40     -0.01318
 24.42     -0.01295
 24.44     -0.01275
 24.46     -0.01256
 24.48     -0.02697
 24.50     -0.02682
 24.52     -0.02666
 24.54      0.00118
 24.56      0.00134
 24.58      0.00150
 24.60      0.04212
 24.62      0.04229
 24.64      0.01477
 24.66      0.01497
 24.68      0.01517
 24.70     -0.02509
 24.72     -0.02493
 24.74     -0.02478
 24.76     -0.02462
 24.78     -0.02447
 24.80     -0.02431
 24.82     -0.02416
 24.84     -0.02401
 24.86     -0.02386
 24.88     -0.02375
 24.90     -0.02365
 24.92     -0.02355
 24.94     -0.02347
 24.96      0.02545
 24.98      0.02552
 25.00      0.02559
 25.02      0.05871
 25.04      0.05883
 25.06      0.01011
 25.08      0.01026
 25.10      0.01042
 25.12     -0.02242
 25.14     -0.02227
 25.16     -0.02213
 25.18     -0.02199
 25.20     -0.02184
 25.22      0.02065
 25.24      0.02079
 25.26      0.02093
 25.28      0.02111
 25.30      0.02129
 25.32     -0.02089
 25.34     -0.02074
 25.36      0.04893
 25.38      0.04904
 25.40      0.04915
 25.42      0.04933
 25.44      0.04950
 25.46     -0.01984
 25.48     -0.01967
 25.50     -0.01949
 25.52     -0.01931
 25.54     -0.01914
 25.56     -0.01896
 25.58     -0.01878
 25.60     -0.01865
 25.62     -0.01623
 25.64     -0.01610
 25.66     -0.01597
 25.68     -0.01583
 25.70     -0.01570
 25.72     -0.01785
 25.74     -0.01773
 25.76     -0.01760
 25.78      0.01513
 25.80      0.01522
 25.82      0.04539
 25.84      0.04551
 25.86      0.04562
 25.88      0.01312
 25.90      0.01327
 25.92     -0.01667
 25.94     -0.01652
 25.96     -0.01638
 25.98     -0.01623
 26.00     -0.01608
 26.02      0.01329
 26.04      0.01342
 26.06      0.01355
 26.08      0.01371
 26.10      0.01387
 26.12     -0.01521
 26.14     -0.01506
 26.16     -0.00254
 26.18     -0.00238
 26.20     -0.00227
 26.22      0.00372
 26.24      0.00384
 26.26     -0.00842
 26.28     -0.00830
 26.30     -0.00819
 26.32     -0.01393
 26.34     -0.01382
 26.36     -0.01371
 26.38     -0.01359
 26.40     -0.01348
 26.42     -0.00233
 26.44     -0.00222
 26.46     -0.00212
 26.48     -0.00200
 26.50     -0.00189
 26.52     -0.01280
 26.54     -0.01269
 26.56      0.01302
 26.58      0.01314
 26.60      0.03393
 26.62      0.03406
 26.64      0.03418
 26.66      0.00874
 26.68      0.00886
 26.70     -0.01169
 26.72     -0.01157
 26.74     -0.01144
 26.76     -0.01131
 26.78     -0.01119
 26.80     -0.00261
 26.82     -0.00248
 26.84     -0.00236
 26.86     -0.00222
 26.88     -0.00209
 26.90     -0.01042
 26.92     -0.01028
 26.94      0.00246
 26.96      0.00260
 26.98      0.00273
 27.00      0.00287
 27.02      0.00302
 27.04     -0.00948
 27.06     -0.00936
 27.08     -0.00924
 27.10     -0.00914
 27.12     -0.00903
 27.14     -0.00893
 27.16     -0.00882
 27.18     -0.00232
 27.20     -0.00222
 27.22     -0.00211
 27.24     -0.00200
 27.26     -0.00190
 27.28     -0.00819
 27.30     -0.00810
 27.32      0.00443
 27.34      0.00452
 27.36      0.01111
 27.38      0.01121
 27.40      0.01131
 27.42     -0.00102
 27.44     -0.00095
 27.46     -0.00738
 27.48     -0.00731
 27.50     -0.00724
 27.52     -0.00717
 27.54     -0.00709
 27.56      0.00649
 27.58      0.00656
 27.60      0.00663
 27.62      0.00672
 27.64      0.00681
 27.66     -0.00662
 27.68     -0.00653
 27.70      0.01225
 27.72      0.01234
 27.74      0.01719
 27.76      0.01729
 27.78      0.01739
 27.80     -0.00120
 27.82     -0.00109
 27.84     -0.00575
 27.86     -0.00566
 27.88     -0.00557
 27.90     -0.00549
 27.92     -0.00338
 27.94     -0.00331
 27.96     -0.00323
 27.98     -0.00315
 28.00     -0.00307
 28.02     -0.00502
 28.04     -0.00494
 28.06      0.00033
 28.08      0.00040
 28.10      0.00623
 28.12      0.00630
 28.14      0.00637
 28.16      0.00125
 28.18      0.00133
 28.20     -0.00436
 28.22     -0.00428
 28.24     -0.00421
 28.26     -0.00414
 28.28     -0.00407
 28.30     -0.00172
 28.32     -0.00165
 28.34     -0.00159
 28.36     -0.00152
 28.38     -0.00145
 28.40     -0.00367
 28.42      0.00323
 28.44      0.00330
 28.46      0.00337
 28.48      0.00344
 28.50      0.00351
 28.52     -0.00325
 28.54     -0.00318
 28.56     -0.00311
 28.58     -0.00304
 28.60     -0.00297
 28.62     -0.00290
 28.64     -0.00284
 28.66     -0.00194
 28.68     -0.00189
 28.70     -0.00184
 28.72     -0.00179
 28.74     -0.00175
 28.76     -0.00255
 28.78     -0.00025
 28.80     -0.00020
 28.82     -0.00015
 28.84      0.00242
 28.86      0.00247
 28.88      0.00027
 28.90      0.00032
 28.92      0.00037
 28.94     -0.00211
 28.96     -0.00206
 28.98     -0.00201
 29.00     -0.00085
 29.02     -0.00081
 29.04     -0.00076
 29.06     -0.00072
 29.08     -0.00068
 29.10     -0.00175
 29.12     -0.00171
 29.14     -0.00055
 29.16     -0.00051
 29.18      0.00037
 29.20      0.00041
 29.22      0.00046
 29.24     -0.00061
 29.26     -0.00057
 29.28     -0.00136
 29.30     -0.00131
 29.32     -0.00127
 29.34     -0.00123
 29.36     -0.00064
 29.38     -0.00059
 29.40     -0.00056
 29.42     -0.00052
 29.44     -0.00049
 29.46     -0.00101
 29.48     -0.00097
 29.50     -0.00094
 29.52     -0.00090
 29.54     -0.00087
 29.56     -0.00084
 29.58     -0.00080
 29.60     -0.00077
 29.62     -0.00074
 29.64     -0.00071
 29.66     -0.00068
 29.68     -0.00066
 29.70     -0.00063
 29.72     -0.00060
 29.74     -0.00058
 29.76     -0.00055
 29.78     -0.00053
 29.80     -0.00051
 29.82     -0.00050
 29.84     -0.00048
 29.86     -0.00047
 29.88     -0.00045
 29.90     -0.00044
 29.92     -0.00042
 29.94     -0.00041
 29.96     -0.00039
 29.98     -0.00038
 30.00     -0.00036
 30.02     -0.00035
 30.04     -0.00033
 30.06     -0.00032
 30.08     -0.00030
 30.10     -0.00029
 30.12     -0.00028
 30.14     -0.00026
 30.16     -0.00025
 30.18     -0.00024
 30.20     -0.00023
 30.22     -0.00022
 30.24     -0.00022
 30.26     -0.00021
 30.28     -0.00020
 30.30     -0.00019
 30.32     -0.00018
 30.34     -0.00017
 30.36     -0.00016
 30.38     -0.00015
 30.40     -0.00015
 30.42     -0.00014
 30.44     -0.00013
 30.46     -0.00012
 30.48     -0.00011
 30.50     -0.00011
 30.52     -0.00011
 30.54     -0.00010
 30.56     -0.00010
 30.58     -0.00009
 30.60     -0.00009
 30.62     -0.00008
 30.64     -0.00008
 30.66     -0.00007
 30.68     -0.00007
 30.70     -0.00006
 30.72     -0.00006
 30.74     -0.00006
 30.76     -0.00005
 30.78     -0.00005
 30.80     -0.00004
 30.82     -0.00004
 30.84     -0.00004
 30.86     -0.00003
 30.88     -0.00003
 30.90     -0.00003
 30.92     -0.00002
 30.94     -0.00002
 30.96     -0.00002
 30.98     -0.00002
 31.00     -0.00002
 31.02     -0.00002
 31.04     -0.00001
 31.06     -0.00001
 31.08     -0.00001
 31.10     -0.00001
 31.12     -0.00001
 31.14     -0.00001
 31.16     -0.00001
 31.18     -0.00001
 31.20     -0.00000
 31.22     -0.00000
 31.24     -0.00000
 31.26     -0.00000
 31.28     -0.00000
 31.30     -0.00000
 31.32     -0.00000
 31.34     -0.00000
 31.36     -0.00000
 31.38     -0.00000
 31.40     -0.00000
 31.42      0.00000
 31.44      0.00000
 31.46      0.00000
 31.48      0.00000
 31.50      0.00000
 31.52      0.00000
 31.54      0.00000
 31.56      0.00000
 31.58      0.00000
 31.60      0.00000
 31.62      0.00000
 31.64      0.00000
 31.66      0.00000
 31.68      0.00000
 31.70      0.00000
 31.72      0.00000
 31.74      0.00000
 31.76      0.00000
 31.78      0.00000
 31.80      0.00000
 31.82      0.00000
 31.84      0.00000
 31.86      0.00000
 31.88      0.00000
 31.90      0.00000
 31.92      0.00000
 31.94      0.00000
 31.96      0.00000
 31.98      0.00000
 32.00      0.00000
