 #r(A)        G(r)
  0.02      0.00000
  0.04      0.00000
  0.06      0.00000
  0.08      0.00000
  0.10      0.00000
  0.12      0.00000
  0.14      0.00000
  0.16      0.00000
  0.18     -0.00000
  0.20     -0.00000
  0.22     -0.00000
  0.24     -0.00000
  0.26     -0.00000
  0.28     -0.00000
  0.30     -0.00000
  0.32     -0.00000
  0.34     -0.00001
  0.36     -0.00002
  0.38     -0.00003
  0.40     -0.00005
  0.42     -0.00007
  0.44     -0.00010
  0.46     -0.00015
  0.48     -0.00020
  0.50     -0.00026
  0.52     -0.00034
  0.54     -0.00042
  0.56     -0.00052
  0.58     -0.00064
  0.60     -0.00077
  0.62     -0.00093
  0.64     -0.00110
  0.66     -0.00130
  0.68     -0.00153
  0.70     -0.00178
  0.72     -0.00205
  0.74     -0.00234
  0.76     -0.00265
  0.78     -0.00297
  0.80     -0.00330
  0.82     -0.00365
  0.84     -0.00400
  0.86     -0.00436
  0.88     -0.00472
  0.90     -0.00509
  0.92     -0.00546
  0.94     -0.00583
  0.96     -0.00621
  0.98     -0.00658
  1.00     -0.00696
  1.02     -0.00734
  1.04     -0.00772
  1.06     -0.00810
  1.08     -0.00848
  1.10     -0.00886
  1.12     -0.00924
  1.14     -0.00962
  1.16     -0.01000
  1.18     -0.01039
  1.20     -0.01077
  1.22     -0.01115
  1.24     -0.01154
  1.26     -0.01192
  1.28     -0.01230
  1.30     -0.01269
  1.32     -0.01307
  1.34     -0.01346
  1.36     -0.01385
  1.38     -0.01424
  1.40     -0.01463
  1.42     -0.01502
  1.44     -0.01541
  1.46     -0.01581
  1.48     -0.01621
  1.50     -0.01661
  1.52     -0.01702
  1.54     -0.01742
  1.56     -0.01783
  1.58     -0.01825
  1.60     -0.01867
  1.62     -0.01909
  1.64     -0.01951
  1.66     -0.01994
  1.68     -0.02037
  1.70     -0.02080
  1.72     -0.02124
  1.74     -0.02168
  1.76     -0.02213
  1.78     -0.02257
  1.80     -0.02303
  1.82     -0.02348
  1.84     -0.02394
  1.86     -0.02440
  1.88     -0.02487
  1.90     -0.02533
  1.92     -0.02581
  1.94     -0.02628
  1.96     -0.02676
  1.98     -0.02724
  2.00     -0.02772
  2.02     -0.02820
  2.04     -0.02869
  2.06     -0.02918
  2.08     -0.02967
  2.10     -0.03017
  2.12     -0.03067
  2.14     -0.03112
  2.16     -0.03163
  2.18     -0.03209
  2.20     -0.03261
  2.22     -0.03276
  2.24     -0.03260
  2.26     -0.03157
  2.28     -0.03000
  2.30     -0.02527
  2.32     -0.02049
  2.34     -0.01388
  2.36     -0.00451
  2.38      0.00817
  2.40      0.01906
  2.42      0.03167
  2.44      0.04398
  2.46      0.05310
  2.48      0.05877
  2.50      0.06620
  2.52      0.07649
  2.54      0.08646
  2.56      0.10626
  2.58      0.12198
  2.60      0.14378
  2.62      0.15856
  2.64      0.17867
  2.66      0.18901
  2.68      0.19309
  2.70      0.18309
  2.72      0.17457
  2.74      0.14848
  2.76      0.12593
  2.78      0.10119
  2.80      0.07994
  2.82      0.05986
  2.84      0.04255
  2.86      0.02053
  2.88      0.00744
  2.90     -0.00400
  2.92     -0.01522
  2.94     -0.02110
  2.96     -0.02714
  2.98     -0.03022
  3.00     -0.03370
  3.02     -0.03849
  3.04     -0.04039
  3.06     -0.04141
  3.08     -0.04258
  3.10     -0.04388
  3.12     -0.04393
  3.14     -0.04425
  3.16     -0.04457
  3.18     -0.04463
  3.20     -0.04441
  3.22     -0.04484
  3.24     -0.04509
  3.26     -0.04503
  3.28     -0.04377
  3.30     -0.04300
  3.32     -0.04129
  3.34     -0.04035
  3.36     -0.03894
  3.38     -0.03823
  3.40     -0.03607
  3.42     -0.03420
  3.44     -0.03111
  3.46     -0.02867
  3.48     -0.02539
  3.50     -0.02291
  3.52     -0.02227
  3.54     -0.02021
  3.56     -0.01947
  3.58     -0.02011
  3.60     -0.02146
  3.62     -0.02015
  3.64     -0.01948
  3.66     -0.01909
  3.68     -0.01890
  3.70     -0.01824
  3.72     -0.01724
  3.74     -0.02022
  3.76     -0.01853
  3.78     -0.01699
  3.80     -0.01877
  3.82     -0.02072
  3.84     -0.02046
  3.86     -0.02289
  3.88     -0.02465
  3.90     -0.02327
  3.92     -0.02448
  3.94     -0.02652
  3.96     -0.02733
  3.98     -0.02851
  4.00     -0.03018
  4.02     -0.03071
  4.04     -0.02976
  4.06     -0.02927
  4.08     -0.02986
  4.10     -0.02751
  4.12     -0.02517
  4.14     -0.02272
  4.16     -0.01922
  4.18     -0.01310
  4.20     -0.00700
  4.22      0.00175
  4.24      0.00921
  4.26      0.01824
  4.28      0.02601
  4.30      0.03021
  4.32      0.03211
  4.34      0.03723
  4.36      0.03501
  4.38      0.03514
  4.40      0.03600
  4.42      0.03688
  4.44      0.03397
  4.46      0.03735
  4.48      0.03981
  4.50      0.04090
  4.52      0.04231
  4.54      0.04396
  4.56      0.04567
  4.58      0.04457
  4.60      0.04635
  4.62      0.04823
  4.64      0.04805
  4.66      0.04621
  4.68      0.04373
  4.70      0.03932
  4.72      0.03164
  4.74      0.02824
  4.76      0.02204
  4.78      0.01768
  4.80      0.01355
  4.82      0.01299
  4.84      0.01085
  4.86      0.00950
  4.88      0.00682
  4.90      0.00698
  4.92      0.00374
  4.94      0.00138
  4.96     -0.00001
  4.98     -0.00023
  5.00     -0.00353
  5.02     -0.00368
  5.04     -0.00412
  5.06     -0.00594
  5.08     -0.00825
  5.10     -0.00890
  5.12     -0.01095
  5.14     -0.01123
  5.16     -0.01040
  5.18     -0.00586
  5.20     -0.00646
  5.22     -0.00438
  5.24     -0.00531
  5.26     -0.00423
  5.28     -0.00593
  5.30     -0.00226
  5.32     -0.00167
  5.34     -0.00235
  5.36     -0.00271
  5.38     -0.00307
  5.40     -0.00478
  5.42     -0.00421
  5.44     -0.00098
  5.46     -0.00080
  5.48     -0.00148
  5.50     -0.00120
  5.52     -0.00268
  5.54     -0.00395
  5.56     -0.00351
  5.58     -0.00407
  5.60     -0.00545
  5.62     -0.00696
  5.64     -0.00895
  5.66     -0.01198
  5.68     -0.01315
  5.70     -0.01508
  5.72     -0.01551
  5.74     -0.01647
  5.76     -0.01758
  5.78     -0.01931
  5.80     -0.01975
  5.82     -0.02196
  5.84     -0.02221
  5.86     -0.02070
  5.88     -0.01959
  5.90     -0.01850
  5.92     -0.01557
  5.94     -0.01415
  5.96     -0.01481
  5.98     -0.01357
  6.00     -0.01179
  6.02     -0.01177
  6.04     -0.01287
  6.06     -0.01276
  6.08     -0.01096
  6.10     -0.01173
  6.12     -0.01193
  6.14     -0.01078
  6.16     -0.01037
  6.18     -0.01401
  6.20     -0.01604
  6.22     -0.01793
  6.24     -0.01973
  6.26     -0.02226
  6.28     -0.02273
  6.30     -0.02245
  6.32     -0.02339
  6.34     -0.02167
  6.36     -0.01823
  6.38     -0.01436
  6.40     -0.00964
  6.42     -0.00319
  6.44      0.00128
  6.46      0.00780
  6.48      0.01191
  6.50      0.01914
  6.52      0.02474
  6.54      0.03036
  6.56      0.03325
  6.58      0.03763
  6.60      0.03674
  6.62      0.03675
  6.64      0.03552
  6.66      0.03310
  6.68      0.03022
  6.70      0.02778
  6.72      0.02377
  6.74      0.02282
  6.76      0.02192
  6.78      0.02017
  6.80      0.01884
  6.82      0.01963
  6.84      0.01513
  6.86      0.01279
  6.88      0.01412
  6.90      0.01639
  6.92      0.01711
  6.94      0.02104
  6.96      0.02397
  6.98      0.02289
  7.00      0.02082
  7.02      0.02060
  7.04      0.01875
  7.06      0.01721
  7.08      0.01537
  7.10      0.01274
  7.12      0.00994
  7.14      0.00885
  7.16      0.00524
  7.18      0.00254
  7.20      0.00102
  7.22     -0.00199
  7.24     -0.00566
  7.26     -0.00862
  7.28     -0.01021
  7.30     -0.01170
  7.32     -0.01170
  7.34     -0.01175
  7.36     -0.00986
  7.38     -0.00801
  7.40     -0.00692
  7.42     -0.00608
  7.44     -0.00499
  7.46     -0.00424
  7.48     -0.00447
  7.50     -0.00354
  7.52     -0.00376
  7.54     -0.00536
  7.56     -0.00696
  7.58     -0.00840
  7.60     -0.01022
  7.62     -0.01100
  7.64     -0.01032
  7.66     -0.01188
  7.68     -0.01334
  7.70     -0.01480
  7.72     -0.01537
  7.74     -0.01632
  7.76     -0.01428
  7.78     -0.01206
  7.80     -0.00923
  7.82     -0.00754
  7.84     -0.00392
  7.86     -0.00212
  7.88     -0.00148
  7.90     -0.00097
  7.92     -0.00097
  7.94     -0.00404
  7.96     -0.00484
  7.98     -0.00577
  8.00     -0.00691
  8.02     -0.00770
  8.04     -0.00894
  8.06     -0.01028
  8.08     -0.01057
  8.10     -0.01110
  8.12     -0.01287
  8.14     -0.01028
  8.16     -0.01030
  8.18     -0.01055
  8.20     -0.00765
  8.22     -0.00535
  8.24     -0.00608
  8.26     -0.00390
  8.28     -0.00338
  8.30     -0.00754
  8.32     -0.00733
  8.34     -0.00692
  8.36     -0.00836
  8.38     -0.00776
  8.40     -0.00468
  8.42     -0.00414
  8.44     -0.00369
  8.46     -0.00388
  8.48     -0.00254
  8.50     -0.00315
  8.52     -0.00383
  8.54     -0.00358
  8.56     -0.00263
  8.58     -0.00157
  8.60     -0.00186
  8.62     -0.00057
  8.64     -0.00081
  8.66      0.00056
  8.68     -0.00051
  8.70      0.00261
  8.72      0.00430
  8.74      0.00640
  8.76      0.00720
  8.78      0.00780
  8.80      0.00785
  8.82      0.00915
  8.84      0.00962
  8.86      0.01253
  8.88      0.01626
  8.90      0.01959
  8.92      0.02214
  8.94      0.02597
  8.96      0.02603
  8.98      0.02600
  9.00      0.02557
  9.02      0.02306
  9.04      0.02176
  9.06      0.02178
  9.08      0.02215
  9.10      0.02055
  9.12      0.02150
  9.14      0.02043
  9.16      0.01852
  9.18      0.01719
  9.20      0.01641
  9.22      0.01227
  9.24      0.00984
  9.26      0.00832
  9.28      0.00727
  9.30      0.00480
  9.32      0.00412
  9.34      0.00286
  9.36      0.00148
  9.38     -0.00176
  9.40     -0.00415
  9.42     -0.00365
  9.44     -0.00433
  9.46     -0.00589
  9.48     -0.00529
  9.50     -0.00294
  9.52     -0.00100
  9.54      0.00070
  9.56      0.00258
  9.58      0.00474
  9.60      0.00472
  9.62      0.00213
  9.64      0.00213
  9.66      0.00398
  9.68      0.00201
  9.70      0.00175
  9.72      0.00002
  9.74     -0.00233
  9.76     -0.00655
  9.78     -0.00881
  9.80     -0.01001
  9.82     -0.00912
  9.84     -0.01087
  9.86     -0.01241
  9.88     -0.01512
  9.90     -0.01798
  9.92     -0.02156
  9.94     -0.02271
  9.96     -0.02442
  9.98     -0.02331
 10.00     -0.02371
 10.02     -0.02228
 10.04     -0.02242
 10.06     -0.02019
 10.08     -0.01918
 10.10     -0.01931
 10.12     -0.01880
 10.14     -0.01720
 10.16     -0.01492
 10.18     -0.01435
 10.20     -0.01202
 10.22     -0.00853
 10.24     -0.00619
 10.26     -0.00586
 10.28     -0.00485
 10.30     -0.00499
 10.32     -0.00668
 10.34     -0.00754
 10.36     -0.00771
 10.38     -0.00598
 10.40     -0.00183
 10.42     -0.00182
 10.44     -0.00051
 10.46      0.00005
 10.48     -0.00120
 10.50     -0.00254
 10.52     -0.00052
 10.54      0.00043
 10.56      0.00112
 10.58      0.00287
 10.60      0.00264
 10.62      0.00235
 10.64      0.00180
 10.66      0.00244
 10.68      0.00509
 10.70      0.00577
 10.72      0.00702
 10.74      0.00952
 10.76      0.01082
 10.78      0.01080
 10.80      0.01389
 10.82      0.01628
 10.84      0.01813
 10.86      0.01843
 10.88      0.01885
 10.90      0.01844
 10.92      0.01828
 10.94      0.01848
 10.96      0.01924
 10.98      0.01888
 11.00      0.01742
 11.02      0.01607
 11.04      0.01285
 11.06      0.01172
 11.08      0.00920
 11.10      0.00748
 11.12      0.00808
 11.14      0.00779
 11.16      0.00722
 11.18      0.00780
 11.20      0.00802
 11.22      0.00698
 11.24      0.00777
 11.26      0.00637
 11.28      0.00589
 11.30      0.00671
 11.32      0.00622
 11.34      0.00552
 11.36      0.00551
 11.38      0.00641
 11.40      0.00704
 11.42      0.00789
 11.44      0.00747
 11.46      0.00699
 11.48      0.00554
 11.50      0.00450
 11.52      0.00251
 11.54      0.00321
 11.56      0.00346
 11.58      0.00394
 11.60      0.00228
 11.62      0.00009
 11.64     -0.00132
 11.66     -0.00287
 11.68     -0.00585
 11.70     -0.00615
 11.72     -0.00606
 11.74     -0.00685
 11.76     -0.00593
 11.78     -0.00378
 11.80     -0.00494
 11.82     -0.00520
 11.84     -0.00627
 11.86     -0.00828
 11.88     -0.01089
 11.90     -0.01134
 11.92     -0.01131
 11.94     -0.01204
 11.96     -0.01170
 11.98     -0.01157
 12.00     -0.01198
 12.02     -0.01185
 12.04     -0.01209
 12.06     -0.01400
 12.08     -0.01336
 12.10     -0.01334
 12.12     -0.01513
 12.14     -0.01690
 12.16     -0.01548
 12.18     -0.01579
 12.20     -0.01515
 12.22     -0.01527
 12.24     -0.01249
 12.26     -0.01179
 12.28     -0.01272
 12.30     -0.01212
 12.32     -0.01000
 12.34     -0.01065
 12.36     -0.01114
 12.38     -0.00808
 12.40     -0.00695
 12.42     -0.00528
 12.44     -0.00315
 12.46     -0.00083
 12.48     -0.00067
 12.50     -0.00080
 12.52     -0.00152
 12.54     -0.00067
 12.56     -0.00119
 12.58     -0.00065
 12.60      0.00113
 12.62      0.00279
 12.64      0.00379
 12.66      0.00461
 12.68      0.00398
 12.70      0.00291
 12.72      0.00319
 12.74      0.00242
 12.76      0.00362
 12.78      0.00439
 12.80      0.00606
 12.82      0.00687
 12.84      0.00791
 12.86      0.00962
 12.88      0.01161
 12.90      0.01284
 12.92      0.01348
 12.94      0.01496
 12.96      0.01389
 12.98      0.01603
 13.00      0.01688
 13.02      0.01787
 13.04      0.01795
 13.06      0.02045
 13.08      0.01956
 13.10      0.01997
 13.12      0.01912
 13.14      0.01917
 13.16      0.01859
 13.18      0.01769
 13.20      0.01643
 13.22      0.01714
 13.24      0.01543
 13.26      0.01334
 13.28      0.01271
 13.30      0.01149
 13.32      0.01008
 13.34      0.00814
 13.36      0.00767
 13.38      0.00616
 13.40      0.00481
 13.42      0.00179
 13.44      0.00144
 13.46     -0.00074
 13.48     -0.00358
 13.50     -0.00471
 13.52     -0.00586
 13.54     -0.00722
 13.56     -0.00901
 13.58     -0.00847
 13.60     -0.00907
 13.62     -0.01004
 13.64     -0.00995
 13.66     -0.00936
 13.68     -0.01035
 13.70     -0.01174
 13.72     -0.01111
 13.74     -0.01102
 13.76     -0.01039
 13.78     -0.00971
 13.80     -0.00841
 13.82     -0.00796
 13.84     -0.00733
 13.86     -0.00834
 13.88     -0.00865
 13.90     -0.00875
 13.92     -0.00804
 13.94     -0.00809
 13.96     -0.00748
 13.98     -0.00689
 14.00     -0.00519
 14.02     -0.00479
 14.04     -0.00486
 14.06     -0.00495
 14.08     -0.00565
 14.10     -0.00527
 14.12     -0.00760
 14.14     -0.00829
 14.16     -0.00759
 14.18     -0.00507
 14.20     -0.00619
 14.22     -0.00484
 14.24     -0.00527
 14.26     -0.00543
 14.28     -0.00591
 14.30     -0.00516
 14.32     -0.00392
 14.34     -0.00263
 14.36     -0.00092
 14.38     -0.00131
 14.40     -0.00194
 14.42     -0.00142
 14.44     -0.00011
 14.46     -0.00083
 14.48     -0.00055
 14.50      0.00068
 14.52      0.00037
 14.54     -0.00220
 14.56     -0.00169
 14.58     -0.00121
 14.60     -0.00148
 14.62     -0.00089
 14.64      0.00071
 14.66      0.00137
 14.68      0.00076
 14.70      0.00133
 14.72      0.00163
 14.74      0.00332
 14.76      0.00288
 14.78      0.00485
 14.80      0.00427
 14.82      0.00474
 14.84      0.00456
 14.86      0.00568
 14.88      0.00365
 14.90      0.00426
 14.92      0.00337
 14.94      0.00436
 14.96      0.00352
 14.98      0.00498
 15.00      0.00630
 15.02      0.00713
 15.04      0.00655
 15.06      0.00695
 15.08      0.00697
 15.10      0.00685
 15.12      0.00783
 15.14      0.00965
 15.16      0.01079
 15.18      0.01176
 15.20      0.01202
 15.22      0.01356
 15.24      0.01228
 15.26      0.01114
 15.28      0.01050
 15.30      0.01101
 15.32      0.00871
 15.34      0.00929
 15.36      0.01038
 15.38      0.01061
 15.40      0.00892
 15.42      0.00854
 15.44      0.00697
 15.46      0.00506
 15.48      0.00326
 15.50      0.00429
 15.52      0.00322
 15.54      0.00355
 15.56      0.00377
 15.58      0.00370
 15.60      0.00009
 15.62     -0.00101
 15.64     -0.00167
 15.66     -0.00345
 15.68     -0.00390
 15.70     -0.00477
 15.72     -0.00484
 15.74     -0.00657
 15.76     -0.00752
 15.78     -0.00989
 15.80     -0.00947
 15.82     -0.00925
 15.84     -0.01062
 15.86     -0.01037
 15.88     -0.01091
 15.90     -0.01162
 15.92     -0.01361
 15.94     -0.01318
 15.96     -0.01371
 15.98     -0.01256
 16.00     -0.01315
 16.02     -0.01215
 16.04     -0.01105
 16.06     -0.01052
 16.08     -0.01019
 16.10     -0.00930
 16.12     -0.00931
 16.14     -0.00973
 16.16     -0.00892
 16.18     -0.00944
 16.20     -0.00724
 16.22     -0.00701
 16.24     -0.00649
 16.26     -0.00573
 16.28     -0.00368
 16.30     -0.00393
 16.32     -0.00119
 16.34     -0.00016
 16.36      0.00038
 16.38      0.00165
 16.40      0.00302
 16.42      0.00248
 16.44      0.00278
 16.46      0.00327
 16.48      0.00345
 16.50      0.00390
 16.52      0.00504
 16.54      0.00636
 16.56      0.00688
 16.58      0.00722
 16.60      0.00723
 16.62      0.00708
 16.64      0.00744
 16.66      0.00715
 16.68      0.00653
 16.70      0.00619
 16.72      0.00735
 16.74      0.00710
 16.76      0.00715
 16.78      0.00758
 16.80      0.00775
 16.82      0.00694
 16.84      0.00576
 16.86      0.00578
 16.88      0.00556
 16.90      0.00516
 16.92      0.00513
 16.94      0.00497
 16.96      0.00439
 16.98      0.00429
 17.00      0.00179
 17.02     -0.00032
 17.04     -0.00059
 17.06      0.00035
 17.08     -0.00058
 17.10      0.00091
 17.12      0.00099
 17.14      0.00098
 17.16      0.00085
 17.18      0.00109
 17.20      0.00133
 17.22      0.00184
 17.24      0.00075
 17.26      0.00047
 17.28     -0.00023
 17.30      0.00012
 17.32      0.00029
 17.34      0.00167
 17.36      0.00093
 17.38      0.00217
 17.40      0.00267
 17.42      0.00266
 17.44      0.00286
 17.46      0.00246
 17.48      0.00136
 17.50      0.00057
 17.52      0.00158
 17.54      0.00185
 17.56      0.00248
 17.58      0.00275
 17.60      0.00312
 17.62      0.00112
 17.64      0.00134
 17.66      0.00113
 17.68      0.00097
 17.70      0.00061
 17.72      0.00127
 17.74      0.00016
 17.76     -0.00104
 17.78     -0.00163
 17.80     -0.00305
 17.82     -0.00329
 17.84     -0.00306
 17.86     -0.00326
 17.88     -0.00286
 17.90     -0.00148
 17.92     -0.00275
 17.94     -0.00408
 17.96     -0.00267
 17.98     -0.00215
 18.00     -0.00386
 18.02     -0.00463
 18.04     -0.00425
 18.06     -0.00473
 18.08     -0.00595
 18.10     -0.00524
 18.12     -0.00345
 18.14     -0.00388
 18.16     -0.00524
 18.18     -0.00477
 18.20     -0.00375
 18.22     -0.00276
 18.24     -0.00295
 18.26     -0.00268
 18.28     -0.00204
 18.30     -0.00236
 18.32     -0.00393
 18.34     -0.00294
 18.36     -0.00231
 18.38     -0.00266
 18.40     -0.00398
 18.42     -0.00284
 18.44     -0.00275
 18.46     -0.00170
 18.48     -0.00154
 18.50     -0.00033
 18.52     -0.00010
 18.54     -0.00059
 18.56     -0.00080
 18.58     -0.00009
 18.60      0.00014
 18.62     -0.00119
 18.64      0.00042
 18.66      0.00148
 18.68      0.00115
 18.70      0.00155
 18.72      0.00394
 18.74      0.00429
 18.76      0.00423
 18.78      0.00469
 18.80      0.00446
 18.82      0.00333
 18.84      0.00177
 18.86      0.00136
 18.88      0.00124
 18.90      0.00146
 18.92      0.00179
 18.94      0.00345
 18.96      0.00396
 18.98      0.00418
 19.00      0.00452
 19.02      0.00490
 19.04      0.00366
 19.06      0.00286
 19.08      0.00372
 19.10      0.00359
 19.12      0.00387
 19.14      0.00512
 19.16      0.00479
 19.18      0.00381
 19.20      0.00415
 19.22      0.00283
 19.24      0.00207
 19.26      0.00177
 19.28      0.00173
 19.30      0.00124
 19.32      0.00176
 19.34      0.00106
 19.36      0.00089
 19.38      0.00070
 19.40      0.00064
 19.42      0.00032
 19.44     -0.00028
 19.46      0.00034
 19.48      0.00042
 19.50     -0.00044
 19.52     -0.00095
 19.54      0.00120
 19.56      0.00145
 19.58     -0.00006
 19.60      0.00053
 19.62     -0.00063
 19.64     -0.00156
 19.66     -0.00155
 19.68     -0.00047
 19.70     -0.00118
 19.72      0.00013
 19.74     -0.00025
 19.76     -0.00058
 19.78      0.00011
 19.80     -0.00016
 19.82     -0.00037
 19.84     -0.00002
 19.86      0.00022
 19.88     -0.00114
 19.90     -0.00065
 19.92      0.00018
 19.94     -0.00188
 19.96     -0.00258
 19.98     -0.00198
 20.00     -0.00155
 20.02     -0.00309
 20.04     -0.00177
 20.06     -0.00099
 20.08     -0.00186
 20.10     -0.00367
 20.12     -0.00232
 20.14     -0.00263
 20.16     -0.00361
 20.18     -0.00339
 20.20     -0.00214
 20.22     -0.00255
 20.24     -0.00210
 20.26     -0.00248
 20.28     -0.00195
 20.30     -0.00110
 20.32     -0.00171
 20.34     -0.00162
 20.36     -0.00194
 20.38     -0.00192
 20.40     -0.00233
 20.42     -0.00221
 20.44     -0.00164
 20.46     -0.00051
 20.48     -0.00019
 20.50     -0.00021
 20.52      0.00074
 20.54      0.00035
 20.56      0.00083
 20.58      0.00210
 20.60      0.00234
 20.62      0.00307
 20.64      0.00331
 20.66      0.00294
 20.68      0.00294
 20.70      0.00299
 20.72      0.00240
 20.74      0.00246
 20.76      0.00284
 20.78      0.00208
 20.80      0.00208
 20.82      0.00181
 20.84      0.00166
 20.86      0.00208
 20.88      0.00223
 20.90      0.00112
 20.92      0.00091
 20.94      0.00047
 20.96     -0.00045
 20.98     -0.00139
 21.00      0.00040
 21.02      0.00054
 21.04      0.00086
 21.06      0.00021
 21.08      0.00165
 21.10      0.00061
 21.12      0.00033
 21.14      0.00026
 21.16      0.00082
 21.18     -0.00041
 21.20     -0.00007
 21.22      0.00009
 21.24     -0.00077
 21.26     -0.00120
 21.28     -0.00223
 21.30     -0.00280
 21.32     -0.00317
 21.34     -0.00307
 21.36     -0.00262
 21.38     -0.00204
 21.40     -0.00242
 21.42     -0.00218
 21.44     -0.00179
 21.46     -0.00160
 21.48     -0.00095
 21.50      0.00017
 21.52      0.00075
 21.54      0.00024
 21.56      0.00048
 21.58      0.00085
 21.60      0.00123
 21.62      0.00193
 21.64      0.00280
 21.66      0.00209
 21.68      0.00173
 21.70      0.00134
 21.72      0.00111
 21.74      0.00122
 21.76      0.00267
 21.78      0.00316
 21.80      0.00362
 21.82      0.00358
 21.84      0.00503
 21.86      0.00477
 21.88      0.00489
 21.90      0.00413
 21.92      0.00349
 21.94      0.00273
 21.96      0.00199
 21.98      0.00102
 22.00      0.00158
 22.02      0.00128
 22.04      0.00086
 22.06      0.00041
 22.08      0.00088
 22.10     -0.00056
 22.12     -0.00077
 22.14     -0.00147
 22.16     -0.00088
 22.18     -0.00168
 22.20     -0.00108
 22.22     -0.00135
 22.24     -0.00230
 22.26     -0.00347
 22.28     -0.00227
 22.30     -0.00243
 22.32     -0.00339
 22.34     -0.00338
 22.36     -0.00283
 22.38     -0.00370
 22.40     -0.00331
 22.42     -0.00184
 22.44     -0.00070
 22.46     -0.00056
 22.48     -0.00132
 22.50     -0.00169
 22.52     -0.00284
 22.54     -0.00340
 22.56     -0.00330
 22.58     -0.00311
 22.60     -0.00405
 22.62     -0.00269
 22.64     -0.00218
 22.66     -0.00233
 22.68     -0.00078
 22.70      0.00103
 22.72      0.00128
 22.74      0.00199
 22.76      0.00178
 22.78      0.00113
 22.80      0.00052
 22.82      0.00001
 22.84     -0.00044
 22.86      0.00044
 22.88      0.00030
 22.90     -0.00028
 22.92      0.00101
 22.94      0.00100
 22.96      0.00098
 22.98      0.00181
 23.00      0.00293
 23.02      0.00195
 23.04      0.00153
 23.06      0.00145
 23.08      0.00047
 23.10      0.00006
 23.12      0.00067
 23.14      0.00123
 23.16      0.00197
 23.18      0.00251
 23.20      0.00180
 23.22      0.00136
 23.24      0.00142
 23.26      0.00140
 23.28      0.00153
 23.30      0.00223
 23.32      0.00258
 23.34      0.00297
 23.36      0.00275
 23.38      0.00275
 23.40      0.00198
 23.42      0.00176
 23.44      0.00156
 23.46      0.00076
 23.48      0.00057
 23.50      0.00081
 23.52      0.00105
 23.54      0.00121
 23.56      0.00082
 23.58     -0.00047
 23.60     -0.00026
 23.62     -0.00168
 23.64     -0.00246
 23.66     -0.00215
 23.68     -0.00126
 23.70     -0.00106
 23.72     -0.00076
 23.74     -0.00051
 23.76     -0.00006
 23.78     -0.00022
 23.80     -0.00115
 23.82     -0.00102
 23.84     -0.00213
 23.86     -0.00254
 23.88     -0.00274
 23.90     -0.00182
 23.92     -0.00099
 23.94      0.00030
 23.96      0.00057
 23.98      0.00105
 24.00      0.00094
 24.02      0.00016
 24.04     -0.00055
 24.06     -0.00091
 24.08     -0.00035
 24.10     -0.00064
 24.12     -0.00012
 24.14      0.00110
 24.16      0.00309
 24.18      0.00221
 24.20      0.00224
 24.22      0.00232
 24.24      0.00176
 24.26     -0.00027
 24.28      0.00040
 24.30      0.00074
 24.32      0.00094
 24.34      0.00019
 24.36      0.00036
 24.38     -0.00087
 24.40     -0.00107
 24.42     -0.00131
 24.44     -0.00065
 24.46     -0.00122
 24.48     -0.00012
 24.50     -0.00015
 24.52     -0.00076
 24.54     -0.00124
 24.56     -0.00110
 24.58     -0.00173
 24.60     -0.00163
 24.62     -0.00219
 24.64     -0.00292
 24.66     -0.00282
 24.68     -0.00331
 24.70     -0.00302
 24.72     -0.00171
 24.74      0.00014
 24.76      0.00044
 24.78      0.00105
 24.80      0.00051
 24.82     -0.00005
 24.84     -0.00103
 24.86     -0.00024
 24.88      0.00030
 24.90      0.00116
 24.92      0.00146
 24.94      0.00135
 24.96      0.00039
 24.98      0.00009
 25.00     -0.00026
 25.02     -0.00021
 25.04     -0.00023
 25.06      0.00034
 25.08      0.00023
 25.10      0.00009
 25.12     -0.00042
 25.14     -0.00028
 25.16     -0.00043
 25.18     -0.00027
 25.20     -0.00006
 25.22     -0.00007
 25.24      0.00035
 25.26      0.00125
 25.28      0.00024
 25.30      0.00031
 25.32      0.00121
 25.34      0.00088
 25.36     -0.00082
 25.38     -0.00009
 25.40     -0.00017
 25.42     -0.00054
 25.44     -0.00082
 25.46      0.00024
 25.48      0.00007
 25.50      0.00016
 25.52     -0.00005
 25.54     -0.00012
 25.56      0.00045
 25.58      0.00121
 25.60      0.00058
 25.62      0.00033
 25.64      0.00091
 25.66      0.00043
 25.68      0.00033
 25.70      0.00117
 25.72      0.00196
 25.74      0.00261
 25.76      0.00266
 25.78      0.00260
 25.80      0.00281
 25.82      0.00252
 25.84      0.00153
 25.86      0.00153
 25.88      0.00084
 25.90      0.00049
 25.92      0.00084
 25.94      0.00167
 25.96      0.00192
 25.98      0.00201
 26.00      0.00138
 26.02      0.00118
 26.04      0.00021
 26.06     -0.00040
 26.08     -0.00044
 26.10     -0.00067
 26.12     -0.00014
 26.14      0.00035
 26.16      0.00048
 26.18      0.00094
 26.20      0.00111
 26.22      0.00062
 26.24      0.00021
 26.26      0.00046
 26.28      0.00033
 26.30      0.00101
 26.32      0.00028
 26.34      0.00078
 26.36      0.00019
 26.38     -0.00039
 26.40     -0.00097
 26.42     -0.00087
 26.44     -0.00183
 26.46     -0.00204
 26.48     -0.00190
 26.50     -0.00178
 26.52     -0.00175
 26.54     -0.00151
 26.56     -0.00086
 26.58     -0.00128
 26.60     -0.00130
 26.62     -0.00211
 26.64     -0.00263
 26.66     -0.00265
 26.68     -0.00141
 26.70     -0.00180
 26.72     -0.00085
 26.74     -0.00117
 26.76     -0.00196
 26.78     -0.00182
 26.80     -0.00198
 26.82     -0.00231
 26.84     -0.00069
 26.86      0.00018
 26.88     -0.00032
 26.90      0.00037
 26.92      0.00080
 26.94      0.00112
 26.96      0.00074
 26.98      0.00105
 27.00      0.00045
 27.02      0.00144
 27.04      0.00063
 27.06      0.00057
 27.08      0.00013
 27.10      0.00065
 27.12     -0.00036
 27.14     -0.00035
 27.16     -0.00051
 27.18     -0.00009
 27.20      0.00005
 27.22      0.00055
 27.24      0.00052
 27.26      0.00118
 27.28      0.00134
 27.30      0.00232
 27.32      0.00169
 27.34      0.00143
 27.36      0.00104
 27.38      0.00051
 27.40     -0.00015
 27.42      0.00063
 27.44      0.00102
 27.46      0.00082
 27.48      0.00093
 27.50      0.00120
 27.52      0.00167
 27.54      0.00141
 27.56      0.00164
 27.58      0.00141
 27.60      0.00046
 27.62     -0.00000
 27.64      0.00050
 27.66      0.00052
 27.68      0.00070
 27.70      0.00147
 27.72      0.00115
 27.74      0.00135
 27.76      0.00123
 27.78      0.00187
 27.80      0.00175
 27.82      0.00144
 27.84      0.00118
 27.86      0.00173
 27.88      0.00109
 27.90      0.00075
 27.92      0.00054
 27.94     -0.00018
 27.96     -0.00074
 27.98     -0.00123
 28.00     -0.00069
 28.02     -0.00028
 28.04      0.00060
 28.06      0.00101
 28.08      0.00175
 28.10      0.00130
 28.12      0.00104
 28.14      0.00006
 28.16      0.00008
 28.18     -0.00034
 28.20     -0.00028
 28.22     -0.00044
 28.24      0.00030
 28.26      0.00036
 28.28      0.00057
 28.30      0.00069
 28.32      0.00021
 28.34     -0.00025
 28.36     -0.00003
 28.38     -0.00013
 28.40     -0.00055
 28.42     -0.00047
 28.44      0.00007
 28.46     -0.00125
 28.48     -0.00142
 28.50     -0.00093
 28.52     -0.00073
 28.54     -0.00121
 28.56     -0.00032
 28.58     -0.00047
 28.60     -0.00040
 28.62     -0.00050
 28.64     -0.00093
 28.66     -0.00143
 28.68     -0.00162
 28.70     -0.00241
 28.72     -0.00215
 28.74     -0.00175
 28.76     -0.00166
 28.78     -0.00110
 28.80     -0.00083
 28.82     -0.00052
 28.84     -0.00038
 28.86     -0.00027
 28.88     -0.00049
 28.90     -0.00042
 28.92     -0.00081
 28.94     -0.00128
 28.96     -0.00144
 28.98     -0.00091
 29.00     -0.00108
 29.02     -0.00084
 29.04     -0.00037
 29.06     -0.00058
 29.08     -0.00115
 29.10     -0.00091
 29.12     -0.00121
 29.14     -0.00093
 29.16     -0.00049
 29.18     -0.00009
 29.20     -0.00024
 29.22     -0.00014
 29.24     -0.00052
 29.26     -0.00056
 29.28     -0.00081
 29.30     -0.00057
 29.32     -0.00044
 29.34     -0.00062
 29.36     -0.00061
 29.38     -0.00058
 29.40     -0.00071
 29.42     -0.00054
 29.44     -0.00024
 29.46     -0.00023
 29.48     -0.00031
 29.50     -0.00055
 29.52     -0.00085
 29.54     -0.00104
 29.56     -0.00101
 29.58     -0.00106
 29.60     -0.00061
 29.62     -0.00044
 29.64     -0.00035
 29.66     -0.00052
 29.68     -0.00037
 29.70     -0.00067
 29.72     -0.00090
 29.74     -0.00073
 29.76     -0.00082
 29.78     -0.00100
 29.80     -0.00134
 29.82     -0.00104
 29.84     -0.00151
 29.86     -0.00158
 29.88     -0.00145
 29.90     -0.00096
 29.92     -0.00133
 29.94     -0.00084
 29.96     -0.00058
 29.98     -0.00081
 30.00     -0.00066
 30.02     -0.00054
 30.04     -0.00080
 30.06     -0.00093
 30.08     -0.00078
 30.10     -0.00124
 30.12     -0.00129
 30.14     -0.00115
 30.16     -0.00087
 30.18     -0.00103
 30.20     -0.00102
 30.22     -0.00094
 30.24     -0.00096
 30.26     -0.00126
 30.28     -0.00110
 30.30     -0.00110
 30.32     -0.00119
 30.34     -0.00135
 30.36     -0.00141
 30.38     -0.00142
 30.40     -0.00134
 30.42     -0.00130
 30.44     -0.00130
 30.46     -0.00131
 30.48     -0.00133
 30.50     -0.00112
 30.52     -0.00132
 30.54     -0.00139
 30.56     -0.00140
 30.58     -0.00137
 30.60     -0.00144
 30.62     -0.00124
 30.64     -0.00115
 30.66     -0.00117
 30.68     -0.00116
 30.70     -0.00126
 30.72     -0.00120
 30.74     -0.00109
 30.76     -0.00090
 30.78     -0.00090
 30.80     -0.00082
 30.82     -0.00057
 30.84     -0.00049
 30.86     -0.00044
 30.88     -0.00018
 30.90     -0.00021
 30.92     -0.00048
 30.94     -0.00035
 30.96     -0.00049
 30.98     -0.00073
 31.00     -0.00077
 31.02     -0.00075
 31.04     -0.00091
 31.06     -0.00087
 31.08     -0.00088
 31.10     -0.00078
 31.12     -0.00082
 31.14     -0.00086
 31.16     -0.00085
 31.18     -0.00086
 31.20     -0.00090
 31.22     -0.00084
 31.24     -0.00082
 31.26     -0.00079
 31.28     -0.00073
 31.30     -0.00069
 31.32     -0.00066
 31.34     -0.00065
 31.36     -0.00073
 31.38     -0.00077
 31.40     -0.00077
 31.42     -0.00071
 31.44     -0.00068
 31.46     -0.00063
 31.48     -0.00060
 31.50     -0.00060
 31.52     -0.00060
 31.54     -0.00058
 31.56     -0.00055
 31.58     -0.00055
 31.60     -0.00048
 31.62     -0.00045
 31.64     -0.00046
 31.66     -0.00049
 31.68     -0.00044
 31.70     -0.00050
 31.72     -0.00048
 31.74     -0.00046
 31.76     -0.00044
 31.78     -0.00037
 31.80     -0.00033
 31.82     -0.00036
 31.84     -0.00029
 31.86     -0.00025
 31.88     -0.00031
 31.90     -0.00032
 31.92     -0.00031
 31.94     -0.00035
 31.96     -0.00033
 31.98     -0.00032
 32.00     -0.00031
 32.02     -0.00027
 32.04     -0.00025
 32.06     -0.00027
 32.08     -0.00021
 32.10     -0.00017
 32.12     -0.00018
 32.14     -0.00017
 32.16     -0.00016
 32.18     -0.00018
 32.20     -0.00020
 32.22     -0.00019
 32.24     -0.00018
 32.26     -0.00017
 32.28     -0.00019
 32.30     -0.00018
 32.32     -0.00015
 32.34     -0.00014
 32.36     -0.00013
 32.38     -0.00013
 32.40     -0.00009
 32.42     -0.00011
 32.44     -0.00011
 32.46     -0.00010
 32.48     -0.00010
 32.50     -0.00012
 32.52     -0.00011
 32.54     -0.00008
 32.56     -0.00008
 32.58     -0.00007
 32.60     -0.00007
 32.62     -0.00004
 32.64     -0.00006
 32.66     -0.00005
 32.68     -0.00005
 32.70     -0.00005
 32.72     -0.00007
 32.74     -0.00006
 32.76     -0.00006
 32.78     -0.00006
 32.80     -0.00005
 32.82     -0.00005
 32.84     -0.00005
 32.86     -0.00005
 32.88     -0.00004
 32.90     -0.00004
 32.92     -0.00004
 32.94     -0.00004
 32.96     -0.00003
 32.98     -0.00003
 33.00     -0.00003
 33.02     -0.00003
 33.04     -0.00003
 33.06     -0.00003
 33.08     -0.00002
 33.10     -0.00002
 33.12     -0.00002
 33.14     -0.00002
 33.16     -0.00002
 33.18     -0.00002
 33.20     -0.00002
 33.22     -0.00002
 33.24     -0.00002
 33.26     -0.00002
 33.28     -0.00001
 33.30     -0.00001
 33.32     -0.00001
 33.34     -0.00001
 33.36     -0.00001
 33.38     -0.00001
 33.40     -0.00001
 33.42     -0.00001
 33.44     -0.00001
 33.46     -0.00001
 33.48     -0.00001
 33.50     -0.00001
 33.52     -0.00001
 33.54     -0.00001
 33.56     -0.00001
 33.58     -0.00001
 33.60     -0.00001
 33.62     -0.00001
 33.64     -0.00001
 33.66     -0.00001
 33.68     -0.00000
 33.70     -0.00000
 33.72     -0.00000
 33.74     -0.00000
 33.76     -0.00000
 33.78     -0.00000
 33.80     -0.00000
 33.82     -0.00000
 33.84     -0.00000
 33.86     -0.00000
 33.88     -0.00000
 33.90     -0.00000
 33.92     -0.00000
 33.94     -0.00000
 33.96     -0.00000
 33.98     -0.00000
 34.00     -0.00000
