 #r(A)        h(r)         Base         G(r)
  0.02      0.00000      0.00000     -0.00000
  0.04      0.00000      0.00000     -0.00000
  0.06      0.00000      0.00000     -0.00000
  0.08      0.00000      0.00000     -0.00000
  0.10      0.00000      0.00000     -0.00000
  0.12      0.00000      0.00000     -0.00000
  0.14      0.00000      0.00000     -0.00000
  0.16      0.00000      0.00000     -0.00000
  0.18      0.00000      0.00000     -0.00000
  0.20      0.00000      0.00000     -0.00000
  0.22      0.00000      0.00000     -0.00000
  0.24      0.00000      0.00001     -0.00001
  0.26      0.00000      0.00001     -0.00001
  0.28      0.00000      0.00001     -0.00001
  0.30      0.00000      0.00002     -0.00002
  0.32      0.00000      0.00003     -0.00003
  0.34      0.00000      0.00004     -0.00004
  0.36      0.00000      0.00005     -0.00005
  0.38      0.00000      0.00007     -0.00007
  0.40      0.00000      0.00008     -0.00008
  0.42      0.00000      0.00010     -0.00010
  0.44      0.00000      0.00012     -0.00012
  0.46      0.00000      0.00014     -0.00014
  0.48      0.00000      0.00017     -0.00017
  0.50      0.00000      0.00020     -0.00020
  0.52      0.00000      0.00023     -0.00023
  0.54      0.00000      0.00026     -0.00026
  0.56      0.00000      0.00030     -0.00030
  0.58      0.00000      0.00034     -0.00034
  0.60      0.00000      0.00040     -0.00040
  0.62      0.00000      0.00047     -0.00047
  0.64      0.00000      0.00055     -0.00055
  0.66      0.00000      0.00067     -0.00067
  0.68      0.00000      0.00082     -0.00082
  0.70      0.00000      0.00103     -0.00103
  0.72      0.00000      0.00129     -0.00129
  0.74      0.00000      0.00161     -0.00161
  0.76      0.00000      0.00199     -0.00199
  0.78      0.00000      0.00242     -0.00242
  0.80      0.00000      0.00289     -0.00289
  0.82      0.00000      0.00340     -0.00340
  0.84      0.00000      0.00393     -0.00393
  0.86      0.00000      0.00448     -0.00448
  0.88      0.00000      0.00504     -0.00504
  0.90      0.00000      0.00561     -0.00561
  0.92      0.00000      0.00618     -0.00618
  0.94      0.00000      0.00675     -0.00675
  0.96      0.00000      0.00733     -0.00733
  0.98      0.00000      0.00791     -0.00791
  1.00      0.00000      0.00850     -0.00850
  1.02      0.00000      0.00908     -0.00908
  1.04      0.00000      0.00966     -0.00966
  1.06      0.00000      0.01025     -0.01025
  1.08      0.00000      0.01083     -0.01083
  1.10      0.00000      0.01142     -0.01142
  1.12      0.00000      0.01200     -0.01200
  1.14      0.00000      0.01259     -0.01259
  1.16      0.00000      0.01318     -0.01318
  1.18      0.00000      0.01376     -0.01376
  1.20      0.00000      0.01435     -0.01435
  1.22      0.00000      0.01494     -0.01494
  1.24      0.00000      0.01553     -0.01553
  1.26      0.00000      0.01612     -0.01612
  1.28      0.00000      0.01671     -0.01671
  1.30      0.00000      0.01730     -0.01730
  1.32      0.00000      0.01789     -0.01789
  1.34      0.00000      0.01848     -0.01848
  1.36      0.00000      0.01907     -0.01907
  1.38      0.00000      0.01966     -0.01966
  1.40      0.00000      0.02025     -0.02025
  1.42      0.00000      0.02084     -0.02084
  1.44      0.00000      0.02144     -0.02144
  1.46      0.00000      0.02203     -0.02203
  1.48      0.00000      0.02262     -0.02262
  1.50      0.00000      0.02322     -0.02322
  1.52      0.00000      0.02381     -0.02381
  1.54      0.00000      0.02441     -0.02441
  1.56      0.00000      0.02500     -0.02500
  1.58      0.00000      0.02560     -0.02560
  1.60      0.00000      0.02620     -0.02620
  1.62      0.00000      0.02680     -0.02680
  1.64      0.00000      0.02740     -0.02740
  1.66      0.00000      0.02800     -0.02800
  1.68      0.00000      0.02860     -0.02860
  1.70      0.00000      0.02921     -0.02921
  1.72      0.00000      0.02982     -0.02982
  1.74      0.00000      0.03043     -0.03043
  1.76      0.00000      0.03105     -0.03105
  1.78      0.00000      0.03167     -0.03167
  1.80      0.00000      0.03231     -0.03231
  1.82      0.00000      0.03295     -0.03295
  1.84      0.00000      0.03361     -0.03361
  1.86      0.00000      0.03429     -0.03429
  1.88      0.00000      0.03498     -0.03498
  1.90      0.00000      0.03569     -0.03569
  1.92      0.00000      0.03641     -0.03641
  1.94      0.00000      0.03715     -0.03715
  1.96      0.00000      0.03789     -0.03789
  1.98      0.00000      0.03865     -0.03849
  2.00      0.00000      0.03941     -0.03925
  2.02      0.00081      0.04019     -0.04002
  2.04      0.00000      0.04096     -0.04080
  2.06      0.00000      0.04174     -0.04152
  2.08      0.00000      0.04252     -0.04246
  2.10      0.00028      0.04330     -0.04325
  2.12      0.00000      0.04409     -0.04392
  2.14      0.00000      0.04488     -0.04439
  2.16      0.00055      0.04567     -0.04464
  2.18      0.00163      0.04646     -0.04411
  2.20      0.00295      0.04725     -0.04251
  2.22      0.00660      0.04805     -0.04155
  2.24      0.01198      0.04884     -0.03939
  2.26      0.00931      0.04963     -0.03773
  2.28      0.01643      0.05042     -0.03654
  2.30      0.01521      0.05122     -0.03502
  2.32      0.01650      0.05200     -0.03293
  2.34      0.02350      0.05279     -0.03334
  2.36      0.02372      0.05357     -0.03280
  2.38      0.01830      0.05435     -0.03186
  2.40      0.02184      0.05513     -0.03395
  2.42      0.02512      0.05591     -0.03544
  2.44      0.01694      0.05668     -0.03478
  2.46      0.02014      0.05746     -0.03499
  2.48      0.02548      0.05823     -0.03596
  2.50      0.02466      0.05900     -0.03383
  2.52      0.02411      0.05977     -0.02849
  2.54      0.03146      0.06053     -0.01848
  2.56      0.05067      0.06130     -0.00923
  2.58      0.07938      0.06206      0.01439
  2.60      0.07475      0.06282      0.04690
  2.62      0.14601      0.06357      0.09654
  2.64      0.19781      0.06432      0.16043
  2.66      0.30263      0.06504      0.24371
  2.68      0.40251      0.06574      0.33264
  2.70      0.49480      0.06639      0.40772
  2.72      0.59413      0.06699      0.46716
  2.74      0.57650      0.06752      0.49480
  2.76      0.60281      0.06798      0.47919
  2.78      0.54334      0.06837      0.42976
  2.80      0.41908      0.06871      0.36039
  2.82      0.34896      0.06901      0.27701
  2.84      0.23132      0.06927      0.19313
  2.86      0.18740      0.06952      0.12443
  2.88      0.12526      0.06975      0.06339
  2.90      0.07678      0.06998      0.02427
  2.92      0.04494      0.07020     -0.00719
  2.94      0.03687      0.07042     -0.02871
  2.96      0.03119      0.07065     -0.04241
  2.98      0.01881      0.07087     -0.04931
  3.00      0.00936      0.07109     -0.05517
  3.02      0.01156      0.07132     -0.06023
  3.04      0.00869      0.07154     -0.06257
  3.06      0.00702      0.07177     -0.06351
  3.08      0.00824      0.07199     -0.06562
  3.10      0.00575      0.07222     -0.06691
  3.12      0.00216      0.07244     -0.06774
  3.14      0.00335      0.07267     -0.06808
  3.16      0.00403      0.07290     -0.06823
  3.18      0.00765      0.07313     -0.06824
  3.20      0.00620      0.07336     -0.06753
  3.22      0.00326      0.07359     -0.06827
  3.24      0.00801      0.07383     -0.06962
  3.26      0.00152      0.07406     -0.07075
  3.28      0.00205      0.07429     -0.07047
  3.30      0.00168      0.07453     -0.07155
  3.32      0.00583      0.07477     -0.07159
  3.34      0.00382      0.07501     -0.07103
  3.36      0.00250      0.07526     -0.07054
  3.38      0.00608      0.07551     -0.07118
  3.40      0.00538      0.07577     -0.07149
  3.42      0.00391      0.07605     -0.07111
  3.44      0.00354      0.07633     -0.07143
  3.46      0.00577      0.07663     -0.07192
  3.48      0.00591      0.07696     -0.07203
  3.50      0.00446      0.07730     -0.07194
  3.52      0.00497      0.07766     -0.07147
  3.54      0.00567      0.07803     -0.07148
  3.56      0.00992      0.07843     -0.07088
  3.58      0.00775      0.07883     -0.06968
  3.60      0.00944      0.07925     -0.06851
  3.62      0.01299      0.07968     -0.06763
  3.64      0.01363      0.08011     -0.06673
  3.66      0.01646      0.08055     -0.06591
  3.68      0.01440      0.08099     -0.06395
  3.70      0.01571      0.08142     -0.05837
  3.72      0.02498      0.08186     -0.04903
  3.74      0.04373      0.08230     -0.03453
  3.76      0.06533      0.08273     -0.02025
  3.78      0.08909      0.08314     -0.00429
  3.80      0.08925      0.08354      0.01498
  3.82      0.10687      0.08393      0.03396
  3.84      0.14209      0.08430      0.04547
  3.86      0.16215      0.08464      0.06146
  3.88      0.14847      0.08495      0.07010
  3.90      0.17089      0.08523      0.07078
  3.92      0.15165      0.08549      0.05910
  3.94      0.14693      0.08572      0.04813
  3.96      0.10499      0.08592      0.03256
  3.98      0.09477      0.08611      0.01214
  4.00      0.09408      0.08629     -0.00774
  4.02      0.05051      0.08647     -0.02202
  4.04      0.04842      0.08664     -0.03467
  4.06      0.03444      0.08682     -0.04814
  4.08      0.03239      0.08702     -0.05360
  4.10      0.02768      0.08724     -0.05997
  4.12      0.02419      0.08748     -0.06393
  4.14      0.01762      0.08774     -0.06754
  4.16      0.01584      0.08804     -0.06901
  4.18      0.01568      0.08836     -0.07132
  4.20      0.02179      0.08871     -0.07279
  4.22      0.01426      0.08908     -0.07331
  4.24      0.01202      0.08947     -0.07459
  4.26      0.01508      0.08989     -0.07664
  4.28      0.01128      0.09032     -0.07748
  4.30      0.01362      0.09076     -0.07784
  4.32      0.01219      0.09120     -0.07835
  4.34      0.01241      0.09166     -0.07710
  4.36      0.01478      0.09211     -0.07695
  4.38      0.01976      0.09258     -0.07602
  4.40      0.01669      0.09304     -0.07336
  4.42      0.01913      0.09351     -0.07210
  4.44      0.02806      0.09398     -0.07048
  4.46      0.02338      0.09444     -0.06786
  4.48      0.03022      0.09491     -0.06674
  4.50      0.03213      0.09537     -0.06512
  4.52      0.02705      0.09584     -0.05958
  4.54      0.03847      0.09630     -0.05226
  4.56      0.05340      0.09676     -0.04017
  4.58      0.06913      0.09722     -0.01885
  4.60      0.09492      0.09767      0.00754
  4.62      0.13590      0.09811      0.04166
  4.64      0.17268      0.09854      0.08051
  4.66      0.22625      0.09896      0.13908
  4.68      0.26552      0.09937      0.19514
  4.70      0.38985      0.09975      0.25534
  4.72      0.41825      0.10012      0.31192
  4.74      0.47560      0.10046      0.35849
  4.76      0.51096      0.10077      0.37742
  4.78      0.50007      0.10105      0.37833
  4.80      0.48607      0.10131      0.35655
  4.82      0.42421      0.10153      0.31476
  4.84      0.36798      0.10171      0.26086
  4.86      0.30313      0.10187      0.19885
  4.88      0.23149      0.10199      0.13699
  4.90      0.17677      0.10209      0.08481
  4.92      0.11555      0.10218      0.03926
  4.94      0.10755      0.10225      0.00139
  4.96      0.07583      0.10231     -0.02747
  4.98      0.04251      0.10237     -0.04505
  5.00      0.03276      0.10242     -0.06069
  5.02      0.02795      0.10247     -0.06990
  5.04      0.02960      0.10252     -0.07477
  5.06      0.03004      0.10257     -0.07691
  5.08      0.01837      0.10262     -0.07840
  5.10      0.02233      0.10268     -0.08070
  5.12      0.02075      0.10274     -0.08339
  5.14      0.01839      0.10282     -0.08361
  5.16      0.01692      0.10290     -0.08415
  5.18      0.01763      0.10301     -0.08455
  5.20      0.02006      0.10314     -0.08322
  5.22      0.01931      0.10330     -0.08312
  5.24      0.02571      0.10350     -0.08318
  5.26      0.01820      0.10374     -0.08310
  5.28      0.01833      0.10403     -0.08109
  5.30      0.02170      0.10436     -0.07888
  5.32      0.03077      0.10474     -0.06997
  5.34      0.03844      0.10516     -0.05929
  5.36      0.06463      0.10561     -0.04708
  5.38      0.07381      0.10609     -0.03147
  5.40      0.08502      0.10657     -0.00847
  5.42      0.11119      0.10706      0.01452
  5.44      0.15587      0.10755      0.03926
  5.46      0.18203      0.10803      0.06335
  5.48      0.19995      0.10847      0.08042
  5.50      0.20787      0.10889      0.08731
  5.52      0.19875      0.10927      0.08701
  5.54      0.19241      0.10962      0.07877
  5.56      0.18245      0.10993      0.06286
  5.58      0.16048      0.11021      0.04347
  5.60      0.12989      0.11047      0.02251
  5.62      0.10319      0.11070     -0.00224
  5.64      0.08886      0.11092     -0.02725
  5.66      0.05991      0.11113     -0.04544
  5.68      0.03650      0.11133     -0.06031
  5.70      0.03998      0.11152     -0.07427
  5.72      0.02983      0.11172     -0.08249
  5.74      0.02006      0.11192     -0.08642
  5.76      0.01977      0.11212     -0.09114
  5.78      0.01786      0.11233     -0.09331
  5.80      0.01738      0.11255     -0.09390
  5.82      0.02003      0.11278     -0.09335
  5.84      0.01820      0.11302     -0.09309
  5.86      0.02367      0.11328     -0.09042
  5.88      0.02035      0.11355     -0.08829
  5.90      0.03200      0.11383     -0.08490
  5.92      0.03207      0.11413     -0.08060
  5.94      0.03656      0.11444     -0.07326
  5.96      0.04666      0.11477     -0.06268
  5.98      0.05863      0.11510     -0.04633
  6.00      0.08656      0.11544     -0.02858
  6.02      0.11548      0.11577     -0.00020
  6.04      0.12698      0.11609      0.03074
  6.06      0.19021      0.11640      0.06209
  6.08      0.21494      0.11668      0.09695
  6.10      0.24483      0.11693      0.13216
  6.12      0.29117      0.11714      0.15892
  6.14      0.30429      0.11731      0.17779
  6.16      0.32508      0.11743      0.19538
  6.18      0.31011      0.11752      0.19282
  6.20      0.33343      0.11756      0.18042
  6.22      0.27878      0.11757      0.15835
  6.24      0.24252      0.11754      0.12951
  6.26      0.21475      0.11750      0.08748
  6.28      0.16578      0.11745      0.04998
  6.30      0.12310      0.11740      0.01675
  6.32      0.09104      0.11735     -0.01419
  6.34      0.07610      0.11731     -0.03791
  6.36      0.05982      0.11728     -0.05523
  6.38      0.04694      0.11726     -0.06622
  6.40      0.03635      0.11724     -0.07578
  6.42      0.03599      0.11723     -0.08287
  6.44      0.02822      0.11723     -0.08753
  6.46      0.02429      0.11723     -0.09002
  6.48      0.02363      0.11723     -0.09261
  6.50      0.02390      0.11724     -0.09349
  6.52      0.02305      0.11725     -0.09366
  6.54      0.02389      0.11727     -0.09182
  6.56      0.02350      0.11729     -0.08713
  6.58      0.03292      0.11732     -0.08432
  6.60      0.04744      0.11736     -0.07573
  6.62      0.03726      0.11740     -0.06644
  6.64      0.06701      0.11746     -0.05568
  6.66      0.07017      0.11754     -0.04642
  6.68      0.08702      0.11763     -0.03446
  6.70      0.09410      0.11774     -0.02612
  6.72      0.09755      0.11789     -0.01849
  6.74      0.10927      0.11807     -0.01500
  6.76      0.10906      0.11828     -0.01343
  6.78      0.10537      0.11854     -0.01295
  6.80      0.10304      0.11885     -0.01889
  6.82      0.10121      0.11919     -0.02867
  6.84      0.08110      0.11958     -0.03728
  6.86      0.06190      0.12000     -0.04875
  6.88      0.06424      0.12045     -0.06011
  6.90      0.04779      0.12092     -0.06849
  6.92      0.04668      0.12142     -0.07292
  6.94      0.04153      0.12192     -0.07886
  6.96      0.04223      0.12244     -0.08113
  6.98      0.03709      0.12296     -0.08324
  7.00      0.03901      0.12349     -0.08360
  7.02      0.03873      0.12403     -0.08138
  7.04      0.04243      0.12457     -0.07702
  7.06      0.05601      0.12512     -0.06959
  7.08      0.06158      0.12567     -0.05587
  7.10      0.07889      0.12623     -0.03829
  7.12      0.11013      0.12680     -0.01501
  7.14      0.13309      0.12736      0.01736
  7.16      0.17523      0.12791      0.05708
  7.18      0.22623      0.12845      0.10484
  7.20      0.28026      0.12896      0.16066
  7.22      0.35165      0.12944      0.21619
  7.24      0.41472      0.12986      0.26981
  7.26      0.45525      0.13021      0.31636
  7.28      0.49642      0.13048      0.34955
  7.30      0.51478      0.13067      0.36122
  7.32      0.51895      0.13076      0.34957
  7.34      0.47404      0.13076      0.31993
  7.36      0.39748      0.13068      0.26938
  7.38      0.34823      0.13053      0.21254
  7.40      0.26158      0.13033      0.15542
  7.42      0.23400      0.13008      0.10304
  7.44      0.18746      0.12981      0.05432
  7.46      0.13436      0.12953      0.01777
  7.48      0.10329      0.12924     -0.01674
  7.50      0.07737      0.12897     -0.04479
  7.52      0.06001      0.12871     -0.06450
  7.54      0.04585      0.12848     -0.07802
  7.56      0.03455      0.12828     -0.08652
  7.58      0.03451      0.12811     -0.09003
  7.60      0.03390      0.12796     -0.09231
  7.62      0.04160      0.12784     -0.09148
  7.64      0.03371      0.12774     -0.09060
  7.66      0.03806      0.12765     -0.08938
  7.68      0.03843      0.12758     -0.08763
  7.70      0.03957      0.12751     -0.08260
  7.72      0.04995      0.12745     -0.07799
  7.74      0.05857      0.12740     -0.07203
  7.76      0.06078      0.12734     -0.06519
  7.78      0.06795      0.12729     -0.06194
  7.80      0.07351      0.12724     -0.06068
  7.82      0.06594      0.12720     -0.06036
  7.84      0.06466      0.12717     -0.06230
  7.86      0.06214      0.12715     -0.06786
  7.88      0.05809      0.12715     -0.07225
  7.90      0.04563      0.12717     -0.07786
  7.92      0.04397      0.12723     -0.08229
  7.94      0.03671      0.12732     -0.08699
  7.96      0.04030      0.12745     -0.08925
  7.98      0.03506      0.12761     -0.09011
  8.00      0.03499      0.12781     -0.08983
  8.02      0.04048      0.12804     -0.08839
  8.04      0.03910      0.12829     -0.08281
  8.06      0.04862      0.12857     -0.07711
  8.08      0.06425      0.12888     -0.06807
  8.10      0.06486      0.12920     -0.05564
  8.12      0.08721      0.12955     -0.03628
  8.14      0.10289      0.12991     -0.01128
  8.16      0.14716      0.13029      0.02083
  8.18      0.19107      0.13068      0.05234
  8.20      0.22727      0.13106      0.08450
  8.22      0.24668      0.13144      0.10894
  8.24      0.26563      0.13180      0.13315
  8.26      0.27125      0.13214      0.15044
  8.28      0.31393      0.13245      0.15225
  8.30      0.31543      0.13273      0.15129
  8.32      0.25725      0.13296      0.14086
  8.34      0.26224      0.13315      0.11584
  8.36      0.22025      0.13331      0.08372
  8.38      0.18978      0.13343      0.05771
  8.40      0.15563      0.13352      0.02512
  8.42      0.12777      0.13359     -0.00233
  8.44      0.09980      0.13364     -0.02649
  8.46      0.08331      0.13368     -0.04429
  8.48      0.06927      0.13371     -0.05723
  8.50      0.06679      0.13374     -0.06631
  8.52      0.06324      0.13376     -0.07097
  8.54      0.05455      0.13378     -0.06943
  8.56      0.06013      0.13380     -0.06327
  8.58      0.07704      0.13383     -0.05376
  8.60      0.09770      0.13386     -0.03951
  8.62      0.11091      0.13389     -0.02075
  8.64      0.12596      0.13392     -0.00628
  8.66      0.15409      0.13395      0.01282
  8.68      0.14953      0.13399      0.02952
  8.70      0.19336      0.13402      0.04115
  8.72      0.19462      0.13405      0.04624
  8.74      0.18426      0.13407      0.05237
  8.76      0.17969      0.13409      0.04334
  8.78      0.18031      0.13409      0.03065
  8.80      0.14824      0.13409      0.01449
  8.82      0.13122      0.13408     -0.00075
  8.84      0.10343      0.13406     -0.02226
  8.86      0.10342      0.13404     -0.03802
  8.88      0.07267      0.13402     -0.05181
  8.90      0.06938      0.13400     -0.06242
  8.92      0.06216      0.13398     -0.07245
  8.94      0.05028      0.13396     -0.07440
  8.96      0.05317      0.13393     -0.07231
  8.98      0.06281      0.13391     -0.06778
  9.00      0.07971      0.13389     -0.05891
  9.02      0.08468      0.13387     -0.04502
  9.04      0.09451      0.13384     -0.03132
  9.06      0.12251      0.13380     -0.01451
  9.08      0.13115      0.13375      0.00414
  9.10      0.16358      0.13368      0.01788
  9.12      0.17766      0.13360      0.02991
  9.14      0.16291      0.13350      0.04097
  9.16      0.18228      0.13338      0.04033
  9.18      0.18591      0.13325      0.03573
  9.20      0.15981      0.13311      0.02929
  9.22      0.15399      0.13296      0.01487
  9.24      0.12999      0.13283     -0.00419
  9.26      0.10947      0.13271     -0.01850
  9.28      0.08994      0.13263     -0.03376
  9.30      0.08764      0.13258     -0.04714
  9.32      0.07729      0.13259     -0.05709
  9.34      0.06290      0.13265     -0.06189
  9.36      0.05975      0.13278     -0.06560
  9.38      0.06623      0.13295     -0.06594
  9.40      0.06974      0.13318     -0.06180
  9.42      0.07646      0.13344     -0.05090
  9.44      0.08473      0.13374     -0.04088
  9.46      0.11558      0.13406     -0.02969
  9.48      0.11779      0.13439     -0.01257
  9.50      0.12727      0.13472      0.00456
  9.52      0.16371      0.13505      0.01665
  9.54      0.17207      0.13537      0.02604
  9.56      0.17767      0.13567      0.03211
  9.58      0.16633      0.13595      0.03028
  9.60      0.15912      0.13621      0.02500
  9.62      0.15597      0.13645      0.01470
  9.64      0.14696      0.13668      0.00393
  9.66      0.12740      0.13690     -0.00587
  9.68      0.11362      0.13711     -0.01675
  9.70      0.11124      0.13731     -0.02542
  9.72      0.10259      0.13752     -0.03067
  9.74      0.10461      0.13771     -0.02927
  9.76      0.10214      0.13791     -0.02132
  9.78      0.12165      0.13811     -0.00678
  9.80      0.15194      0.13829      0.01121
  9.82      0.17628      0.13847      0.04543
  9.84      0.19552      0.13864      0.08282
  9.86      0.27411      0.13878      0.12127
  9.88      0.30946      0.13889      0.16748
  9.90      0.34490      0.13896      0.20797
  9.92      0.40788      0.13898      0.23528
  9.94      0.39828      0.13895      0.25425
  9.96      0.41076      0.13886      0.25792
  9.98      0.40414      0.13872      0.23904
 10.00      0.36282      0.13852      0.21623
 10.02      0.31279      0.13829      0.18193
 10.04      0.28325      0.13802      0.14067
 10.06      0.23808      0.13773      0.10213
 10.08      0.19651      0.13742      0.06433
 10.10      0.16868      0.13710      0.02703
 10.12      0.12226      0.13678     -0.00540
 10.14      0.09514      0.13645     -0.03174
 10.16      0.07431      0.13614     -0.05680
 10.18      0.06320      0.13583     -0.07301
 10.20      0.04175      0.13553     -0.08529
 10.22      0.03968      0.13526     -0.09489
 10.24      0.03227      0.13502     -0.10143
 10.26      0.02498      0.13480     -0.10490
 10.28      0.02926      0.13461     -0.10834
 10.30      0.02332      0.13445     -0.10971
 10.32      0.02152      0.13433     -0.10982
 10.34      0.02461      0.13425     -0.11016
 10.36      0.02387      0.13420     -0.10883
 10.38      0.02712      0.13418     -0.10806
 10.40      0.02972      0.13418     -0.10592
 10.42      0.02524      0.13421     -0.10224
 10.44      0.03534      0.13426     -0.09832
 10.46      0.04241      0.13432     -0.09133
 10.48      0.04696      0.13439     -0.08366
 10.50      0.06499      0.13447     -0.07379
 10.52      0.06398      0.13456     -0.06179
 10.54      0.08506      0.13465     -0.04505
 10.56      0.10286      0.13474     -0.02609
 10.58      0.13108      0.13483     -0.00364
 10.60      0.16027      0.13492      0.02163
 10.62      0.17667      0.13499      0.04607
 10.64      0.21184      0.13506      0.06971
 10.66      0.22543      0.13512      0.08443
 10.68      0.24965      0.13516      0.09382
 10.70      0.23414      0.13518      0.09514
 10.72      0.22385      0.13518      0.08925
 10.74      0.21852      0.13518      0.07531
 10.76      0.19599      0.13516      0.05689
 10.78      0.17994      0.13512      0.03658
 10.80      0.14192      0.13509      0.01557
 10.82      0.12214      0.13505     -0.00529
 10.84      0.11332      0.13501     -0.02453
 10.86      0.09148      0.13497     -0.03796
 10.88      0.08354      0.13493     -0.04716
 10.90      0.07460      0.13490     -0.05666
 10.92      0.07594      0.13486     -0.06191
 10.94      0.06564      0.13483     -0.06411
 10.96      0.06504      0.13480     -0.06286
 10.98      0.07237      0.13477     -0.06176
 11.00      0.08072      0.13474     -0.05973
 11.02      0.08127      0.13471     -0.05735
 11.04      0.07567      0.13468     -0.05779
 11.06      0.07678      0.13466     -0.05772
 11.08      0.07002      0.13463     -0.05893
 11.10      0.08095      0.13462     -0.05817
 11.12      0.07507      0.13461     -0.05963
 11.14      0.07943      0.13461     -0.05989
 11.16      0.06942      0.13463     -0.06133
 11.18      0.06875      0.13466     -0.05769
 11.20      0.07379      0.13471     -0.05610
 11.22      0.09347      0.13477     -0.04688
 11.24      0.08761      0.13485     -0.03223
 11.26      0.11586      0.13494     -0.01589
 11.28      0.14237      0.13504      0.00018
 11.30      0.15594      0.13513      0.02521
 11.32      0.17433      0.13521      0.04501
 11.34      0.21318      0.13528      0.05812
 11.36      0.21531      0.13532      0.06893
 11.38      0.20823      0.13534      0.07684
 11.40      0.21022      0.13532      0.07201
 11.42      0.21392      0.13529      0.06412
 11.44      0.18899      0.13522      0.05376
 11.46      0.17565      0.13513      0.04030
 11.48      0.15609      0.13502      0.02264
 11.50      0.14247      0.13489      0.00819
 11.52      0.12508      0.13476     -0.00590
 11.54      0.11612      0.13462     -0.01503
 11.56      0.10452      0.13448     -0.02232
 11.58      0.10972      0.13434     -0.02481
 11.60      0.10532      0.13420     -0.02251
 11.62      0.11196      0.13407     -0.01721
 11.64      0.12696      0.13394     -0.01355
 11.66      0.13034      0.13381     -0.00693
 11.68      0.12738      0.13369      0.00114
 11.70      0.13781      0.13356      0.00419
 11.72      0.15165      0.13343      0.00554
 11.74      0.14158      0.13330      0.00812
 11.76      0.13646      0.13317      0.00552
 11.78      0.13960      0.13305      0.00001
 11.80      0.12420      0.13293     -0.00353
 11.82      0.12350      0.13283     -0.00645
 11.84      0.12329      0.13273     -0.00727
 11.86      0.12129      0.13264     -0.00313
 11.88      0.13502      0.13257      0.00342
 11.90      0.14445      0.13252      0.01533
 11.92      0.15590      0.13248      0.03456
 11.94      0.18260      0.13246      0.05351
 11.96      0.21724      0.13246      0.07609
 11.98      0.22968      0.13247      0.09533
 12.00      0.25732      0.13248      0.11487
 12.02      0.25212      0.13249      0.12513
 12.04      0.28040      0.13250      0.13113
 12.06      0.26859      0.13249      0.12744
 12.08      0.25970      0.13248      0.11997
 12.10      0.23885      0.13244      0.10012
 12.12      0.21466      0.13238      0.07989
 12.14      0.18096      0.13231      0.05614
 12.16      0.16722      0.13223      0.03489
 12.18      0.14059      0.13214      0.01608
 12.20      0.13220      0.13203     -0.00086
 12.22      0.12010      0.13192     -0.01460
 12.24      0.09575      0.13181     -0.02174
 12.26      0.09797      0.13169     -0.02593
 12.28      0.10431      0.13158     -0.02766
 12.30      0.11071      0.13147     -0.02345
 12.32      0.11086      0.13136     -0.02179
 12.34      0.11623      0.13125     -0.02426
 12.36      0.10576      0.13115     -0.02545
 12.38      0.09143      0.13104     -0.02859
 12.40      0.10420      0.13095     -0.03269
 12.42      0.09464      0.13085     -0.03417
 12.44      0.09523      0.13076     -0.03409
 12.46      0.09788      0.13067     -0.03605
 12.48      0.09140      0.13058     -0.03498
 12.50      0.09395      0.13049     -0.03076
 12.52      0.09953      0.13040     -0.02577
 12.54      0.11591      0.13031     -0.01519
 12.56      0.12240      0.13022     -0.00341
 12.58      0.14384      0.13013      0.00770
 12.60      0.15236      0.13003      0.02039
 12.62      0.15460      0.12992      0.03033
 12.64      0.17889      0.12982      0.03355
 12.66      0.17160      0.12971      0.03345
 12.68      0.15940      0.12959      0.03400
 12.70      0.15132      0.12948      0.02444
 12.72      0.15676      0.12937      0.01097
 12.74      0.13052      0.12926      0.00081
 12.76      0.10369      0.12916     -0.00791
 12.78      0.10808      0.12906     -0.01756
 12.80      0.10718      0.12897     -0.02699
 12.82      0.10803      0.12889     -0.03007
 12.84      0.08294      0.12880     -0.03369
 12.86      0.08786      0.12872     -0.03797
 12.88      0.08956      0.12864     -0.04055
 12.90      0.08540      0.12856     -0.03724
 12.92      0.09470      0.12847     -0.03539
 12.94      0.09905      0.12838     -0.03524
 12.96      0.09671      0.12828     -0.03239
 12.98      0.08983      0.12818     -0.03316
 13.00      0.09916      0.12806     -0.03471
 13.02      0.09032      0.12794     -0.03561
 13.04      0.09075      0.12782     -0.03579
 13.06      0.09159      0.12768     -0.03715
 13.08      0.08831      0.12754     -0.03617
 13.10      0.09171      0.12740     -0.03261
 13.12      0.09454      0.12725     -0.02783
 13.14      0.10781      0.12709     -0.01892
 13.16      0.11469      0.12692     -0.00988
 13.18      0.13208      0.12674      0.00164
 13.20      0.13609      0.12655      0.01171
 13.22      0.15121      0.12634      0.01894
 13.24      0.15725      0.12613      0.02051
 13.26      0.14980      0.12590      0.01927
 13.28      0.13885      0.12566      0.01241
 13.30      0.12873      0.12542      0.00346
 13.32      0.11571      0.12518     -0.00613
 13.34      0.11129      0.12495     -0.01449
 13.36      0.10065      0.12473     -0.02347
 13.38      0.09588      0.12452     -0.03073
 13.40      0.08275      0.12434     -0.03926
 13.42      0.07841      0.12418     -0.04680
 13.44      0.06772      0.12403     -0.05428
 13.46      0.06214      0.12391     -0.05780
 13.48      0.05775      0.12381     -0.06252
 13.50      0.06454      0.12372     -0.06354
 13.52      0.05427      0.12365     -0.06285
 13.54      0.06221      0.12359     -0.06051
 13.56      0.06523      0.12354     -0.05848
 13.58      0.06914      0.12349     -0.05240
 13.60      0.07442      0.12345     -0.04738
 13.62      0.08446      0.12341     -0.04092
 13.64      0.08710      0.12337     -0.03074
 13.66      0.09731      0.12333     -0.01969
 13.68      0.11987      0.12329     -0.00223
 13.70      0.12946      0.12324      0.01592
 13.72      0.17153      0.12320      0.03647
 13.74      0.17767      0.12314      0.05599
 13.76      0.19978      0.12307      0.07372
 13.78      0.21720      0.12299      0.08241
 13.80      0.21779      0.12289      0.08900
 13.82      0.21456      0.12278      0.09053
 13.84      0.21015      0.12265      0.08402
 13.86      0.20687      0.12251      0.07582
 13.88      0.18401      0.12236      0.06422
 13.90      0.17609      0.12220      0.05176
 13.92      0.15582      0.12204      0.03401
 13.94      0.14704      0.12187      0.02254
 13.96      0.11726      0.12171      0.01062
 13.98      0.12584      0.12155      0.00130
 14.00      0.11569      0.12140     -0.00651
 14.02      0.10842      0.12126     -0.00861
 14.04      0.10726      0.12114     -0.01218
 14.06      0.10604      0.12103     -0.01404
 14.08      0.10738      0.12094     -0.01577
 14.10      0.10586      0.12087     -0.01631
 14.12      0.09936      0.12081     -0.01638
 14.14      0.10419      0.12077     -0.01548
 14.16      0.10539      0.12074     -0.01214
 14.18      0.11166      0.12071     -0.00504
 14.20      0.12237      0.12069      0.00389
 14.22      0.13475      0.12067      0.01531
 14.24      0.14874      0.12064      0.02863
 14.26      0.16238      0.12061      0.04319
 14.28      0.17813      0.12056      0.05935
 14.30      0.19501      0.12049      0.07457
 14.32      0.21527      0.12041      0.08797
 14.34      0.22454      0.12031      0.09298
 14.36      0.22894      0.12018      0.09703
 14.38      0.20269      0.12003      0.09721
 14.40      0.21460      0.11986      0.09134
 14.42      0.21541      0.11966      0.08015
 14.44      0.19437      0.11944      0.07312
 14.46      0.17199      0.11920      0.05954
 14.48      0.16646      0.11895      0.04422
 14.50      0.14546      0.11868      0.03424
 14.52      0.13756      0.11840      0.02757
 14.54      0.14309      0.11811      0.02102
 14.56      0.13726      0.11781      0.01871
 14.58      0.13224      0.11750      0.01807
 14.60      0.13242      0.11719      0.01653
 14.62      0.13284      0.11688      0.01321
 14.64      0.13382      0.11657      0.00826
 14.66      0.11912      0.11625      0.00126
 14.68      0.10592      0.11595     -0.00622
 14.70      0.09587      0.11565     -0.01428
 14.72      0.09391      0.11536     -0.02085
 14.74      0.09201      0.11509     -0.02512
 14.76      0.08485      0.11482     -0.02900
 14.78      0.08321      0.11457     -0.03196
 14.80      0.07512      0.11432     -0.03617
 14.82      0.07783      0.11409     -0.03850
 14.84      0.06979      0.11387     -0.04035
 14.86      0.07203      0.11366     -0.04179
 14.88      0.07281      0.11346     -0.04531
 14.90      0.06687      0.11326     -0.04717
 14.92      0.05921      0.11307     -0.04959
 14.94      0.05951      0.11289     -0.05390
 14.96      0.05900      0.11272     -0.05890
 14.98      0.05038      0.11255     -0.06180
 15.00      0.04097      0.11239     -0.06552
 15.02      0.04392      0.11224     -0.07009
 15.04      0.04008      0.11210     -0.07262
 15.06      0.03543      0.11196     -0.07388
 15.08      0.03699      0.11184     -0.07424
 15.10      0.03401      0.11172     -0.07393
 15.12      0.04149      0.11161     -0.07174
 15.14      0.04103      0.11151     -0.06712
 15.16      0.04582      0.11141     -0.06038
 15.18      0.05956      0.11133     -0.05446
 15.20      0.06727      0.11125     -0.04546
 15.22      0.07065      0.11117     -0.03490
 15.24      0.08564      0.11111     -0.02327
 15.26      0.09825      0.11105     -0.01063
 15.28      0.11740      0.11099      0.00390
 15.30      0.13013      0.11093      0.01703
 15.32      0.14300      0.11087      0.02961
 15.34      0.15099      0.11079      0.03961
 15.36      0.16087      0.11071      0.04869
 15.38      0.16702      0.11061      0.05248
 15.40      0.17511      0.11049      0.05310
 15.42      0.16142      0.11035      0.05011
 15.44      0.15353      0.11020      0.04181
 15.46      0.14524      0.11003      0.03100
 15.48      0.12474      0.10984      0.01923
 15.50      0.12019      0.10964      0.00722
 15.52      0.10166      0.10943     -0.00502
 15.54      0.09247      0.10921     -0.01541
 15.56      0.08296      0.10898     -0.02526
 15.58      0.07171      0.10875     -0.03293
 15.60      0.06979      0.10851     -0.03769
 15.62      0.06216      0.10828     -0.04147
 15.64      0.06749      0.10804     -0.04146
 15.66      0.06285      0.10781     -0.04026
 15.68      0.07064      0.10758     -0.03525
 15.70      0.07459      0.10736     -0.02873
 15.72      0.08607      0.10714     -0.01951
 15.74      0.09900      0.10692     -0.01004
 15.76      0.10784      0.10671      0.00395
 15.78      0.11688      0.10650      0.01411
 15.80      0.14351      0.10629      0.02611
 15.82      0.13582      0.10609      0.03695
 15.84      0.15798      0.10589      0.04773
 15.86      0.16101      0.10569      0.05191
 15.88      0.16978      0.10548      0.05793
 15.90      0.16342      0.10527      0.05731
 15.92      0.16487      0.10506      0.05432
 15.94      0.15384      0.10484      0.04776
 15.96      0.14499      0.10461      0.03899
 15.98      0.13587      0.10438      0.03061
 16.00      0.11843      0.10415      0.02429
 16.02      0.12186      0.10391      0.01882
 16.04      0.12104      0.10368      0.01467
 16.06      0.11646      0.10344      0.01262
 16.08      0.11393      0.10320      0.00959
 16.10      0.10699      0.10296      0.00730
 16.12      0.10550      0.10272      0.00494
 16.14      0.10840      0.10248      0.00328
 16.16      0.10344      0.10224      0.00166
 16.18      0.10447      0.10200     -0.00128
 16.20      0.09769      0.10176     -0.00447
 16.22      0.08961      0.10153     -0.00620
 16.24      0.09125      0.10130     -0.00861
 16.26      0.09364      0.10107     -0.00795
 16.28      0.09125      0.10085     -0.00521
 16.30      0.09988      0.10063     -0.00243
 16.32      0.10220      0.10042     -0.00175
 16.34      0.10407      0.10022     -0.00044
 16.36      0.09598      0.10003     -0.00203
 16.38      0.09676      0.09984     -0.00471
 16.40      0.09098      0.09967     -0.00824
 16.42      0.08789      0.09951     -0.00986
 16.44      0.08554      0.09936     -0.01108
 16.46      0.08706      0.09922     -0.01162
 16.48      0.08993      0.09910     -0.01141
 16.50      0.08759      0.09898     -0.00998
 16.52      0.08830      0.09887     -0.00941
 16.54      0.09212      0.09877     -0.00899
 16.56      0.08936      0.09868     -0.00651
 16.58      0.09153      0.09859     -0.00321
 16.60      0.09956      0.09851      0.00080
 16.62      0.10433      0.09842      0.00501
 16.64      0.11174      0.09834      0.01008
 16.66      0.11003      0.09826      0.01727
 16.68      0.11646      0.09817      0.02225
 16.70      0.13510      0.09808      0.02891
 16.72      0.12879      0.09798      0.03737
 16.74      0.14460      0.09787      0.04600
 16.76      0.15180      0.09774      0.05140
 16.78      0.15902      0.09760      0.05835
 16.80      0.16149      0.09744      0.05793
 16.82      0.16282      0.09727      0.05843
 16.84      0.14172      0.09707      0.05432
 16.86      0.15343      0.09686      0.04842
 16.88      0.13748      0.09663      0.04025
 16.90      0.13094      0.09640      0.03474
 16.92      0.12086      0.09615      0.02278
 16.94      0.11299      0.09589      0.01303
 16.96      0.09235      0.09562      0.00340
 16.98      0.08743      0.09535     -0.00403
 17.00      0.08146      0.09507     -0.01204
 17.02      0.08236      0.09479     -0.01737
 17.04      0.07157      0.09451     -0.02058
 17.06      0.06430      0.09422     -0.02374
 17.08      0.06993      0.09393     -0.02589
 17.10      0.06420      0.09364     -0.02646
 17.12      0.07020      0.09334     -0.02567
 17.14      0.06725      0.09304     -0.02471
 17.16      0.06674      0.09274     -0.02346
 17.18      0.07325      0.09243     -0.02320
 17.20      0.06893      0.09212     -0.02099
 17.22      0.07000      0.09181     -0.02013
 17.24      0.07674      0.09150     -0.02074
 17.26      0.06948      0.09119     -0.01950
 17.28      0.06866      0.09088     -0.01990
 17.30      0.07359      0.09058     -0.02233
 17.32      0.06645      0.09028     -0.02333
 17.34      0.06307      0.08998     -0.02452
 17.36      0.06296      0.08970     -0.02698
 17.38      0.06127      0.08943     -0.02740
 17.40      0.05986      0.08917     -0.02803
 17.42      0.06296      0.08892     -0.03009
 17.44      0.05863      0.08868     -0.02988
 17.46      0.05141      0.08845     -0.02990
 17.48      0.06113      0.08823     -0.03196
 17.50      0.05861      0.08802     -0.03176
 17.52      0.05156      0.08782     -0.03046
 17.54      0.05861      0.08762     -0.03182
 17.56      0.05691      0.08743     -0.03150
 17.58      0.05332      0.08724     -0.02877
 17.60      0.05927      0.08706     -0.02671
 17.62      0.06426      0.08687     -0.02472
 17.64      0.06797      0.08668     -0.02003
 17.66      0.06594      0.08649     -0.01707
 17.68      0.07581      0.08630     -0.01481
 17.70      0.07311      0.08611     -0.01259
 17.72      0.07464      0.08591     -0.00971
 17.74      0.07809      0.08571     -0.00890
 17.76      0.07936      0.08551     -0.00680
 17.78      0.07883      0.08531     -0.00646
 17.80      0.08265      0.08511     -0.00625
 17.82      0.07531      0.08490     -0.00526
 17.84      0.07813      0.08471     -0.00356
 17.86      0.08329      0.08451     -0.00253
 17.88      0.08636      0.08433      0.00103
 17.90      0.08681      0.08414      0.00460
 17.92      0.09219      0.08396      0.00753
 17.94      0.09504      0.08379      0.00999
 17.96      0.09708      0.08362      0.01383
 17.98      0.09780      0.08345      0.01576
 18.00      0.10514      0.08328      0.01928
 18.02      0.10098      0.08311      0.02141
 18.04      0.11180      0.08294      0.02570
 18.06      0.10688      0.08276      0.02904
 18.08      0.11840      0.08259      0.03187
 18.10      0.12096      0.08240      0.03343
 18.12      0.11425      0.08221      0.03640
 18.14      0.11868      0.08201      0.03557
 18.16      0.12074      0.08181      0.03201
 18.18      0.11327      0.08159      0.03013
 18.20      0.10214      0.08137      0.02768
 18.22      0.10383      0.08115      0.02224
 18.24      0.10533      0.08092      0.01734
 18.26      0.09241      0.08069      0.01336
 18.28      0.08760      0.08045      0.00784
 18.30      0.08105      0.08021      0.00309
 18.32      0.07507      0.07996     -0.00061
 18.34      0.08034      0.07972     -0.00163
 18.36      0.07270      0.07948      0.00012
 18.38      0.08129      0.07924      0.00177
 18.40      0.08857      0.07900      0.00271
 18.42      0.08215      0.07876      0.00704
 18.44      0.08384      0.07851      0.01039
 18.46      0.09313      0.07827      0.01318
 18.48      0.09681      0.07802      0.01889
 18.50      0.10133      0.07777      0.02213
 18.52      0.10945      0.07752      0.02403
 18.54      0.09879      0.07726      0.02410
 18.56      0.10135      0.07699      0.02120
 18.58      0.09584      0.07672      0.01607
 18.60      0.08550      0.07645      0.01303
 18.62      0.08249      0.07617      0.00834
 18.64      0.08219      0.07590      0.00257
 18.66      0.07652      0.07562     -0.00329
 18.68      0.06565      0.07534     -0.00812
 18.70      0.05478      0.07506     -0.01264
 18.72      0.05695      0.07479     -0.01645
 18.74      0.05823      0.07453     -0.01905
 18.76      0.05611      0.07427     -0.01874
 18.78      0.05134      0.07402     -0.01793
 18.80      0.05501      0.07378     -0.01772
 18.82      0.05976      0.07355     -0.01695
 18.84      0.05804      0.07332     -0.01277
 18.86      0.05883      0.07311     -0.00844
 18.88      0.07113      0.07291     -0.00403
 18.90      0.07561      0.07271     -0.00101
 18.92      0.08077      0.07251      0.00343
 18.94      0.07218      0.07232      0.00406
 18.96      0.08006      0.07213      0.00435
 18.98      0.07329      0.07195      0.00462
 19.00      0.07611      0.07176      0.00477
 19.02      0.08116      0.07157      0.00244
 19.04      0.07198      0.07138      0.00264
 19.06      0.06751      0.07118      0.00110
 19.08      0.07330      0.07099     -0.00197
 19.10      0.06745      0.07079     -0.00312
 19.12      0.06487      0.07059     -0.00282
 19.14      0.06525      0.07039     -0.00481
 19.16      0.06802      0.07019     -0.00559
 19.18      0.06235      0.06999     -0.00588
 19.20      0.06252      0.06979     -0.00362
 19.22      0.06241      0.06958     -0.00353
 19.24      0.07555      0.06937     -0.00071
 19.26      0.06745      0.06916      0.00300
 19.28      0.07538      0.06895      0.00638
 19.30      0.08005      0.06874      0.00816
 19.32      0.07825      0.06852      0.01181
 19.34      0.08338      0.06830      0.01225
 19.36      0.08459      0.06807      0.01060
 19.38      0.07647      0.06784      0.01043
 19.40      0.07064      0.06760      0.00737
 19.42      0.07622      0.06735      0.00292
 19.44      0.06693      0.06711      0.00117
 19.46      0.06112      0.06686     -0.00140
 19.48      0.06647      0.06661     -0.00438
 19.50      0.05654      0.06635     -0.00713
 19.52      0.06008      0.06609     -0.00840
 19.54      0.05187      0.06584     -0.01108
 19.56      0.05351      0.06558     -0.01248
 19.58      0.05180      0.06532     -0.01490
 19.60      0.04824      0.06506     -0.01585
 19.62      0.04671      0.06481     -0.01628
 19.64      0.04580      0.06455     -0.01560
 19.66      0.05008      0.06429     -0.01431
 19.68      0.05390      0.06404     -0.01288
 19.70      0.05345      0.06378     -0.01148
 19.72      0.05258      0.06353     -0.01084
 19.74      0.05148      0.06327     -0.01097
 19.76      0.05201      0.06302     -0.01089
 19.78      0.05201      0.06276     -0.01090
 19.80      0.05256      0.06251     -0.01047
 19.82      0.05128      0.06226     -0.00891
 19.84      0.05233      0.06201     -0.00753
 19.86      0.05855      0.06176     -0.00617
 19.88      0.05769      0.06151     -0.00342
 19.90      0.05810      0.06126     -0.00205
 19.92      0.06376      0.06102     -0.00174
 19.94      0.05796      0.06077     -0.00201
 19.96      0.05889      0.06053     -0.00185
 19.98      0.05507      0.06028     -0.00110
 20.00      0.05767      0.06004      0.00043
 20.02      0.06632      0.05980      0.00068
 20.04      0.06441      0.05956      0.00227
 20.06      0.05892      0.05932      0.00249
 20.08      0.06182      0.05909      0.00124
 20.10      0.05760      0.05885      0.00028
 20.12      0.05887      0.05862      0.00022
 20.14      0.05843      0.05839     -0.00061
 20.16      0.05744      0.05816     -0.00093
 20.18      0.05656      0.05794     -0.00124
 20.20      0.05488      0.05772     -0.00170
 20.22      0.05619      0.05750     -0.00290
 20.24      0.05502      0.05728     -0.00240
 20.26      0.05035      0.05707     -0.00217
 20.28      0.05798      0.05686     -0.00181
 20.30      0.05496      0.05665     -0.00044
 20.32      0.05693      0.05644      0.00191
 20.34      0.06082      0.05623      0.00258
 20.36      0.06103      0.05602      0.00481
 20.38      0.06028      0.05580      0.00720
 20.40      0.06507      0.05559      0.00751
 20.42      0.06783      0.05537      0.00938
 20.44      0.06131      0.05516      0.01274
 20.46      0.06927      0.05494      0.01392
 20.48      0.07600      0.05472      0.01460
 20.50      0.06991      0.05450      0.01536
 20.52      0.07010      0.05428      0.01378
 20.54      0.06400      0.05405      0.01172
 20.56      0.06029      0.05383      0.01052
 20.58      0.06456      0.05361      0.00718
 20.60      0.06281      0.05340      0.00453
 20.62      0.05231      0.05318      0.00307
 20.64      0.04968      0.05296     -0.00053
 20.66      0.05189      0.05275     -0.00350
 20.68      0.04548      0.05254     -0.00492
 20.70      0.04690      0.05233     -0.00566
 20.72      0.04416      0.05212     -0.00639
 20.74      0.04494      0.05191     -0.00592
 20.76      0.04717      0.05171     -0.00496
 20.78      0.04680      0.05150     -0.00366
 20.80      0.05067      0.05129     -0.00148
 20.82      0.04959      0.05108     -0.00144
 20.84      0.05483      0.05087      0.00025
 20.86      0.04630      0.05066      0.00152
 20.88      0.05422      0.05044      0.00306
 20.90      0.05594      0.05023      0.00403
 20.92      0.05622      0.05001      0.00453
 20.94      0.05861      0.04979      0.00508
 20.96      0.04772      0.04957      0.00518
 20.98      0.05587      0.04936      0.00574
 21.00      0.05535      0.04914      0.00484
 21.02      0.05794      0.04892      0.00549
 21.04      0.05302      0.04870      0.00458
 21.06      0.04988      0.04848      0.00385
 21.08      0.05019      0.04826      0.00266
 21.10      0.05062      0.04803      0.00223
 21.12      0.05088      0.04781      0.00156
 21.14      0.04973      0.04759      0.00089
 21.16      0.04545      0.04737      0.00125
 21.18      0.04574      0.04714      0.00080
 21.20      0.05126      0.04692     -0.00038
 21.22      0.04751      0.04670     -0.00041
 21.24      0.04272      0.04647      0.00044
 21.26      0.04418      0.04625     -0.00110
 21.28      0.04887      0.04602     -0.00159
 21.30      0.04245      0.04580     -0.00037
 21.32      0.04394      0.04557     -0.00034
 21.34      0.04767      0.04535     -0.00119
 21.36      0.04325      0.04513     -0.00071
 21.38      0.04346      0.04491     -0.00025
 21.40      0.04378      0.04469     -0.00043
 21.42      0.04512      0.04448     -0.00015
 21.44      0.04570      0.04426     -0.00005
 21.46      0.04357      0.04404      0.00011
 21.48      0.04286      0.04383      0.00069
 21.50      0.04352      0.04361      0.00156
 21.52      0.04698      0.04340      0.00304
 21.54      0.04894      0.04318      0.00369
 21.56      0.04989      0.04297      0.00324
 21.58      0.04506      0.04275      0.00260
 21.60      0.04017      0.04253      0.00094
 21.62      0.04266      0.04231     -0.00002
 21.64      0.03956      0.04208     -0.00088
 21.66      0.04398      0.04186     -0.00091
 21.68      0.03963      0.04164     -0.00264
 21.70      0.03894      0.04141     -0.00229
 21.72      0.03289      0.04119     -0.00371
 21.74      0.04019      0.04096     -0.00463
 21.76      0.03576      0.04074     -0.00514
 21.78      0.03386      0.04051     -0.00514
 21.80      0.03530      0.04029     -0.00577
 21.82      0.03175      0.04007     -0.00517
 21.84      0.03594      0.03985     -0.00359
 21.86      0.03764      0.03962     -0.00177
 21.88      0.04065      0.03940     -0.00016
 21.90      0.04331      0.03918      0.00106
 21.92      0.03864      0.03895      0.00175
 21.94      0.04094      0.03873      0.00170
 21.96      0.03998      0.03851      0.00119
 21.98      0.03929      0.03828      0.00040
 22.00      0.03963      0.03806     -0.00153
 22.02      0.03356      0.03784     -0.00282
 22.04      0.03019      0.03761     -0.00382
 22.06      0.03238      0.03739     -0.00584
 22.08      0.03321      0.03717     -0.00688
 22.10      0.02841      0.03695     -0.00715
 22.12      0.02728      0.03674     -0.00819
 22.14      0.02776      0.03652     -0.00938
 22.16      0.02611      0.03631     -0.00940
 22.18      0.02617      0.03610     -0.00972
 22.20      0.02724      0.03589     -0.01008
 22.22      0.02464      0.03568     -0.00980
 22.24      0.02490      0.03548     -0.00933
 22.26      0.02646      0.03528     -0.00874
 22.28      0.02751      0.03508     -0.00731
 22.30      0.02917      0.03487     -0.00576
 22.32      0.03076      0.03468     -0.00481
 22.34      0.03167      0.03448     -0.00365
 22.36      0.03020      0.03428     -0.00281
 22.38      0.03233      0.03408     -0.00238
 22.40      0.03241      0.03389     -0.00199
 22.42      0.03189      0.03369     -0.00128
 22.44      0.03263      0.03350     -0.00002
 22.46      0.03280      0.03331      0.00058
 22.48      0.03767      0.03311      0.00167
 22.50      0.03442      0.03292      0.00352
 22.52      0.03642      0.03273      0.00407
 22.54      0.04091      0.03254      0.00424
 22.56      0.03462      0.03236      0.00614
 22.58      0.03757      0.03217      0.00689
 22.60      0.04297      0.03198      0.00600
 22.62      0.03924      0.03179      0.00727
 22.64      0.03550      0.03160      0.00669
 22.66      0.04003      0.03141      0.00521
 22.68      0.03370      0.03122      0.00516
 22.70      0.03463      0.03103      0.00561
 22.72      0.03806      0.03084      0.00584
 22.74      0.03681      0.03064      0.00644
 22.76      0.04018      0.03045      0.00651
 22.78      0.03574      0.03025      0.00520
 22.80      0.03402      0.03005      0.00440
 22.82      0.03050      0.02985      0.00235
 22.84      0.03184      0.02965      0.00084
 22.86      0.02891      0.02945      0.00052
 22.88      0.02718      0.02925      0.00025
 22.90      0.03141      0.02906      0.00018
 22.92      0.02818      0.02886      0.00010
 22.94      0.03050      0.02866      0.00009
 22.96      0.02753      0.02846     -0.00043
 22.98      0.02613      0.02827     -0.00027
 23.00      0.02781      0.02808     -0.00064
 23.02      0.02804      0.02788     -0.00067
 23.04      0.02768      0.02769     -0.00043
 23.06      0.02643      0.02750     -0.00083
 23.08      0.02633      0.02731     -0.00105
 23.10      0.02488      0.02713     -0.00137
 23.12      0.02599      0.02694     -0.00090
 23.14      0.02513      0.02676     -0.00055
 23.16      0.02788      0.02657     -0.00047
 23.18      0.02716      0.02639     -0.00061
 23.20      0.02435      0.02621     -0.00056
 23.22      0.02439      0.02602     -0.00138
 23.24      0.02447      0.02584     -0.00214
 23.26      0.02283      0.02566     -0.00199
 23.28      0.02249      0.02548     -0.00205
 23.30      0.02421      0.02531     -0.00212
 23.32      0.02316      0.02513     -0.00194
 23.34      0.02326      0.02495     -0.00133
 23.36      0.02281      0.02478     -0.00104
 23.38      0.02469      0.02461     -0.00101
 23.40      0.02478      0.02443     -0.00116
 23.42      0.02245      0.02426     -0.00111
 23.44      0.02161      0.02409     -0.00139
 23.46      0.02219      0.02391     -0.00127
 23.48      0.02245      0.02374     -0.00095
 23.50      0.02452      0.02357     -0.00000
 23.52      0.02321      0.02340      0.00094
 23.54      0.02549      0.02323      0.00146
 23.56      0.02607      0.02307      0.00218
 23.58      0.02420      0.02290      0.00259
 23.60      0.02724      0.02273      0.00268
 23.62      0.02445      0.02256      0.00212
 23.64      0.02507      0.02240      0.00250
 23.66      0.02246      0.02223      0.00187
 23.68      0.02528      0.02206      0.00231
 23.70      0.02323      0.02190      0.00186
 23.72      0.02581      0.02173      0.00237
 23.74      0.02203      0.02156      0.00188
 23.76      0.02416      0.02140      0.00180
 23.78      0.02199      0.02123      0.00076
 23.80      0.02197      0.02106      0.00085
 23.82      0.01981      0.02089      0.00067
 23.84      0.02162      0.02072      0.00017
 23.86      0.02243      0.02056     -0.00006
 23.88      0.01864      0.02039     -0.00015
 23.90      0.01997      0.02022      0.00010
 23.92      0.01853      0.02005     -0.00022
 23.94      0.02204      0.01988     -0.00005
 23.96      0.01996      0.01972      0.00021
 23.98      0.01868      0.01955      0.00029
 24.00      0.02044      0.01939     -0.00007
 24.02      0.01812      0.01922     -0.00077
 24.04      0.01937      0.01906     -0.00065
 24.06      0.01568      0.01890     -0.00105
 24.08      0.01846      0.01873     -0.00130
 24.10      0.01761      0.01857     -0.00155
 24.12      0.01605      0.01841     -0.00147
 24.14      0.01731      0.01824     -0.00185
 24.16      0.01527      0.01808     -0.00217
 24.18      0.01573      0.01792     -0.00221
 24.20      0.01519      0.01776     -0.00281
 24.22      0.01506      0.01759     -0.00281
 24.24      0.01349      0.01743     -0.00301
 24.26      0.01446      0.01727     -0.00309
 24.28      0.01392      0.01711     -0.00336
 24.30      0.01397      0.01694     -0.00330
 24.32      0.01287      0.01678     -0.00368
 24.34      0.01302      0.01662     -0.00401
 24.36      0.01173      0.01646     -0.00429
 24.38      0.01146      0.01630     -0.00401
 24.40      0.01180      0.01615     -0.00423
 24.42      0.01344      0.01599     -0.00382
 24.44      0.01115      0.01584     -0.00378
 24.46      0.01298      0.01568     -0.00363
 24.48      0.01088      0.01553     -0.00390
 24.50      0.01181      0.01538     -0.00376
 24.52      0.01133      0.01523     -0.00384
 24.54      0.01109      0.01508     -0.00329
 24.56      0.01182      0.01493     -0.00306
 24.58      0.01290      0.01479     -0.00207
 24.60      0.01222      0.01464     -0.00163
 24.62      0.01555      0.01450     -0.00118
 24.64      0.01256      0.01436     -0.00089
 24.66      0.01337      0.01422     -0.00081
 24.68      0.01364      0.01408     -0.00096
 24.70      0.01193      0.01395     -0.00089
 24.72      0.01412      0.01381     -0.00086
 24.74      0.01220      0.01368     -0.00084
 24.76      0.01289      0.01354     -0.00064
 24.78      0.01303      0.01341     -0.00051
 24.80      0.01226      0.01328     -0.00031
 24.82      0.01411      0.01316     -0.00025
 24.84      0.01256      0.01303     -0.00005
 24.86      0.01256      0.01290     -0.00009
 24.88      0.01339      0.01278     -0.00022
 24.90      0.01145      0.01265     -0.00038
 24.92      0.01280      0.01253     -0.00005
 24.94      0.01114      0.01240     -0.00016
 24.96      0.01358      0.01228      0.00007
 24.98      0.01222      0.01216      0.00004
 25.00      0.01200      0.01204      0.00026
 25.02      0.01204      0.01191      0.00008
 25.04      0.01165      0.01179      0.00047
 25.06      0.01209      0.01167      0.00089
 25.08      0.01352      0.01155      0.00124
 25.10      0.01349      0.01143      0.00179
 25.12      0.01324      0.01132      0.00216
 25.14      0.01378      0.01120      0.00213
 25.16      0.01332      0.01108      0.00195
 25.18      0.01278      0.01096      0.00152
 25.20      0.01202      0.01084      0.00138
 25.22      0.01052      0.01072      0.00136
 25.24      0.01248      0.01061      0.00099
 25.26      0.01261      0.01049      0.00073
 25.28      0.01033      0.01037      0.00100
 25.30      0.01016      0.01025      0.00070
 25.32      0.01128      0.01014      0.00036
 25.34      0.01038      0.01002      0.00039
 25.36      0.01035      0.00991      0.00014
 25.38      0.00988      0.00979      0.00012
 25.40      0.00836      0.00968     -0.00001
 25.42      0.01057      0.00956     -0.00033
 25.44      0.00920      0.00945     -0.00034
 25.46      0.00816      0.00934     -0.00009
 25.48      0.00925      0.00923     -0.00039
 25.50      0.00904      0.00912     -0.00033
 25.52      0.00854      0.00901     -0.00004
 25.54      0.00891      0.00890      0.00004
 25.56      0.00906      0.00879      0.00010
 25.58      0.00914      0.00868      0.00028
 25.60      0.00880      0.00857      0.00011
 25.62      0.00889      0.00846     -0.00006
 25.64      0.00750      0.00836     -0.00026
 25.66      0.00771      0.00826     -0.00035
 25.68      0.00762      0.00815     -0.00044
 25.70      0.00783      0.00805     -0.00049
 25.72      0.00793      0.00795     -0.00043
 25.74      0.00670      0.00785     -0.00043
 25.76      0.00750      0.00775     -0.00061
 25.78      0.00711      0.00765     -0.00077
 25.80      0.00647      0.00755     -0.00089
 25.82      0.00661      0.00746     -0.00107
 25.84      0.00564      0.00736     -0.00121
 25.86      0.00612      0.00727     -0.00108
 25.88      0.00593      0.00717     -0.00128
 25.90      0.00666      0.00708     -0.00120
 25.92      0.00513      0.00699     -0.00120
 25.94      0.00556      0.00690     -0.00101
 25.96      0.00565      0.00681     -0.00102
 25.98      0.00646      0.00672     -0.00093
 26.00      0.00616      0.00663     -0.00088
 26.02      0.00515      0.00655     -0.00086
 26.04      0.00537      0.00646     -0.00087
 26.06      0.00531      0.00638     -0.00089
 26.08      0.00598      0.00629     -0.00074
 26.10      0.00564      0.00621     -0.00068
 26.12      0.00547      0.00613     -0.00072
 26.14      0.00526      0.00604     -0.00098
 26.16      0.00468      0.00596     -0.00098
 26.18      0.00424      0.00588     -0.00090
 26.20      0.00525      0.00580     -0.00099
 26.22      0.00548      0.00572     -0.00082
 26.24      0.00439      0.00564     -0.00067
 26.26      0.00511      0.00556     -0.00068
 26.28      0.00461      0.00548     -0.00087
 26.30      0.00482      0.00541     -0.00080
 26.32      0.00413      0.00533     -0.00094
 26.34      0.00436      0.00525     -0.00107
 26.36      0.00405      0.00518     -0.00118
 26.38      0.00356      0.00510     -0.00119
 26.40      0.00388      0.00503     -0.00132
 26.42      0.00372      0.00495     -0.00129
 26.44      0.00331      0.00488     -0.00118
 26.46      0.00385      0.00480     -0.00132
 26.48      0.00375      0.00473     -0.00133
 26.50      0.00279      0.00466     -0.00129
 26.52      0.00329      0.00459     -0.00138
 26.54      0.00317      0.00451     -0.00147
 26.56      0.00303      0.00444     -0.00133
 26.58      0.00296      0.00437     -0.00137
 26.60      0.00312      0.00430     -0.00126
 26.62      0.00273      0.00423     -0.00127
 26.64      0.00336      0.00417     -0.00126
 26.66      0.00267      0.00410     -0.00130
 26.68      0.00267      0.00403     -0.00127
 26.70      0.00255      0.00396     -0.00129
 26.72      0.00255      0.00390     -0.00122
 26.74      0.00291      0.00383     -0.00113
 26.76      0.00270      0.00377     -0.00093
 26.78      0.00283      0.00371     -0.00087
 26.80      0.00320      0.00364     -0.00077
 26.82      0.00256      0.00358     -0.00063
 26.84      0.00309      0.00352     -0.00063
 26.86      0.00309      0.00346     -0.00069
 26.88      0.00252      0.00340     -0.00073
 26.90      0.00259      0.00334     -0.00076
 26.92      0.00206      0.00328     -0.00074
 26.94      0.00263      0.00323     -0.00065
 26.96      0.00290      0.00317     -0.00059
 26.98      0.00269      0.00311     -0.00038
 27.00      0.00262      0.00306     -0.00038
 27.02      0.00285      0.00300     -0.00047
 27.04      0.00234      0.00295     -0.00043
 27.06      0.00218      0.00290     -0.00051
 27.08      0.00260      0.00284     -0.00054
 27.10      0.00199      0.00279     -0.00052
 27.12      0.00243      0.00274     -0.00044
 27.14      0.00217      0.00269     -0.00043
 27.16      0.00230      0.00264     -0.00036
 27.18      0.00240      0.00259     -0.00039
 27.20      0.00212      0.00255     -0.00028
 27.22      0.00204      0.00250     -0.00027
 27.24      0.00249      0.00246     -0.00026
 27.26      0.00209      0.00241     -0.00025
 27.28      0.00223      0.00237     -0.00024
 27.30      0.00193      0.00232     -0.00024
 27.32      0.00190      0.00228     -0.00015
 27.34      0.00229      0.00224     -0.00016
 27.36      0.00232      0.00220     -0.00015
 27.38      0.00197      0.00215     -0.00010
 27.40      0.00177      0.00211     -0.00017
 27.42      0.00191      0.00207     -0.00018
 27.44      0.00173      0.00203     -0.00028
 27.46      0.00208      0.00200     -0.00022
 27.48      0.00127      0.00196     -0.00023
 27.50      0.00189      0.00192     -0.00020
 27.52      0.00165      0.00188     -0.00024
 27.54      0.00170      0.00185     -0.00015
 27.56      0.00170      0.00181     -0.00022
 27.58      0.00152      0.00178     -0.00023
 27.60      0.00140      0.00174     -0.00020
 27.62      0.00142      0.00171     -0.00019
 27.64      0.00165      0.00167     -0.00021
 27.66      0.00157      0.00164     -0.00019
 27.68      0.00125      0.00161     -0.00018
 27.70      0.00139      0.00157     -0.00023
 27.72      0.00129      0.00154     -0.00029
 27.74      0.00123      0.00151     -0.00029
 27.76      0.00110      0.00148     -0.00024
 27.78      0.00112      0.00145     -0.00022
 27.80      0.00148      0.00142     -0.00017
 27.82      0.00122      0.00139     -0.00008
 27.84      0.00135      0.00136     -0.00007
 27.86      0.00141      0.00133     -0.00020
 27.88      0.00103      0.00131     -0.00025
 27.90      0.00066      0.00128     -0.00032
 27.92      0.00081      0.00125     -0.00039
 27.94      0.00090      0.00122     -0.00043
 27.96      0.00090      0.00120     -0.00032
 27.98      0.00072      0.00117     -0.00027
 28.00      0.00106      0.00115     -0.00028
 28.02      0.00094      0.00112     -0.00027
 28.04      0.00072      0.00110     -0.00025
 28.06      0.00083      0.00107     -0.00034
 28.08      0.00068      0.00105     -0.00037
 28.10      0.00051      0.00102     -0.00033
 28.12      0.00066      0.00100     -0.00035
 28.14      0.00078      0.00098     -0.00035
 28.16      0.00061      0.00095     -0.00032
 28.18      0.00057      0.00093     -0.00034
 28.20      0.00053      0.00091     -0.00037
 28.22      0.00049      0.00089     -0.00036
 28.24      0.00051      0.00087     -0.00037
 28.26      0.00055      0.00085     -0.00040
 28.28      0.00042      0.00083     -0.00039
 28.30      0.00025      0.00081     -0.00040
 28.32      0.00044      0.00079     -0.00044
 28.34      0.00036      0.00077     -0.00047
 28.36      0.00027      0.00075     -0.00044
 28.38      0.00015      0.00073     -0.00043
 28.40      0.00031      0.00071     -0.00043
 28.42      0.00042      0.00070     -0.00043
 28.44      0.00025      0.00068     -0.00041
 28.46      0.00019      0.00066     -0.00041
 28.48      0.00015      0.00065     -0.00046
 28.50      0.00023      0.00063     -0.00045
 28.52      0.00013      0.00061     -0.00045
 28.54      0.00019      0.00060     -0.00043
 28.56      0.00010      0.00058     -0.00044
 28.58      0.00017      0.00057     -0.00040
 28.60      0.00015      0.00055     -0.00040
 28.62      0.00021      0.00054     -0.00037
 28.64      0.00012      0.00052     -0.00037
 28.66      0.00017      0.00051     -0.00035
 28.68      0.00012      0.00049     -0.00036
 28.70      0.00019      0.00048     -0.00035
 28.72      0.00008      0.00047     -0.00034
 28.74      0.00010      0.00045     -0.00035
 28.76      0.00012      0.00044     -0.00035
 28.78      0.00004      0.00043     -0.00034
 28.80      0.00010      0.00041     -0.00034
 28.82      0.00006      0.00040     -0.00031
 28.84      0.00006      0.00039     -0.00029
 28.86      0.00019      0.00038     -0.00027
 28.88      0.00008      0.00037     -0.00026
 28.90      0.00014      0.00036     -0.00024
 28.92      0.00008      0.00035     -0.00022
 28.94      0.00010      0.00033     -0.00021
 28.96      0.00023      0.00032     -0.00020
 28.98      0.00008      0.00031     -0.00017
 29.00      0.00012      0.00030     -0.00016
 29.02      0.00018      0.00029     -0.00019
 29.04      0.00010      0.00028     -0.00017
 29.06      0.00002      0.00027     -0.00017
 29.08      0.00012      0.00027     -0.00016
 29.10      0.00010      0.00026     -0.00016
 29.12      0.00016      0.00025     -0.00014
 29.14      0.00006      0.00024     -0.00014
 29.16      0.00010      0.00023     -0.00013
 29.18      0.00008      0.00022     -0.00013
 29.20      0.00008      0.00022     -0.00010
 29.22      0.00016      0.00021     -0.00010
 29.24      0.00012      0.00020     -0.00009
 29.26      0.00008      0.00019     -0.00009
 29.28      0.00010      0.00019     -0.00009
 29.30      0.00006      0.00018     -0.00010
 29.32      0.00010      0.00017     -0.00009
 29.34      0.00004      0.00017     -0.00009
 29.36      0.00010      0.00016     -0.00008
 29.38      0.00006      0.00015     -0.00008
 29.40      0.00008      0.00015     -0.00007
 29.42      0.00008      0.00014     -0.00008
 29.44      0.00006      0.00014     -0.00008
 29.46      0.00002      0.00013     -0.00009
 29.48      0.00002      0.00013     -0.00010
 29.50      0.00002      0.00012     -0.00010
 29.52      0.00002      0.00012     -0.00009
 29.54      0.00002      0.00011     -0.00009
 29.56      0.00002      0.00011     -0.00009
 29.58      0.00000      0.00010     -0.00009
 29.60      0.00002      0.00010     -0.00008
 29.62      0.00002      0.00009     -0.00008
 29.64      0.00004      0.00009     -0.00007
 29.66      0.00000      0.00009     -0.00007
 29.68      0.00000      0.00008     -0.00007
 29.70      0.00002      0.00008     -0.00007
 29.72      0.00000      0.00007     -0.00007
 29.74      0.00000      0.00007     -0.00007
 29.76      0.00000      0.00007     -0.00007
 29.78      0.00000      0.00006     -0.00006
 29.80      0.00000      0.00006     -0.00006
 29.82      0.00000      0.00006     -0.00006
 29.84      0.00000      0.00006     -0.00006
 29.86      0.00000      0.00005     -0.00005
 29.88      0.00000      0.00005     -0.00005
 29.90      0.00000      0.00005     -0.00005
 29.92      0.00000      0.00005     -0.00005
 29.94      0.00000      0.00004     -0.00004
 29.96      0.00000      0.00004     -0.00004
 29.98      0.00000      0.00004     -0.00004
 30.00      0.00000      0.00004     -0.00004
 30.02      0.00000      0.00004     -0.00004
 30.04      0.00000      0.00004     -0.00004
 30.06      0.00000      0.00003     -0.00003
 30.08      0.00000      0.00003     -0.00003
 30.10      0.00000      0.00003     -0.00003
 30.12      0.00000      0.00003     -0.00003
 30.14      0.00000      0.00003     -0.00003
 30.16      0.00000      0.00003     -0.00003
 30.18      0.00000      0.00003     -0.00003
 30.20      0.00000      0.00002     -0.00002
 30.22      0.00000      0.00002     -0.00002
 30.24      0.00000      0.00002     -0.00002
 30.26      0.00000      0.00002     -0.00002
 30.28      0.00000      0.00002     -0.00002
 30.30      0.00000      0.00002     -0.00002
 30.32      0.00000      0.00002     -0.00002
 30.34      0.00000      0.00002     -0.00002
 30.36      0.00000      0.00002     -0.00002
 30.38      0.00000      0.00002     -0.00002
 30.40      0.00000      0.00002     -0.00002
 30.42      0.00000      0.00002     -0.00002
 30.44      0.00000      0.00001     -0.00001
 30.46      0.00000      0.00001     -0.00001
 30.48      0.00000      0.00001     -0.00001
 30.50      0.00000      0.00001     -0.00001
 30.52      0.00000      0.00001     -0.00001
 30.54      0.00000      0.00001     -0.00001
 30.56      0.00000      0.00001     -0.00001
 30.58      0.00000      0.00001     -0.00001
 30.60      0.00000      0.00001     -0.00001
 30.62      0.00000      0.00001     -0.00001
 30.64      0.00000      0.00001     -0.00001
 30.66      0.00000      0.00001     -0.00001
 30.68      0.00000      0.00001     -0.00001
 30.70      0.00000      0.00001     -0.00001
 30.72      0.00000      0.00001     -0.00001
 30.74      0.00000      0.00001     -0.00001
 30.76      0.00000      0.00001     -0.00001
 30.78      0.00000      0.00001     -0.00001
 30.80      0.00000      0.00001     -0.00001
 30.82      0.00000      0.00001     -0.00001
 30.84      0.00000      0.00001     -0.00001
 30.86      0.00000      0.00001     -0.00001
 30.88      0.00000      0.00000     -0.00000
 30.90      0.00000      0.00000     -0.00000
 30.92      0.00000      0.00000     -0.00000
 30.94      0.00000      0.00000     -0.00000
 30.96      0.00000      0.00000     -0.00000
 30.98      0.00000      0.00000     -0.00000
 31.00      0.00000      0.00000     -0.00000
 31.02      0.00000      0.00000     -0.00000
 31.04      0.00000      0.00000     -0.00000
 31.06      0.00000      0.00000     -0.00000
 31.08      0.00000      0.00000     -0.00000
 31.10      0.00000      0.00000     -0.00000
 31.12      0.00000      0.00000     -0.00000
 31.14      0.00000      0.00000     -0.00000
 31.16      0.00000      0.00000     -0.00000
 31.18      0.00000      0.00000     -0.00000
 31.20      0.00000      0.00000     -0.00000
 31.22      0.00000      0.00000     -0.00000
 31.24      0.00000      0.00000     -0.00000
 31.26      0.00000      0.00000     -0.00000
 31.28      0.00000      0.00000     -0.00000
 31.30      0.00000      0.00000     -0.00000
 31.32      0.00000      0.00000     -0.00000
 31.34      0.00000      0.00000     -0.00000
 31.36      0.00000      0.00000     -0.00000
 31.38      0.00000      0.00000     -0.00000
 31.40      0.00000      0.00000     -0.00000
 31.42      0.00000      0.00000     -0.00000
 31.44      0.00000      0.00000     -0.00000
 31.46      0.00000      0.00000     -0.00000
 31.48      0.00000      0.00000     -0.00000
 31.50      0.00000      0.00000     -0.00000
 31.52      0.00000      0.00000     -0.00000
 31.54      0.00000      0.00000     -0.00000
 31.56      0.00000      0.00000     -0.00000
 31.58      0.00000      0.00000     -0.00000
 31.60      0.00000      0.00000     -0.00000
 31.62      0.00000      0.00000     -0.00000
 31.64      0.00000      0.00000     -0.00000
 31.66      0.00000      0.00000     -0.00000
 31.68      0.00000      0.00000     -0.00000
 31.70      0.00000      0.00000     -0.00000
 31.72      0.00000      0.00000      0.00000
 31.74      0.00000      0.00000      0.00000
 31.76      0.00000      0.00000      0.00000
 31.78      0.00000      0.00000      0.00000
 31.80      0.00000      0.00000      0.00000
 31.82      0.00000      0.00000      0.00000
 31.84      0.00000      0.00000      0.00000
 31.86      0.00000      0.00000      0.00000
 31.88      0.00000      0.00000      0.00000
 31.90      0.00000      0.00000      0.00000
 31.92      0.00000      0.00000      0.00000
 31.94      0.00000      0.00000      0.00000
 31.96      0.00000      0.00000      0.00000
 31.98      0.00000      0.00000      0.00000
 32.00      0.00000      0.00000      0.00000
 32.02      0.00000      0.00000      0.00000
 32.04      0.00000      0.00000      0.00000
 32.06      0.00000      0.00000      0.00000
 32.08      0.00000      0.00000      0.00000
 32.10      0.00000      0.00000      0.00000
 32.12      0.00000      0.00000      0.00000
 32.14      0.00000      0.00000      0.00000
 32.16      0.00000      0.00000      0.00000
 32.18      0.00000      0.00000      0.00000
 32.20      0.00000      0.00000      0.00000
 32.22      0.00000      0.00000      0.00000
 32.24      0.00000      0.00000      0.00000
 32.26      0.00000      0.00000      0.00000
 32.28      0.00000      0.00000      0.00000
 32.30      0.00000      0.00000      0.00000
 32.32      0.00000      0.00000      0.00000
 32.34      0.00000      0.00000      0.00000
 32.36      0.00000      0.00000      0.00000
 32.38      0.00000      0.00000      0.00000
 32.40      0.00000      0.00000      0.00000
 32.42      0.00000      0.00000      0.00000
 32.44      0.00000      0.00000      0.00000
 32.46      0.00000      0.00000      0.00000
 32.48      0.00000      0.00000      0.00000
 32.50      0.00000      0.00000      0.00000
 32.52      0.00000      0.00000      0.00000
 32.54      0.00000      0.00000      0.00000
 32.56      0.00000      0.00000      0.00000
 32.58      0.00000      0.00000      0.00000
 32.60      0.00000      0.00000      0.00000
 32.62      0.00000      0.00000      0.00000
 32.64      0.00000      0.00000      0.00000
 32.66      0.00000      0.00000      0.00000
 32.68      0.00000      0.00000      0.00000
 32.70      0.00000      0.00000      0.00000
 32.72      0.00000      0.00000      0.00000
 32.74      0.00000      0.00000      0.00000
 32.76      0.00000      0.00000      0.00000
 32.78      0.00000      0.00000      0.00000
 32.80      0.00000      0.00000      0.00000
 32.82      0.00000      0.00000      0.00000
 32.84      0.00000      0.00000      0.00000
 32.86      0.00000      0.00000      0.00000
 32.88      0.00000      0.00000      0.00000
 32.90      0.00000      0.00000      0.00000
 32.92      0.00000      0.00000      0.00000
 32.94      0.00000      0.00000      0.00000
 32.96      0.00000      0.00000      0.00000
 32.98      0.00000      0.00000      0.00000
 33.00      0.00000      0.00000      0.00000
 33.02      0.00000      0.00000      0.00000
 33.04      0.00000      0.00000      0.00000
 33.06      0.00000      0.00000      0.00000
 33.08      0.00000      0.00000      0.00000
 33.10      0.00000      0.00000      0.00000
 33.12      0.00000      0.00000      0.00000
 33.14      0.00000      0.00000      0.00000
 33.16      0.00000      0.00000      0.00000
 33.18      0.00000      0.00000      0.00000
 33.20      0.00000      0.00000      0.00000
 33.22      0.00000      0.00000      0.00000
 33.24      0.00000      0.00000      0.00000
 33.26      0.00000      0.00000      0.00000
 33.28      0.00000      0.00000      0.00000
 33.30      0.00000      0.00000      0.00000
 33.32      0.00000      0.00000      0.00000
 33.34      0.00000      0.00000      0.00000
 33.36      0.00000      0.00000      0.00000
 33.38      0.00000      0.00000      0.00000
 33.40      0.00000      0.00000      0.00000
 33.42      0.00000      0.00000      0.00000
 33.44      0.00000      0.00000      0.00000
 33.46      0.00000      0.00000      0.00000
 33.48      0.00000      0.00000      0.00000
 33.50      0.00000      0.00000      0.00000
 33.52      0.00000      0.00000      0.00000
 33.54      0.00000      0.00000      0.00000
 33.56      0.00000      0.00000      0.00000
 33.58      0.00000      0.00000      0.00000
 33.60      0.00000      0.00000      0.00000
 33.62      0.00000      0.00000      0.00000
 33.64      0.00000      0.00000      0.00000
 33.66      0.00000      0.00000      0.00000
 33.68      0.00000      0.00000      0.00000
 33.70      0.00000      0.00000      0.00000
 33.72      0.00000      0.00000      0.00000
 33.74      0.00000      0.00000      0.00000
 33.76      0.00000      0.00000      0.00000
 33.78      0.00000      0.00000      0.00000
 33.80      0.00000      0.00000      0.00000
 33.82      0.00000      0.00000      0.00000
 33.84      0.00000      0.00000      0.00000
 33.86      0.00000      0.00000      0.00000
 33.88      0.00000      0.00000      0.00000
 33.90      0.00000      0.00000      0.00000
 33.92      0.00000      0.00000      0.00000
 33.94      0.00000      0.00000      0.00000
 33.96      0.00000      0.00000      0.00000
 33.98      0.00000      0.00000      0.00000
 34.00      0.00000      0.00000      0.00000
