 #r(A)        h(r)         Base         G(r)
  0.02      0.00000      0.00000      0.00000
  0.04      0.00000      0.00000      0.00000
  0.06      0.00000      0.00000      0.00000
  0.08      0.00000      0.00000      0.00000
  0.10      0.00000      0.00000      0.00000
  0.12      0.00000      0.00000     -0.00000
  0.14      0.00000      0.00000     -0.00000
  0.16      0.00000      0.00000     -0.00000
  0.18      0.00000      0.00000     -0.00000
  0.20      0.00000      0.00000     -0.00000
  0.22      0.00000      0.00000     -0.00000
  0.24      0.00000      0.00001     -0.00001
  0.26      0.00000      0.00001     -0.00001
  0.28      0.00000      0.00001     -0.00001
  0.30      0.00000      0.00001     -0.00001
  0.32      0.00000      0.00002     -0.00002
  0.34      0.00000      0.00002     -0.00002
  0.36      0.00000      0.00003     -0.00003
  0.38      0.00000      0.00004     -0.00004
  0.40      0.00000      0.00006     -0.00006
  0.42      0.00000      0.00009     -0.00009
  0.44      0.00000      0.00012     -0.00012
  0.46      0.00000      0.00017     -0.00017
  0.48      0.00000      0.00022     -0.00022
  0.50      0.00000      0.00029     -0.00029
  0.52      0.00000      0.00037     -0.00037
  0.54      0.00000      0.00046     -0.00046
  0.56      0.00000      0.00058     -0.00058
  0.58      0.00000      0.00071     -0.00071
  0.60      0.00000      0.00087     -0.00087
  0.62      0.00000      0.00104     -0.00104
  0.64      0.00000      0.00125     -0.00125
  0.66      0.00000      0.00148     -0.00148
  0.68      0.00000      0.00172     -0.00172
  0.70      0.00000      0.00199     -0.00199
  0.72      0.00000      0.00227     -0.00227
  0.74      0.00000      0.00258     -0.00258
  0.76      0.00000      0.00289     -0.00289
  0.78      0.00000      0.00322     -0.00322
  0.80      0.00000      0.00356     -0.00356
  0.82      0.00000      0.00391     -0.00391
  0.84      0.00000      0.00426     -0.00426
  0.86      0.00000      0.00462     -0.00462
  0.88      0.00000      0.00498     -0.00498
  0.90      0.00000      0.00534     -0.00534
  0.92      0.00000      0.00571     -0.00571
  0.94      0.00000      0.00609     -0.00609
  0.96      0.00000      0.00646     -0.00646
  0.98      0.00000      0.00683     -0.00683
  1.00      0.00000      0.00721     -0.00721
  1.02      0.00000      0.00759     -0.00759
  1.04      0.00000      0.00797     -0.00797
  1.06      0.00000      0.00835     -0.00835
  1.08      0.00000      0.00873     -0.00873
  1.10      0.00000      0.00911     -0.00911
  1.12      0.00000      0.00949     -0.00949
  1.14      0.00000      0.00987     -0.00987
  1.16      0.00000      0.01025     -0.01025
  1.18      0.00000      0.01064     -0.01064
  1.20      0.00000      0.01102     -0.01102
  1.22      0.00000      0.01140     -0.01140
  1.24      0.00000      0.01179     -0.01179
  1.26      0.00000      0.01217     -0.01217
  1.28      0.00000      0.01256     -0.01256
  1.30      0.00000      0.01294     -0.01294
  1.32      0.00000      0.01333     -0.01333
  1.34      0.00000      0.01371     -0.01371
  1.36      0.00000      0.01410     -0.01410
  1.38      0.00000      0.01449     -0.01449
  1.40      0.00000      0.01488     -0.01488
  1.42      0.00000      0.01528     -0.01528
  1.44      0.00000      0.01568     -0.01568
  1.46      0.00000      0.01607     -0.01607
  1.48      0.00000      0.01648     -0.01648
  1.50      0.00000      0.01688     -0.01688
  1.52      0.00000      0.01729     -0.01729
  1.54      0.00000      0.01771     -0.01771
  1.56      0.00000      0.01813     -0.01813
  1.58      0.00000      0.01855     -0.01855
  1.60      0.00000      0.01898     -0.01898
  1.62      0.00000      0.01941     -0.01941
  1.64      0.00000      0.01985     -0.01985
  1.66      0.00000      0.02028     -0.02028
  1.68      0.00000      0.02073     -0.02073
  1.70      0.00000      0.02117     -0.02117
  1.72      0.00000      0.02162     -0.02162
  1.74      0.00000      0.02208     -0.02208
  1.76      0.00000      0.02253     -0.02253
  1.78      0.00000      0.02299     -0.02299
  1.80      0.00000      0.02345     -0.02345
  1.82      0.00000      0.02392     -0.02392
  1.84      0.00000      0.02439     -0.02439
  1.86      0.00000      0.02486     -0.02486
  1.88      0.00000      0.02533     -0.02533
  1.90      0.00000      0.02581     -0.02581
  1.92      0.00000      0.02629     -0.02629
  1.94      0.00000      0.02677     -0.02677
  1.96      0.00000      0.02725     -0.02725
  1.98      0.00000      0.02773     -0.02773
  2.00      0.00000      0.02822     -0.02822
  2.02      0.00000      0.02871     -0.02871
  2.04      0.00000      0.02920     -0.02920
  2.06      0.00000      0.02970     -0.02970
  2.08      0.00000      0.03019     -0.02989
  2.10      0.00000      0.03069     -0.03025
  2.12      0.00149      0.03119     -0.03046
  2.14      0.00074      0.03170     -0.03024
  2.16      0.00146      0.03221     -0.03032
  2.18      0.00361      0.03272     -0.03037
  2.20      0.00215      0.03324     -0.03090
  2.22      0.00380      0.03377     -0.03101
  2.24      0.00070      0.03430     -0.03155
  2.26      0.00354      0.03485     -0.03088
  2.28      0.00356      0.03540     -0.02933
  2.30      0.00821      0.03596     -0.02622
  2.32      0.01431      0.03653     -0.02154
  2.34      0.01904      0.03711     -0.01417
  2.36      0.02984      0.03770     -0.00518
  2.38      0.04329      0.03829      0.00661
  2.40      0.05611      0.03889      0.01937
  2.42      0.07627      0.03949      0.03339
  2.44      0.08581      0.04008      0.04539
  2.46      0.10294      0.04067      0.05653
  2.48      0.10623      0.04125      0.06658
  2.50      0.11476      0.04182      0.07971
  2.52      0.12943      0.04238      0.09645
  2.54      0.15430      0.04292      0.11488
  2.56      0.18940      0.04345      0.13897
  2.58      0.20113      0.04394      0.15738
  2.60      0.23781      0.04441      0.18025
  2.62      0.22396      0.04484      0.18924
  2.64      0.27099      0.04524      0.18936
  2.66      0.23650      0.04559      0.17975
  2.68      0.20371      0.04591      0.17054
  2.70      0.19156      0.04619      0.15503
  2.72      0.17944      0.04644      0.13510
  2.74      0.19490      0.04667      0.11829
  2.76      0.13811      0.04686      0.09909
  2.78      0.12077      0.04704      0.08035
  2.80      0.09656      0.04719      0.05398
  2.82      0.08661      0.04734      0.03598
  2.84      0.06381      0.04747      0.02339
  2.86      0.04881      0.04759      0.01082
  2.88      0.05852      0.04771     -0.00114
  2.90      0.03434      0.04783     -0.00943
  2.92      0.02739      0.04794     -0.01443
  2.94      0.02292      0.04805     -0.02215
  2.96      0.02435      0.04816     -0.02661
  2.98      0.02051      0.04827     -0.03015
  3.00      0.01257      0.04839     -0.03321
  3.02      0.01024      0.04850     -0.03643
  3.04      0.00821      0.04862     -0.03948
  3.06      0.00885      0.04875     -0.04090
  3.08      0.00583      0.04888     -0.04218
  3.10      0.00612      0.04901     -0.04335
  3.12      0.00445      0.04914     -0.04462
  3.14      0.00302      0.04928     -0.04518
  3.16      0.00318      0.04943     -0.04577
  3.18      0.00373      0.04958     -0.04566
  3.20      0.00391      0.04973     -0.04593
  3.22      0.00572      0.04990     -0.04514
  3.24      0.00248      0.05006     -0.04463
  3.26      0.00790      0.05023     -0.04478
  3.28      0.00713      0.05041     -0.04424
  3.30      0.00402      0.05059     -0.04329
  3.32      0.00931      0.05077     -0.04280
  3.34      0.00814      0.05096     -0.04101
  3.36      0.01127      0.05116     -0.03693
  3.38      0.01702      0.05135     -0.03528
  3.40      0.02541      0.05155     -0.03258
  3.42      0.01853      0.05175     -0.02834
  3.44      0.02261      0.05196     -0.02568
  3.46      0.03352      0.05216     -0.02333
  3.48      0.03135      0.05237     -0.01939
  3.50      0.03819      0.05258     -0.01550
  3.52      0.03923      0.05278     -0.01347
  3.54      0.04312      0.05299     -0.01027
  3.56      0.04467      0.05320     -0.01004
  3.58      0.04838      0.05341     -0.01116
  3.60      0.04041      0.05361     -0.01138
  3.62      0.03465      0.05382     -0.01260
  3.64      0.04303      0.05403     -0.01471
  3.66      0.03962      0.05424     -0.01708
  3.68      0.03888      0.05444     -0.01633
  3.70      0.02958      0.05465     -0.01887
  3.72      0.03947      0.05486     -0.02053
  3.74      0.03136      0.05507     -0.02097
  3.76      0.03238      0.05527     -0.02167
  3.78      0.03773      0.05548     -0.02348
  3.80      0.02712      0.05569     -0.02435
  3.82      0.03145      0.05589     -0.02648
  3.84      0.02804      0.05610     -0.02663
  3.86      0.02273      0.05631     -0.02796
  3.88      0.03801      0.05651     -0.02983
  3.90      0.02152      0.05671     -0.03066
  3.92      0.02309      0.05692     -0.03255
  3.94      0.02492      0.05712     -0.03543
  3.96      0.01433      0.05733     -0.03419
  3.98      0.02461      0.05753     -0.03508
  4.00      0.02872      0.05774     -0.03544
  4.02      0.01968      0.05795     -0.03456
  4.04      0.02413      0.05815     -0.03574
  4.06      0.01976      0.05836     -0.03671
  4.08      0.01975      0.05857     -0.03441
  4.10      0.02496      0.05878     -0.03158
  4.12      0.03220      0.05900     -0.02557
  4.14      0.03932      0.05921     -0.01977
  4.16      0.05087      0.05942     -0.01094
  4.18      0.04985      0.05962     -0.00260
  4.20      0.07013      0.05982      0.00447
  4.22      0.07492      0.06001      0.01153
  4.24      0.07567      0.06020      0.02210
  4.26      0.08713      0.06037      0.02699
  4.28      0.10361      0.06053      0.03779
  4.30      0.09547      0.06067      0.04588
  4.32      0.12968      0.06080      0.05363
  4.34      0.11688      0.06091      0.05597
  4.36      0.12652      0.06100      0.06010
  4.38      0.11586      0.06108      0.05854
  4.40      0.11658      0.06114      0.05740
  4.42      0.12227      0.06119      0.05356
  4.44      0.11144      0.06122      0.05371
  4.46      0.10755      0.06125      0.05297
  4.48      0.11682      0.06127      0.04943
  4.50      0.11300      0.06128      0.05001
  4.52      0.10468      0.06130      0.05004
  4.54      0.11443      0.06132      0.04753
  4.56      0.10777      0.06134      0.04570
  4.58      0.10436      0.06136      0.04558
  4.60      0.10396      0.06140      0.04248
  4.62      0.10417      0.06145      0.03884
  4.64      0.09912      0.06151      0.03700
  4.66      0.08984      0.06159      0.03269
  4.68      0.09546      0.06169      0.02804
  4.70      0.08279      0.06181      0.02174
  4.72      0.08147      0.06194      0.01763
  4.74      0.06821      0.06209      0.01346
  4.76      0.06993      0.06225      0.00791
  4.78      0.07533      0.06243      0.00147
  4.80      0.05586      0.06262      0.00041
  4.82      0.05018      0.06282     -0.00444
  4.84      0.06386      0.06302     -0.00857
  4.86      0.04666      0.06324     -0.00947
  4.88      0.05573      0.06345     -0.00985
  4.90      0.05240      0.06368     -0.01242
  4.92      0.04937      0.06391     -0.01075
  4.94      0.05212      0.06414     -0.01162
  4.96      0.05616      0.06437     -0.01014
  4.98      0.05253      0.06460     -0.01061
  5.00      0.06095      0.06484     -0.00988
  5.02      0.04820      0.06507     -0.01068
  5.04      0.05696      0.06531     -0.01101
  5.06      0.05333      0.06554     -0.01263
  5.08      0.05207      0.06578     -0.01083
  5.10      0.05400      0.06602     -0.01091
  5.12      0.05839      0.06625     -0.01220
  5.14      0.05773      0.06648     -0.01058
  5.16      0.04808      0.06671     -0.00786
  5.18      0.06131      0.06694     -0.00782
  5.20      0.06877      0.06716     -0.00791
  5.22      0.05973      0.06738     -0.00713
  5.24      0.05839      0.06759     -0.00681
  5.26      0.05302      0.06779     -0.00991
  5.28      0.06398      0.06799     -0.00799
  5.30      0.05430      0.06819     -0.00769
  5.32      0.07034      0.06838     -0.00624
  5.34      0.06087      0.06856     -0.00768
  5.36      0.06123      0.06874     -0.00672
  5.38      0.05771      0.06891     -0.00750
  5.40      0.05997      0.06908     -0.00829
  5.42      0.06727      0.06925     -0.00821
  5.44      0.05777      0.06941     -0.00388
  5.46      0.06250      0.06957     -0.00260
  5.48      0.08015      0.06973     -0.00019
  5.50      0.06718      0.06988      0.00515
  5.52      0.08008      0.07003      0.00819
  5.54      0.08524      0.07018      0.00988
  5.56      0.07844      0.07032      0.01383
  5.58      0.08938      0.07046      0.01490
  5.60      0.08764      0.07060      0.01423
  5.62      0.08611      0.07073      0.01528
  5.64      0.08258      0.07085      0.01217
  5.66      0.08434      0.07098      0.00831
  5.68      0.07446      0.07109      0.00601
  5.70      0.06892      0.07120      0.00408
  5.72      0.07518      0.07131     -0.00012
  5.74      0.07348      0.07142     -0.00348
  5.76      0.06391      0.07152     -0.00476
  5.78      0.05822      0.07162     -0.00793
  5.80      0.06299      0.07172     -0.01088
  5.82      0.05984      0.07182     -0.01482
  5.84      0.05924      0.07192     -0.01724
  5.86      0.04470      0.07201     -0.01920
  5.88      0.04662      0.07211     -0.02077
  5.90      0.05365      0.07221     -0.02300
  5.92      0.05247      0.07231     -0.02204
  5.94      0.04859      0.07241     -0.02217
  5.96      0.05002      0.07251     -0.02092
  5.98      0.04644      0.07261     -0.02024
  6.00      0.06042      0.07271     -0.02060
  6.02      0.05638      0.07281     -0.01900
  6.04      0.04727      0.07291     -0.01806
  6.06      0.05856      0.07301     -0.01889
  6.08      0.05161      0.07311     -0.01908
  6.10      0.05680      0.07321     -0.01750
  6.12      0.05590      0.07330     -0.01660
  6.14      0.05566      0.07339     -0.01690
  6.16      0.06351      0.07348     -0.01698
  6.18      0.05058      0.07356     -0.01939
  6.20      0.05683      0.07365     -0.02099
  6.22      0.04432      0.07374     -0.02531
  6.24      0.04809      0.07384     -0.02782
  6.26      0.04233      0.07394     -0.02909
  6.28      0.03854      0.07405     -0.02868
  6.30      0.05098      0.07416     -0.02990
  6.32      0.04690      0.07429     -0.02834
  6.34      0.04259      0.07442     -0.02498
  6.36      0.05073      0.07456     -0.02586
  6.38      0.05599      0.07472     -0.02546
  6.40      0.04731      0.07488     -0.02241
  6.42      0.04969      0.07505     -0.01875
  6.44      0.05861      0.07523     -0.01432
  6.46      0.06994      0.07542     -0.00532
  6.48      0.07904      0.07561      0.00392
  6.50      0.09320      0.07581      0.01455
  6.52      0.09685      0.07600      0.02493
  6.54      0.11273      0.07619      0.03169
  6.56      0.12281      0.07638      0.04016
  6.58      0.11381      0.07657      0.04734
  6.60      0.13652      0.07675      0.05017
  6.62      0.13366      0.07692      0.05114
  6.64      0.12781      0.07708      0.05599
  6.66      0.12849      0.07724      0.05352
  6.68      0.13889      0.07740      0.04941
  6.70      0.12497      0.07754      0.04736
  6.72      0.11386      0.07767      0.04223
  6.74      0.11828      0.07780      0.03546
  6.76      0.10352      0.07793      0.03358
  6.78      0.10572      0.07805      0.02885
  6.80      0.11619      0.07816      0.02600
  6.82      0.09080      0.07827      0.02310
  6.84      0.10458      0.07838      0.02170
  6.86      0.08954      0.07847      0.01762
  6.88      0.09929      0.07857      0.01933
  6.90      0.09627      0.07866      0.01722
  6.92      0.09985      0.07875      0.01780
  6.94      0.09445      0.07884      0.01856
  6.96      0.09289      0.07892      0.01862
  6.98      0.10356      0.07901      0.01756
  7.00      0.09698      0.07909      0.01776
  7.02      0.09496      0.07917      0.01996
  7.04      0.09588      0.07925      0.02066
  7.06      0.10426      0.07933      0.02002
  7.08      0.10748      0.07941      0.01946
  7.10      0.09421      0.07949      0.01508
  7.12      0.09253      0.07956      0.00901
  7.14      0.07439      0.07964      0.00194
  7.16      0.07424      0.07971     -0.00099
  7.18      0.07250      0.07979     -0.00783
  7.20      0.07993      0.07987     -0.01064
  7.22      0.05871      0.07995     -0.01225
  7.24      0.06073      0.08003     -0.01441
  7.26      0.06663      0.08012     -0.01877
  7.28      0.06210      0.08021     -0.01940
  7.30      0.05857      0.08030     -0.02093
  7.32      0.05601      0.08040     -0.02365
  7.34      0.05354      0.08050     -0.02160
  7.36      0.05351      0.08061     -0.02056
  7.38      0.07285      0.08072     -0.01940
  7.40      0.06429      0.08082     -0.01554
  7.42      0.06240      0.08093     -0.01113
  7.44      0.07336      0.08105     -0.00882
  7.46      0.07613      0.08116     -0.00583
  7.48      0.08496      0.08127     -0.00238
  7.50      0.07981      0.08137      0.00048
  7.52      0.08020      0.08148      0.00253
  7.54      0.08816      0.08159      0.00225
  7.56      0.08693      0.08169      0.00169
  7.58      0.08411      0.08180      0.00216
  7.60      0.07752      0.08190      0.00009
  7.62      0.08305      0.08201     -0.00169
  7.64      0.07833      0.08212     -0.00358
  7.66      0.07859      0.08223     -0.00437
  7.68      0.07517      0.08234     -0.00625
  7.70      0.07411      0.08245     -0.00704
  7.72      0.07424      0.08257     -0.00673
  7.74      0.07496      0.08269     -0.00720
  7.76      0.08073      0.08280     -0.00551
  7.78      0.07338      0.08292     -0.00515
  7.80      0.08316      0.08304     -0.00505
  7.82      0.07662      0.08316     -0.00636
  7.84      0.07610      0.08327     -0.00488
  7.86      0.07473      0.08339     -0.00554
  7.88      0.08133      0.08350     -0.00393
  7.90      0.08043      0.08360     -0.00425
  7.92      0.08524      0.08371     -0.00247
  7.94      0.07503      0.08380     -0.00265
  7.96      0.08414      0.08390     -0.00321
  7.98      0.08090      0.08399     -0.00528
  8.00      0.07812      0.08407     -0.00262
  8.02      0.07534      0.08415     -0.00341
  8.04      0.08876      0.08423     -0.00583
  8.06      0.08060      0.08430     -0.00856
  8.08      0.06918      0.08436     -0.01126
  8.10      0.06478      0.08443     -0.01687
  8.12      0.06220      0.08449     -0.02100
  8.14      0.06104      0.08456     -0.02033
  8.16      0.06023      0.08462     -0.01968
  8.18      0.07286      0.08468     -0.01801
  8.20      0.06837      0.08475     -0.01476
  8.22      0.07087      0.08481     -0.01208
  8.24      0.07760      0.08487     -0.01088
  8.26      0.07395      0.08493     -0.00886
  8.28      0.07915      0.08498     -0.00605
  8.30      0.07876      0.08503     -0.00538
  8.32      0.08518      0.08508     -0.00473
  8.34      0.08125      0.08513     -0.00519
  8.36      0.07740      0.08517     -0.00615
  8.38      0.07711      0.08521     -0.00849
  8.40      0.07418      0.08525     -0.00974
  8.42      0.07368      0.08528     -0.01249
  8.44      0.07514      0.08532     -0.01469
  8.46      0.06388      0.08535     -0.01638
  8.48      0.06627      0.08538     -0.01660
  8.50      0.06589      0.08541     -0.01454
  8.52      0.07273      0.08545     -0.01094
  8.54      0.08560      0.08549     -0.00930
  8.56      0.08203      0.08553     -0.00618
  8.58      0.07472      0.08557     -0.00295
  8.60      0.08165      0.08563     -0.00218
  8.62      0.08914      0.08568     -0.00217
  8.64      0.08967      0.08574      0.00001
  8.66      0.08236      0.08581      0.00072
  8.68      0.08595      0.08588      0.00249
  8.70      0.08549      0.08595      0.00344
  8.72      0.09837      0.08604      0.00466
  8.74      0.09482      0.08612      0.00528
  8.76      0.08884      0.08621      0.00527
  8.78      0.08952      0.08631      0.00262
  8.80      0.08585      0.08641      0.00333
  8.82      0.08560      0.08651      0.00394
  8.84      0.09890      0.08662      0.00544
  8.86      0.09239      0.08673      0.00996
  8.88      0.09756      0.08685      0.01338
  8.90      0.10904      0.08696      0.01790
  8.92      0.10326      0.08708      0.02447
  8.94      0.12211      0.08720      0.02885
  8.96      0.12583      0.08732      0.03284
  8.98      0.12005      0.08744      0.03950
  9.00      0.12956      0.08755      0.04269
  9.02      0.13713      0.08766      0.04359
  9.04      0.13862      0.08776      0.04539
  9.06      0.13087      0.08785      0.04397
  9.08      0.12957      0.08794      0.04090
  9.10      0.12295      0.08803      0.03868
  9.12      0.12222      0.08812      0.03380
  9.14      0.12796      0.08820      0.03087
  9.16      0.10687      0.08827      0.02701
  9.18      0.11531      0.08834      0.02371
  9.20      0.10405      0.08841      0.01971
  9.22      0.10605      0.08847      0.01916
  9.24      0.10831      0.08853      0.01620
  9.26      0.10442      0.08859      0.01297
  9.28      0.10081      0.08864      0.01111
  9.30      0.08821      0.08869      0.00623
  9.32      0.09699      0.08874      0.00347
  9.34      0.08419      0.08879     -0.00013
  9.36      0.09084      0.08883     -0.00127
  9.38      0.08306      0.08887     -0.00451
  9.40      0.08272      0.08891     -0.00448
  9.42      0.08100      0.08895     -0.00722
  9.44      0.08454      0.08899     -0.00866
  9.46      0.07737      0.08903     -0.00775
  9.48      0.07606      0.08908     -0.00858
  9.50      0.08747      0.08912     -0.01034
  9.52      0.07703      0.08916     -0.00860
  9.54      0.07597      0.08921     -0.00778
  9.56      0.08627      0.08925     -0.00675
  9.58      0.08040      0.08930     -0.00427
  9.60      0.09286      0.08934     -0.00237
  9.62      0.08966      0.08939     -0.00053
  9.64      0.08569      0.08943      0.00237
  9.66      0.09568      0.08948      0.00200
  9.68      0.09512      0.08952      0.00334
  9.70      0.09123      0.08955      0.00397
  9.72      0.09654      0.08959      0.00243
  9.74      0.08904      0.08962      0.00158
  9.76      0.08817      0.08965      0.00037
  9.78      0.09103      0.08967     -0.00467
  9.80      0.08531      0.08970     -0.00631
  9.82      0.07145      0.08972     -0.00949
  9.84      0.08098      0.08975     -0.01420
  9.86      0.07238      0.08977     -0.01638
  9.88      0.06762      0.08980     -0.01658
  9.90      0.07448      0.08982     -0.01937
  9.92      0.07062      0.08985     -0.01986
  9.94      0.06714      0.08988     -0.02058
  9.96      0.07007      0.08992     -0.02305
  9.98      0.06419      0.08995     -0.02476
 10.00      0.06233      0.08999     -0.02651
 10.02      0.06222      0.09004     -0.02914
 10.04      0.05862      0.09009     -0.02819
 10.06      0.05716      0.09014     -0.02788
 10.08      0.06916      0.09020     -0.02563
 10.10      0.06417      0.09026     -0.02402
 10.12      0.07372      0.09032     -0.02194
 10.14      0.06696      0.09038     -0.02333
 10.16      0.06788      0.09044     -0.02225
 10.18      0.06252      0.09050     -0.02185
 10.20      0.06985      0.09056     -0.02040
 10.22      0.07605      0.09062     -0.01784
 10.24      0.07452      0.09068     -0.01352
 10.26      0.08094      0.09074     -0.01148
 10.28      0.08444      0.09080     -0.00992
 10.30      0.08033      0.09085     -0.00929
 10.32      0.08412      0.09090     -0.00871
 10.34      0.07794      0.09095     -0.00887
 10.36      0.08412      0.09100     -0.00885
 10.38      0.08389      0.09105     -0.01052
 10.40      0.08066      0.09110     -0.01075
 10.42      0.07603      0.09115     -0.01224
 10.44      0.07704      0.09119     -0.01310
 10.46      0.07689      0.09124     -0.01249
 10.48      0.07985      0.09129     -0.01116
 10.50      0.08395      0.09134     -0.01055
 10.52      0.08290      0.09139     -0.00987
 10.54      0.08037      0.09143     -0.00837
 10.56      0.08052      0.09148     -0.00528
 10.58      0.08758      0.09153     -0.00362
 10.60      0.09966      0.09158     -0.00174
 10.62      0.09143      0.09163      0.00145
 10.64      0.09003      0.09167      0.00341
 10.66      0.09672      0.09172      0.00324
 10.68      0.09756      0.09177      0.00543
 10.70      0.09907      0.09181      0.01007
 10.72      0.10257      0.09185      0.01194
 10.74      0.11346      0.09189      0.01553
 10.76      0.10627      0.09192      0.01757
 10.78      0.11571      0.09195      0.01971
 10.80      0.10943      0.09198      0.01917
 10.82      0.11347      0.09201      0.02241
 10.84      0.11087      0.09203      0.02455
 10.86      0.12261      0.09205      0.02818
 10.88      0.12652      0.09206      0.03089
 10.90      0.12769      0.09208      0.03377
 10.92      0.12706      0.09208      0.03385
 10.94      0.12532      0.09208      0.03415
 10.96      0.12304      0.09208      0.03179
 10.98      0.12806      0.09208      0.02995
 11.00      0.11590      0.09208      0.02802
 11.02      0.11785      0.09208      0.02763
 11.04      0.11566      0.09208      0.02497
 11.06      0.12109      0.09209      0.02439
 11.08      0.11476      0.09210      0.02183
 11.10      0.11300      0.09211      0.02127
 11.12      0.10509      0.09212      0.01886
 11.14      0.11293      0.09214      0.01770
 11.16      0.10914      0.09216      0.01577
 11.18      0.10903      0.09218      0.01628
 11.20      0.10344      0.09221      0.01574
 11.22      0.10777      0.09224      0.01587
 11.24      0.11037      0.09227      0.01456
 11.26      0.10991      0.09229      0.01443
 11.28      0.10262      0.09232      0.01382
 11.30      0.10295      0.09236      0.01262
 11.32      0.10488      0.09239      0.01086
 11.34      0.10453      0.09242      0.00906
 11.36      0.10128      0.09245      0.01047
 11.38      0.09375      0.09248      0.00842
 11.40      0.11017      0.09251      0.00757
 11.42      0.09479      0.09254      0.00573
 11.44      0.10041      0.09257      0.00561
 11.46      0.09227      0.09260      0.00336
 11.48      0.09327      0.09263      0.00245
 11.50      0.09908      0.09265      0.00058
 11.52      0.09037      0.09267     -0.00118
 11.54      0.09116      0.09269     -0.00336
 11.56      0.08359      0.09271     -0.00696
 11.58      0.08244      0.09273     -0.00796
 11.60      0.08120      0.09275     -0.00927
 11.62      0.08544      0.09277     -0.00953
 11.64      0.08470      0.09278     -0.00999
 11.66      0.08240      0.09280     -0.00872
 11.68      0.08023      0.09282     -0.01026
 11.70      0.08765      0.09283     -0.00947
 11.72      0.07778      0.09285     -0.01085
 11.74      0.08873      0.09286     -0.00924
 11.76      0.07561      0.09287     -0.01299
 11.78      0.08833      0.09289     -0.01181
 11.80      0.06899      0.09290     -0.01355
 11.82      0.08375      0.09292     -0.01297
 11.84      0.08007      0.09293     -0.01521
 11.86      0.07862      0.09294     -0.01339
 11.88      0.07720      0.09296     -0.01375
 11.90      0.07812      0.09297     -0.01100
 11.92      0.08202      0.09298     -0.00996
 11.94      0.09390      0.09299     -0.00889
 11.96      0.08386      0.09300     -0.00682
 11.98      0.08261      0.09301     -0.00527
 12.00      0.08850      0.09301     -0.00714
 12.02      0.08979      0.09301     -0.00881
 12.04      0.08459      0.09301     -0.01016
 12.06      0.07553      0.09300     -0.01115
 12.08      0.07584      0.09299     -0.01500
 12.10      0.08351      0.09298     -0.01569
 12.12      0.07047      0.09296     -0.01685
 12.14      0.08109      0.09295     -0.01750
 12.16      0.06964      0.09293     -0.01948
 12.18      0.07253      0.09292     -0.02031
 12.20      0.07352      0.09290     -0.02272
 12.22      0.06628      0.09288     -0.02428
 12.24      0.06892      0.09286     -0.02483
 12.26      0.06176      0.09285     -0.02667
 12.28      0.06967      0.09283     -0.02668
 12.30      0.06423      0.09282     -0.02646
 12.32      0.06620      0.09282     -0.02355
 12.34      0.06997      0.09282     -0.02340
 12.36      0.07627      0.09282     -0.02210
 12.38      0.07038      0.09282     -0.02027
 12.40      0.07076      0.09283     -0.01690
 12.42      0.07539      0.09283     -0.01427
 12.44      0.08685      0.09285     -0.01142
 12.46      0.08944      0.09286     -0.00674
 12.48      0.08471      0.09287     -0.00341
 12.50      0.09419      0.09287     -0.00116
 12.52      0.09206      0.09288     -0.00006
 12.54      0.09818      0.09289      0.00138
 12.56      0.09499      0.09290      0.00145
 12.58      0.09195      0.09290      0.00220
 12.60      0.09456      0.09290      0.00053
 12.62      0.09581      0.09291     -0.00033
 12.64      0.08988      0.09291     -0.00070
 12.66      0.09066      0.09291     -0.00131
 12.68      0.09012      0.09292     -0.00160
 12.70      0.09155      0.09292     -0.00125
 12.72      0.09438      0.09293     -0.00075
 12.74      0.09163      0.09294      0.00130
 12.76      0.09318      0.09295      0.00360
 12.78      0.10045      0.09296      0.00409
 12.80      0.10308      0.09297      0.00582
 12.82      0.09689      0.09298      0.00852
 12.84      0.10034      0.09300      0.00972
 12.86      0.10675      0.09301      0.01177
 12.88      0.10655      0.09303      0.01299
 12.90      0.11341      0.09304      0.01576
 12.92      0.10306      0.09306      0.01726
 12.94      0.11423      0.09307      0.02168
 12.96      0.11434      0.09309      0.02321
 12.98      0.12872      0.09310      0.02757
 13.00      0.12113      0.09311      0.03138
 13.02      0.12491      0.09312      0.03399
 13.04      0.13337      0.09312      0.03582
 13.06      0.12740      0.09312      0.03700
 13.08      0.13791      0.09312      0.03622
 13.10      0.12700      0.09310      0.03480
 13.12      0.12098      0.09309      0.03500
 13.14      0.12621      0.09307      0.03276
 13.16      0.12838      0.09305      0.03225
 13.18      0.12661      0.09303      0.03243
 13.20      0.12434      0.09300      0.03109
 13.22      0.12176      0.09297      0.02881
 13.24      0.11936      0.09294      0.02698
 13.26      0.11682      0.09290      0.02528
 13.28      0.11727      0.09286      0.02353
 13.30      0.11567      0.09282      0.02284
 13.32      0.11282      0.09278      0.02230
 13.34      0.11575      0.09274      0.02212
 13.36      0.11388      0.09269      0.02169
 13.38      0.11619      0.09265      0.01950
 13.40      0.11328      0.09260      0.01726
 13.42      0.10165      0.09255      0.01428
 13.44      0.10429      0.09249      0.00929
 13.46      0.09873      0.09244      0.00503
 13.48      0.09095      0.09239      0.00316
 13.50      0.09175      0.09234     -0.00055
 13.52      0.09203      0.09229     -0.00231
 13.54      0.08550      0.09224     -0.00431
 13.56      0.08964      0.09220     -0.00674
 13.58      0.08072      0.09215     -0.00993
 13.60      0.07938      0.09211     -0.01275
 13.62      0.07586      0.09207     -0.01680
 13.64      0.07120      0.09203     -0.01955
 13.66      0.06918      0.09199     -0.02125
 13.68      0.06679      0.09197     -0.02285
 13.70      0.07068      0.09194     -0.02254
 13.72      0.06771      0.09191     -0.02183
 13.74      0.07262      0.09189     -0.02202
 13.76      0.07261      0.09187     -0.02201
 13.78      0.06576      0.09186     -0.02154
 13.80      0.07061      0.09184     -0.02098
 13.82      0.06998      0.09183     -0.01996
 13.84      0.07536      0.09182     -0.01797
 13.86      0.07762      0.09180     -0.01679
 13.88      0.07565      0.09179     -0.01439
 13.90      0.07643      0.09178     -0.01311
 13.92      0.08192      0.09176     -0.01281
 13.94      0.08169      0.09174     -0.01188
 13.96      0.07905      0.09173     -0.01129
 13.98      0.08023      0.09171     -0.01276
 14.00      0.07927      0.09169     -0.01457
 14.02      0.07447      0.09167     -0.01538
 14.04      0.07256      0.09165     -0.01710
 14.06      0.07491      0.09163     -0.01790
 14.08      0.07151      0.09161     -0.01881
 14.10      0.07523      0.09159     -0.01999
 14.12      0.06980      0.09157     -0.02122
 14.14      0.06654      0.09155     -0.02199
 14.16      0.06868      0.09153     -0.02269
 14.18      0.06755      0.09151     -0.02201
 14.20      0.07165      0.09149     -0.01846
 14.22      0.07309      0.09147     -0.01634
 14.24      0.08419      0.09145     -0.01399
 14.26      0.07916      0.09143     -0.01197
 14.28      0.07921      0.09141     -0.00931
 14.30      0.08165      0.09139     -0.00848
 14.32      0.08629      0.09136     -0.00556
 14.34      0.08825      0.09133     -0.00278
 14.36      0.09362      0.09130     -0.00161
 14.38      0.09297      0.09127     -0.00221
 14.40      0.08734      0.09123     -0.00209
 14.42      0.08311      0.09119     -0.00111
 14.44      0.08868      0.09116     -0.00159
 14.46      0.09833      0.09112     -0.00038
 14.48      0.09037      0.09108      0.00252
 14.50      0.09319      0.09104      0.00331
 14.52      0.09744      0.09100      0.00176
 14.54      0.09242      0.09095      0.00249
 14.56      0.09038      0.09091      0.00392
 14.58      0.09380      0.09087      0.00345
 14.60      0.10011      0.09083      0.00484
 14.62      0.09490      0.09079      0.00495
 14.64      0.09915      0.09075      0.00504
 14.66      0.09074      0.09070      0.00368
 14.68      0.09402      0.09066      0.00400
 14.70      0.09312      0.09061      0.00432
 14.72      0.09624      0.09057      0.00637
 14.74      0.10055      0.09052      0.00776
 14.76      0.10075      0.09048      0.00983
 14.78      0.10076      0.09043      0.00938
 14.80      0.10323      0.09038      0.00906
 14.82      0.09378      0.09034      0.00890
 14.84      0.09871      0.09029      0.00748
 14.86      0.09971      0.09024      0.00547
 14.88      0.09341      0.09019      0.00536
 14.90      0.09295      0.09015      0.00388
 14.92      0.09297      0.09010      0.00179
 14.94      0.09109      0.09006      0.00112
 14.96      0.08904      0.09002      0.00169
 14.98      0.08984      0.08998      0.00369
 15.00      0.09561      0.08994      0.00446
 15.02      0.10275      0.08990      0.00590
 15.04      0.09474      0.08987      0.00768
 15.06      0.09606      0.08984      0.00819
 15.08      0.09857      0.08981      0.00894
 15.10      0.09800      0.08978      0.01116
 15.12      0.10639      0.08976      0.01139
 15.14      0.10568      0.08973      0.01204
 15.16      0.09710      0.08971      0.01502
 15.18      0.10166      0.08968      0.01537
 15.20      0.11279      0.08966      0.01578
 15.22      0.10800      0.08964      0.01833
 15.24      0.10763      0.08961      0.02010
 15.26      0.10973      0.08959      0.02066
 15.28      0.11040      0.08956      0.02035
 15.30      0.11546      0.08953      0.01955
 15.32      0.10635      0.08950      0.01894
 15.34      0.10347      0.08946      0.01740
 15.36      0.10652      0.08943      0.01572
 15.38      0.10249      0.08939      0.01471
 15.40      0.10692      0.08936      0.01496
 15.42      0.10110      0.08932      0.01382
 15.44      0.10454      0.08928      0.01347
 15.46      0.10064      0.08924      0.01321
 15.48      0.10058      0.08920      0.01242
 15.50      0.10538      0.08915      0.01243
 15.52      0.09694      0.08911      0.01317
 15.54      0.10439      0.08906      0.01157
 15.56      0.10410      0.08901      0.01052
 15.58      0.09232      0.08895      0.01019
 15.60      0.09988      0.08889      0.01026
 15.62      0.09499      0.08883      0.00938
 15.64      0.10449      0.08877      0.00997
 15.66      0.09936      0.08870      0.00741
 15.68      0.09498      0.08863      0.00447
 15.70      0.08673      0.08856     -0.00087
 15.72      0.07997      0.08848     -0.00368
 15.74      0.07741      0.08840     -0.00595
 15.76      0.08493      0.08832     -0.00775
 15.78      0.08321      0.08824     -0.00828
 15.80      0.07736      0.08816     -0.00991
 15.82      0.07693      0.08808     -0.01337
 15.84      0.06885      0.08799     -0.01636
 15.86      0.06719      0.08791     -0.01741
 15.88      0.06784      0.08783     -0.01921
 15.90      0.07171      0.08775     -0.01970
 15.92      0.06754      0.08767     -0.01872
 15.94      0.06600      0.08759     -0.02001
 15.96      0.07168      0.08752     -0.02162
 15.98      0.06099      0.08745     -0.02167
 16.00      0.06331      0.08737     -0.02248
 16.02      0.06691      0.08730     -0.02401
 16.04      0.06160      0.08724     -0.02475
 16.06      0.06369      0.08717     -0.02494
 16.08      0.05695      0.08711     -0.02596
 16.10      0.06200      0.08705     -0.02502
 16.12      0.06150      0.08699     -0.02368
 16.14      0.06600      0.08694     -0.02234
 16.16      0.07011      0.08689     -0.02118
 16.18      0.06340      0.08683     -0.01891
 16.20      0.06750      0.08678     -0.01776
 16.22      0.07262      0.08673     -0.01581
 16.24      0.07145      0.08667     -0.01256
 16.26      0.07963      0.08662     -0.01088
 16.28      0.07940      0.08657     -0.00894
 16.30      0.07564      0.08652     -0.00718
 16.32      0.08205      0.08646     -0.00644
 16.34      0.07995      0.08641     -0.00524
 16.36      0.08311      0.08636     -0.00302
 16.38      0.08512      0.08630     -0.00179
 16.40      0.08646      0.08625      0.00082
 16.42      0.08792      0.08620      0.00277
 16.44      0.09275      0.08614      0.00441
 16.46      0.09260      0.08608      0.00547
 16.48      0.09305      0.08603      0.00649
 16.50      0.09144      0.08597      0.00611
 16.52      0.09276      0.08591      0.00728
 16.54      0.09055      0.08584      0.00816
 16.56      0.09813      0.08578      0.00929
 16.58      0.09712      0.08572      0.00841
 16.60      0.09681      0.08565      0.00832
 16.62      0.08802      0.08558      0.00706
 16.64      0.08975      0.08551      0.00496
 16.66      0.09149      0.08544      0.00486
 16.68      0.08627      0.08537      0.00662
 16.70      0.09600      0.08530      0.00875
 16.72      0.09645      0.08523      0.01023
 16.74      0.10003      0.08516      0.01158
 16.76      0.09853      0.08508      0.01166
 16.78      0.09270      0.08501      0.01242
 16.80      0.09602      0.08493      0.01191
 16.82      0.09984      0.08485      0.01227
 16.84      0.09711      0.08477      0.01400
 16.86      0.09994      0.08469      0.01351
 16.88      0.10093      0.08460      0.01173
 16.90      0.09319      0.08452      0.01154
 16.92      0.09050      0.08443      0.00804
 16.94      0.09572      0.08435      0.00565
 16.96      0.08204      0.08426      0.00459
 16.98      0.08852      0.08417      0.00558
 17.00      0.08744      0.08408      0.00423
 17.02      0.09502      0.08399      0.00546
 17.04      0.08854      0.08390      0.00429
 17.06      0.08774      0.08381      0.00497
 17.08      0.08224      0.08372      0.00232
 17.10      0.09036      0.08364      0.00237
 17.12      0.08135      0.08355      0.00257
 17.14      0.08832      0.08346      0.00336
 17.16      0.08829      0.08337      0.00261
 17.18      0.08580      0.08329      0.00365
 17.20      0.08615      0.08320      0.00407
 17.22      0.08614      0.08312      0.00272
 17.24      0.08996      0.08303      0.00254
 17.26      0.08114      0.08295      0.00040
 17.28      0.08451      0.08287     -0.00048
 17.30      0.07499      0.08279     -0.00079
 17.32      0.08138      0.08272     -0.00070
 17.34      0.08797      0.08264      0.00018
 17.36      0.08126      0.08257      0.00173
 17.38      0.08850      0.08250      0.00308
 17.40      0.08242      0.08243      0.00105
 17.42      0.08773      0.08236      0.00070
 17.44      0.07751      0.08229      0.00069
 17.46      0.07914      0.08222      0.00068
 17.48      0.08811      0.08216      0.00074
 17.50      0.08205      0.08209      0.00267
 17.52      0.08766      0.08203      0.00288
 17.54      0.08683      0.08196      0.00276
 17.56      0.07985      0.08189      0.00338
 17.58      0.08720      0.08183      0.00336
 17.60      0.08482      0.08177      0.00381
 17.62      0.08724      0.08170      0.00519
 17.64      0.08879      0.08164      0.00492
 17.66      0.08639      0.08157      0.00410
 17.68      0.08556      0.08150      0.00351
 17.70      0.08037      0.08144      0.00271
 17.72      0.08398      0.08137      0.00046
 17.74      0.08445      0.08131     -0.00072
 17.76      0.07482      0.08124     -0.00064
 17.78      0.07931      0.08117     -0.00213
 17.80      0.08039      0.08110     -0.00332
 17.82      0.07620      0.08103     -0.00367
 17.84      0.07819      0.08096     -0.00383
 17.86      0.07272      0.08089     -0.00519
 17.88      0.07816      0.08082     -0.00541
 17.90      0.07323      0.08075     -0.00467
 17.92      0.07475      0.08067     -0.00501
 17.94      0.08152      0.08060     -0.00730
 17.96      0.07067      0.08052     -0.00784
 17.98      0.06631      0.08045     -0.00824
 18.00      0.07016      0.08037     -0.00913
 18.02      0.07236      0.08029     -0.00920
 18.04      0.07672      0.08021     -0.00767
 18.06      0.06989      0.08013     -0.00682
 18.08      0.07360      0.08005     -0.00571
 18.10      0.07401      0.07997     -0.00595
 18.12      0.07750      0.07989     -0.00555
 18.14      0.07512      0.07980     -0.00525
 18.16      0.07144      0.07971     -0.00634
 18.18      0.07467      0.07962     -0.00747
 18.20      0.06813      0.07953     -0.00804
 18.22      0.07137      0.07943     -0.00853
 18.24      0.07184      0.07934     -0.00762
 18.26      0.06848      0.07925     -0.00705
 18.28      0.07876      0.07915     -0.00619
 18.30      0.07055      0.07906     -0.00557
 18.32      0.07521      0.07896     -0.00521
 18.34      0.07446      0.07887     -0.00467
 18.36      0.06981      0.07877     -0.00349
 18.38      0.08097      0.07868     -0.00369
 18.40      0.07596      0.07858     -0.00200
 18.42      0.07371      0.07849      0.00052
 18.44      0.08247      0.07839      0.00060
 18.46      0.08192      0.07829      0.00031
 18.48      0.08086      0.07819      0.00199
 18.50      0.07405      0.07810      0.00080
 18.52      0.08162      0.07800      0.00117
 18.54      0.07604      0.07790      0.00090
 18.56      0.08328      0.07780      0.00209
 18.58      0.07901      0.07770      0.00049
 18.60      0.07952      0.07761      0.00163
 18.62      0.07313      0.07751      0.00143
 18.64      0.08121      0.07741      0.00193
 18.66      0.08183      0.07732      0.00222
 18.68      0.08104      0.07722      0.00418
 18.70      0.08046      0.07713      0.00453
 18.72      0.08245      0.07703      0.00526
 18.74      0.08247      0.07693      0.00484
 18.76      0.08502      0.07684      0.00457
 18.78      0.07844      0.07674      0.00535
 18.80      0.07863      0.07665      0.00468
 18.82      0.08591      0.07655      0.00304
 18.84      0.07862      0.07646      0.00396
 18.86      0.07637      0.07637      0.00514
 18.88      0.08254      0.07628      0.00563
 18.90      0.08410      0.07619      0.00552
 18.92      0.08788      0.07610      0.00640
 18.94      0.07762      0.07601      0.00685
 18.96      0.08033      0.07592      0.00625
 18.98      0.08437      0.07583      0.00640
 19.00      0.08067      0.07574      0.00691
 19.02      0.08817      0.07565      0.00682
 19.04      0.07970      0.07556      0.00527
 19.06      0.07943      0.07547      0.00545
 19.08      0.07616      0.07537      0.00436
 19.10      0.08115      0.07528      0.00381
 19.12      0.08226      0.07519      0.00302
 19.14      0.07644      0.07509      0.00358
 19.16      0.07505      0.07500      0.00353
 19.18      0.07848      0.07490      0.00230
 19.20      0.08040      0.07480      0.00213
 19.22      0.07562      0.07471      0.00286
 19.24      0.07510      0.07461      0.00256
 19.26      0.07825      0.07451      0.00192
 19.28      0.07647      0.07441      0.00162
 19.30      0.07669      0.07431      0.00132
 19.32      0.07364      0.07420      0.00082
 19.34      0.07308      0.07410      0.00121
 19.36      0.07521      0.07400      0.00141
 19.38      0.07794      0.07389      0.00089
 19.40      0.07717      0.07379     -0.00005
 19.42      0.07050      0.07368     -0.00107
 19.44      0.06787      0.07357     -0.00210
 19.46      0.06957      0.07347     -0.00284
 19.48      0.07225      0.07336     -0.00284
 19.50      0.07294      0.07325     -0.00236
 19.52      0.06997      0.07315     -0.00195
 19.54      0.06973      0.07304     -0.00171
 19.56      0.07111      0.07293     -0.00191
 19.58      0.07290      0.07283     -0.00087
 19.60      0.07142      0.07272     -0.00066
 19.62      0.07461      0.07261     -0.00087
 19.64      0.07027      0.07251     -0.00243
 19.66      0.06951      0.07240     -0.00170
 19.68      0.06458      0.07229     -0.00255
 19.70      0.07455      0.07219     -0.00156
 19.72      0.06982      0.07209     -0.00133
 19.74      0.07468      0.07198      0.00080
 19.76      0.07016      0.07188      0.00011
 19.78      0.07471      0.07178      0.00059
 19.80      0.07057      0.07167      0.00008
 19.82      0.07173      0.07157      0.00059
 19.84      0.07162      0.07146     -0.00057
 19.86      0.07218      0.07136     -0.00099
 19.88      0.06838      0.07126     -0.00123
 19.90      0.06792      0.07115     -0.00048
 19.92      0.07004      0.07105     -0.00121
 19.94      0.07484      0.07095     -0.00119
 19.96      0.06804      0.07085     -0.00102
 19.98      0.06793      0.07074     -0.00069
 20.00      0.06827      0.07064     -0.00068
 20.02      0.07116      0.07054      0.00052
 20.04      0.07438      0.07043      0.00071
 20.06      0.07353      0.07033      0.00020
 20.08      0.06838      0.07022     -0.00090
 20.10      0.06518      0.07012     -0.00254
 20.12      0.06513      0.07001     -0.00398
 20.14      0.06565      0.06990     -0.00353
 20.16      0.06580      0.06980     -0.00359
 20.18      0.07012      0.06970     -0.00348
 20.20      0.06433      0.06959     -0.00206
 20.22      0.06518      0.06949     -0.00150
 20.24      0.07222      0.06938     -0.00214
 20.26      0.06808      0.06927     -0.00251
 20.28      0.06637      0.06917     -0.00266
 20.30      0.06197      0.06906     -0.00422
 20.32      0.06389      0.06895     -0.00409
 20.34      0.06388      0.06885     -0.00476
 20.36      0.06822      0.06874     -0.00382
 20.38      0.06249      0.06864     -0.00284
 20.40      0.06614      0.06853     -0.00319
 20.42      0.06823      0.06842     -0.00416
 20.44      0.06160      0.06832     -0.00392
 20.46      0.06284      0.06821     -0.00358
 20.48      0.06315      0.06810     -0.00461
 20.50      0.06735      0.06800     -0.00374
 20.52      0.06253      0.06789     -0.00259
 20.54      0.06540      0.06778     -0.00137
 20.56      0.06806      0.06768     -0.00058
 20.58      0.06873      0.06757     -0.00018
 20.60      0.07074      0.06746      0.00088
 20.62      0.06402      0.06735      0.00129
 20.64      0.07015      0.06724      0.00107
 20.66      0.06958      0.06713      0.00116
 20.68      0.06712      0.06702      0.00272
 20.70      0.07060      0.06691      0.00241
 20.72      0.07127      0.06680      0.00305
 20.74      0.06802      0.06668      0.00446
 20.76      0.07224      0.06657      0.00507
 20.78      0.07356      0.06645      0.00560
 20.80      0.07310      0.06634      0.00640
 20.82      0.07336      0.06622      0.00751
 20.84      0.07141      0.06610      0.00703
 20.86      0.07723      0.06597      0.00772
 20.88      0.07051      0.06585      0.00737
 20.90      0.07597      0.06573      0.00846
 20.92      0.07098      0.06560      0.00762
 20.94      0.07625      0.06547      0.00803
 20.96      0.07239      0.06534      0.00673
 20.98      0.07194      0.06521      0.00656
 21.00      0.06879      0.06508      0.00551
 21.02      0.06950      0.06495      0.00477
 21.04      0.07033      0.06482      0.00435
 21.06      0.06805      0.06469      0.00362
 21.08      0.06915      0.06456      0.00204
 21.10      0.06450      0.06442     -0.00004
 21.12      0.06097      0.06429     -0.00022
 21.14      0.05927      0.06416     -0.00111
 21.16      0.06645      0.06403     -0.00230
 21.18      0.06407      0.06390     -0.00293
 21.20      0.05791      0.06378     -0.00317
 21.22      0.05716      0.06365     -0.00459
 21.24      0.05743      0.06352     -0.00561
 21.26      0.05873      0.06340     -0.00496
 21.28      0.05831      0.06328     -0.00367
 21.30      0.06059      0.06316     -0.00362
 21.32      0.06300      0.06304     -0.00332
 21.34      0.05705      0.06292     -0.00279
 21.36      0.05963      0.06280     -0.00325
 21.38      0.06038      0.06269     -0.00465
 21.40      0.05772      0.06257     -0.00336
 21.42      0.05542      0.06246     -0.00285
 21.44      0.06291      0.06235     -0.00362
 21.46      0.06159      0.06224     -0.00462
 21.48      0.05599      0.06212     -0.00381
 21.50      0.05215      0.06201     -0.00426
 21.52      0.05891      0.06190     -0.00600
 21.54      0.06009      0.06179     -0.00509
 21.56      0.05236      0.06168     -0.00357
 21.58      0.06000      0.06157     -0.00298
 21.60      0.05917      0.06146     -0.00324
 21.62      0.06133      0.06135     -0.00156
 21.64      0.05824      0.06124     -0.00051
 21.66      0.06024      0.06113     -0.00091
 21.68      0.06469      0.06103     -0.00065
 21.70      0.05664      0.06091     -0.00045
 21.72      0.06209      0.06080     -0.00033
 21.74      0.05864      0.06069      0.00034
 21.76      0.06031      0.06058      0.00160
 21.78      0.06750      0.06047      0.00227
 21.80      0.06238      0.06036      0.00415
 21.82      0.06487      0.06024      0.00558
 21.84      0.06747      0.06013      0.00587
 21.86      0.06689      0.06001      0.00617
 21.88      0.06838      0.05989      0.00609
 21.90      0.06331      0.05977      0.00663
 21.92      0.06386      0.05965      0.00660
 21.94      0.06958      0.05953      0.00578
 21.96      0.06612      0.05941      0.00588
 21.98      0.06371      0.05928      0.00605
 22.00      0.06317      0.05915      0.00513
 22.02      0.06408      0.05903      0.00502
 22.04      0.06434      0.05890      0.00494
 22.06      0.06492      0.05877      0.00488
 22.08      0.06266      0.05864      0.00447
 22.10      0.06224      0.05850      0.00429
 22.12      0.06139      0.05837      0.00401
 22.14      0.06274      0.05824      0.00366
 22.16      0.06289      0.05810      0.00308
 22.18      0.06024      0.05796      0.00256
 22.20      0.05864      0.05783      0.00250
 22.22      0.05813      0.05769      0.00187
 22.24      0.06174      0.05755      0.00176
 22.26      0.05902      0.05741      0.00208
 22.28      0.05899      0.05727      0.00153
 22.30      0.05955      0.05713      0.00114
 22.32      0.05469      0.05699      0.00005
 22.34      0.05908      0.05684     -0.00085
 22.36      0.05288      0.05670     -0.00161
 22.38      0.05377      0.05656     -0.00138
 22.40      0.05505      0.05642     -0.00202
 22.42      0.05512      0.05628     -0.00253
 22.44      0.05518      0.05614     -0.00337
 22.46      0.04964      0.05600     -0.00442
 22.48      0.04885      0.05585     -0.00572
 22.50      0.04910      0.05572     -0.00677
 22.52      0.04789      0.05558     -0.00623
 22.54      0.04926      0.05544     -0.00566
 22.56      0.05163      0.05530     -0.00496
 22.58      0.05103      0.05517     -0.00505
 22.60      0.05192      0.05503     -0.00472
 22.62      0.04676      0.05490     -0.00527
 22.64      0.05021      0.05477     -0.00577
 22.66      0.04821      0.05464     -0.00572
 22.68      0.04791      0.05450     -0.00523
 22.70      0.05147      0.05437     -0.00482
 22.72      0.04855      0.05425     -0.00454
 22.74      0.05166      0.05412     -0.00417
 22.76      0.04894      0.05399     -0.00496
 22.78      0.04910      0.05386     -0.00471
 22.80      0.04690      0.05374     -0.00516
 22.82      0.04916      0.05362     -0.00454
 22.84      0.04878      0.05349     -0.00399
 22.86      0.05141      0.05337     -0.00284
 22.88      0.05125      0.05325     -0.00194
 22.90      0.05205      0.05313     -0.00112
 22.92      0.05306      0.05301     -0.00168
 22.94      0.05230      0.05290     -0.00125
 22.96      0.04798      0.05278      0.00005
 22.98      0.05284      0.05266      0.00058
 23.00      0.05798      0.05255      0.00091
 23.02      0.05508      0.05243      0.00154
 23.04      0.05342      0.05231      0.00133
 23.06      0.05050      0.05220      0.00002
 23.08      0.05123      0.05208      0.00091
 23.10      0.05083      0.05197      0.00174
 23.12      0.05898      0.05185      0.00219
 23.14      0.05700      0.05174      0.00347
 23.16      0.05217      0.05162      0.00392
 23.18      0.05703      0.05150      0.00379
 23.20      0.05248      0.05138      0.00303
 23.22      0.05778      0.05126      0.00488
 23.24      0.05261      0.05114      0.00420
 23.26      0.06079      0.05102      0.00544
 23.28      0.05303      0.05089      0.00466
 23.30      0.05808      0.05077      0.00516
 23.32      0.05322      0.05064      0.00462
 23.34      0.05450      0.05051      0.00447
 23.36      0.05746      0.05038      0.00382
 23.38      0.05160      0.05025      0.00516
 23.40      0.05422      0.05011      0.00494
 23.42      0.05922      0.04998      0.00402
 23.44      0.05276      0.04984      0.00294
 23.46      0.05221      0.04970      0.00246
 23.48      0.04549      0.04957      0.00073
 23.50      0.05114      0.04943     -0.00050
 23.52      0.04988      0.04929     -0.00145
 23.54      0.04595      0.04915     -0.00079
 23.56      0.04676      0.04901     -0.00140
 23.58      0.04811      0.04887     -0.00165
 23.60      0.04740      0.04873     -0.00135
 23.62      0.04791      0.04860     -0.00119
 23.64      0.04675      0.04846     -0.00115
 23.66      0.04687      0.04832     -0.00161
 23.68      0.04760      0.04818     -0.00156
 23.70      0.04443      0.04804     -0.00139
 23.72      0.04743      0.04790     -0.00108
 23.74      0.04689      0.04776     -0.00114
 23.76      0.04777      0.04762     -0.00122
 23.78      0.04657      0.04749     -0.00115
 23.80      0.04334      0.04735     -0.00108
 23.82      0.04713      0.04721     -0.00171
 23.84      0.04651      0.04708     -0.00159
 23.86      0.04398      0.04694     -0.00012
 23.88      0.04647      0.04681     -0.00039
 23.90      0.05005      0.04668     -0.00046
 23.92      0.04512      0.04655      0.00041
 23.94      0.04546      0.04642      0.00026
 23.96      0.04769      0.04629     -0.00010
 23.98      0.04506      0.04616      0.00003
 24.00      0.04760      0.04604      0.00052
 24.02      0.04512      0.04591      0.00009
 24.04      0.04731      0.04578     -0.00024
 24.06      0.04491      0.04566     -0.00058
 24.08      0.04276      0.04553      0.00042
 24.10      0.04528      0.04541      0.00049
 24.12      0.04953      0.04529      0.00144
 24.14      0.04704      0.04517      0.00126
 24.16      0.04905      0.04505      0.00124
 24.18      0.04124      0.04492      0.00032
 24.20      0.04459      0.04480     -0.00017
 24.22      0.04428      0.04468     -0.00120
 24.24      0.04400      0.04456      0.00033
 24.26      0.04328      0.04444      0.00051
 24.28      0.04833      0.04432      0.00170
 24.30      0.04485      0.04420      0.00233
 24.32      0.04963      0.04408      0.00311
 24.34      0.04657      0.04396      0.00252
 24.36      0.04660      0.04384      0.00211
 24.38      0.04474      0.04372      0.00065
 24.40      0.04222      0.04360      0.00082
 24.42      0.04172      0.04347      0.00098
 24.44      0.04682      0.04335      0.00105
 24.46      0.04676      0.04323      0.00224
 24.48      0.04447      0.04310      0.00330
 24.50      0.04756      0.04297      0.00279
 24.52      0.04640      0.04284      0.00167
 24.54      0.04361      0.04271      0.00208
 24.56      0.04052      0.04258      0.00045
 24.58      0.04586      0.04245     -0.00029
 24.60      0.03877      0.04232     -0.00008
 24.62      0.04203      0.04219     -0.00051
 24.64      0.04399      0.04205     -0.00154
 24.66      0.03775      0.04192     -0.00135
 24.68      0.04004      0.04178     -0.00141
 24.70      0.03906      0.04165     -0.00200
 24.72      0.04105      0.04151     -0.00218
 24.74      0.04035      0.04137     -0.00258
 24.76      0.03617      0.04124     -0.00278
 24.78      0.03735      0.04110     -0.00399
 24.80      0.03737      0.04096     -0.00342
 24.82      0.03429      0.04082     -0.00366
 24.84      0.04254      0.04068     -0.00293
 24.86      0.03425      0.04055     -0.00229
 24.88      0.04031      0.04041     -0.00129
 24.90      0.03989      0.04027     -0.00259
 24.92      0.03857      0.04012     -0.00264
 24.94      0.03535      0.03998     -0.00300
 24.96      0.03331      0.03984     -0.00337
 24.98      0.03780      0.03970     -0.00271
 25.00      0.03733      0.03956     -0.00183
 25.02      0.04119      0.03942     -0.00079
 25.04      0.03902      0.03928      0.00008
 25.06      0.03780      0.03914      0.00037
 25.08      0.04149      0.03900     -0.00005
 25.10      0.03808      0.03886     -0.00094
 25.12      0.03838      0.03872     -0.00151
 25.14      0.03387      0.03858     -0.00205
 25.16      0.03419      0.03843     -0.00130
 25.18      0.03811      0.03830     -0.00093
 25.20      0.04110      0.03816      0.00026
 25.22      0.03958      0.03802      0.00109
 25.24      0.03910      0.03788      0.00126
 25.26      0.03763      0.03774      0.00082
 25.28      0.03829      0.03760      0.00018
 25.30      0.03820      0.03746     -0.00072
 25.32      0.03569      0.03733     -0.00063
 25.34      0.03387      0.03719     -0.00162
 25.36      0.03741      0.03705     -0.00170
 25.38      0.03267      0.03692     -0.00095
 25.40      0.03709      0.03678     -0.00014
 25.42      0.03882      0.03665     -0.00006
 25.44      0.03724      0.03652      0.00077
 25.46      0.03716      0.03638      0.00088
 25.48      0.03616      0.03625      0.00141
 25.50      0.03698      0.03612      0.00094
 25.52      0.04081      0.03599      0.00050
 25.54      0.03422      0.03586      0.00082
 25.56      0.03429      0.03573      0.00079
 25.58      0.03710      0.03560      0.00002
 25.60      0.03615      0.03546     -0.00009
 25.62      0.03630      0.03533      0.00020
 25.64      0.03304      0.03520     -0.00001
 25.66      0.03505      0.03507     -0.00018
 25.68      0.03539      0.03494     -0.00024
 25.70      0.03465      0.03480      0.00063
 25.72      0.03533      0.03467      0.00186
 25.74      0.03675      0.03454      0.00245
 25.76      0.04051      0.03441      0.00308
 25.78      0.03768      0.03427      0.00395
 25.80      0.03715      0.03414      0.00401
 25.82      0.03899      0.03400      0.00325
 25.84      0.03641      0.03386      0.00367
 25.86      0.03604      0.03373      0.00336
 25.88      0.03907      0.03359      0.00307
 25.90      0.03491      0.03345      0.00280
 25.92      0.03689      0.03331      0.00231
 25.94      0.03433      0.03317      0.00221
 25.96      0.03290      0.03303      0.00271
 25.98      0.03789      0.03289      0.00322
 26.00      0.03672      0.03275      0.00367
 26.02      0.03872      0.03261      0.00451
 26.04      0.03588      0.03247      0.00434
 26.06      0.03637      0.03232      0.00355
 26.08      0.03632      0.03218      0.00331
 26.10      0.03209      0.03203      0.00344
 26.12      0.03676      0.03189      0.00303
 26.14      0.03582      0.03174      0.00280
 26.16      0.03361      0.03159      0.00310
 26.18      0.03443      0.03144      0.00224
 26.20      0.03282      0.03129      0.00246
 26.22      0.03175      0.03114      0.00202
 26.24      0.03618      0.03099      0.00108
 26.26      0.03063      0.03084      0.00118
 26.28      0.02900      0.03069      0.00057
 26.30      0.03254      0.03054     -0.00057
 26.32      0.02795      0.03039     -0.00068
 26.34      0.02974      0.03024     -0.00000
 26.36      0.02931      0.03008     -0.00076
 26.38      0.03163      0.02993     -0.00033
 26.40      0.02800      0.02978     -0.00060
 26.42      0.02935      0.02963     -0.00125
 26.44      0.02759      0.02948     -0.00173
 26.46      0.02532      0.02932     -0.00198
 26.48      0.02848      0.02917     -0.00197
 26.50      0.02598      0.02902     -0.00170
 26.52      0.02865      0.02887     -0.00108
 26.54      0.02820      0.02872     -0.00110
 26.56      0.02764      0.02857     -0.00043
 26.58      0.02764      0.02842     -0.00046
 26.60      0.02859      0.02827     -0.00111
 26.62      0.02772      0.02812     -0.00175
 26.64      0.02423      0.02797     -0.00205
 26.66      0.02367      0.02782     -0.00221
 26.68      0.02540      0.02767     -0.00288
 26.70      0.02704      0.02752     -0.00295
 26.72      0.02360      0.02737     -0.00278
 26.74      0.02312      0.02722     -0.00274
 26.76      0.02379      0.02707     -0.00400
 26.78      0.02484      0.02692     -0.00427
 26.80      0.02003      0.02677     -0.00377
 26.82      0.02149      0.02663     -0.00434
 26.84      0.02485      0.02648     -0.00512
 26.86      0.02021      0.02633     -0.00469
 26.88      0.02020      0.02618     -0.00464
 26.90      0.02143      0.02603     -0.00468
 26.92      0.02101      0.02589     -0.00391
 26.94      0.02394      0.02574     -0.00358
 26.96      0.02331      0.02560     -0.00367
 26.98      0.02113      0.02545     -0.00379
 27.00      0.02026      0.02531     -0.00343
 27.02      0.01967      0.02516     -0.00279
 27.04      0.02501      0.02502     -0.00195
 27.06      0.02579      0.02487     -0.00141
 27.08      0.02462      0.02473     -0.00086
 27.10      0.02221      0.02458     -0.00072
 27.12      0.02169      0.02443     -0.00148
 27.14      0.02501      0.02429     -0.00096
 27.16      0.02121      0.02414     -0.00049
 27.18      0.02650      0.02400      0.00010
 27.20      0.02387      0.02385     -0.00020
 27.22      0.02388      0.02370      0.00051
 27.24      0.02280      0.02355      0.00090
 27.26      0.02402      0.02341      0.00122
 27.28      0.02769      0.02326      0.00124
 27.30      0.02473      0.02311      0.00126
 27.32      0.02325      0.02296      0.00113
 27.34      0.02217      0.02281      0.00116
 27.36      0.02261      0.02266      0.00173
 27.38      0.02709      0.02251      0.00188
 27.40      0.02685      0.02236      0.00280
 27.42      0.02328      0.02221      0.00394
 27.44      0.02599      0.02206      0.00411
 27.46      0.02752      0.02190      0.00364
 27.48      0.02717      0.02175      0.00444
 27.50      0.02372      0.02159      0.00389
 27.52      0.02654      0.02143      0.00413
 27.54      0.02242      0.02127      0.00328
 27.56      0.02793      0.02111      0.00330
 27.58      0.02216      0.02095      0.00270
 27.60      0.02301      0.02079      0.00226
 27.62      0.02275      0.02063      0.00080
 27.64      0.01941      0.02047      0.00170
 27.66      0.01984      0.02031      0.00175
 27.68      0.02587      0.02015      0.00162
 27.70      0.02242      0.01998      0.00222
 27.72      0.02128      0.01982      0.00243
 27.74      0.02159      0.01965      0.00165
 27.76      0.02007      0.01949      0.00192
 27.78      0.02117      0.01933      0.00261
 27.80      0.02295      0.01916      0.00270
 27.82      0.02393      0.01900      0.00305
 27.84      0.02119      0.01883      0.00344
 27.86      0.02097      0.01866      0.00333
 27.88      0.02229      0.01850      0.00242
 27.90      0.02158      0.01833      0.00215
 27.92      0.01856      0.01817      0.00205
 27.94      0.01901      0.01800      0.00180
 27.96      0.01965      0.01783      0.00177
 27.98      0.02019      0.01767      0.00163
 28.00      0.02059      0.01750      0.00168
 28.02      0.01705      0.01733      0.00158
 28.04      0.01841      0.01717      0.00093
 28.06      0.01835      0.01700      0.00058
 28.08      0.01607      0.01684      0.00057
 28.10      0.01801      0.01667      0.00010
 28.12      0.01619      0.01651     -0.00054
 28.14      0.01524      0.01635      0.00020
 28.16      0.01433      0.01618     -0.00020
 28.18      0.01898      0.01602      0.00024
 28.20      0.01519      0.01586     -0.00023
 28.22      0.01759      0.01570      0.00009
 28.24      0.01204      0.01554     -0.00081
 28.26      0.01516      0.01538     -0.00074
 28.28      0.01364      0.01522     -0.00119
 28.30      0.01477      0.01506     -0.00115
 28.32      0.01455      0.01490     -0.00167
 28.34      0.01141      0.01474     -0.00148
 28.36      0.01177      0.01459     -0.00191
 28.38      0.01379      0.01443     -0.00211
 28.40      0.01186      0.01427     -0.00123
 28.42      0.01278      0.01412     -0.00082
 28.44      0.01501      0.01396     -0.00102
 28.46      0.01308      0.01381     -0.00106
 28.48      0.01198      0.01365     -0.00086
 28.50      0.01088      0.01350     -0.00150
 28.52      0.01305      0.01335     -0.00117
 28.54      0.01102      0.01319     -0.00087
 28.56      0.01396      0.01304     -0.00063
 28.58      0.01271      0.01289     -0.00066
 28.60      0.01131      0.01274     -0.00002
 28.62      0.01213      0.01258     -0.00047
 28.64      0.01346      0.01243     -0.00036
 28.66      0.01098      0.01228     -0.00046
 28.68      0.01251      0.01213     -0.00079
 28.70      0.01003      0.01198     -0.00102
 28.72      0.00972      0.01183     -0.00094
 28.74      0.01156      0.01168     -0.00098
 28.76      0.01063      0.01153     -0.00115
 28.78      0.01154      0.01138     -0.00076
 28.80      0.00846      0.01123     -0.00095
 28.82      0.01091      0.01108     -0.00100
 28.84      0.00983      0.01093     -0.00082
 28.86      0.00967      0.01078     -0.00062
 28.88      0.01166      0.01063     -0.00057
 28.90      0.00874      0.01049     -0.00058
 28.92      0.01042      0.01034     -0.00041
 28.94      0.00903      0.01019     -0.00085
 28.96      0.00979      0.01004     -0.00095
 28.98      0.00871      0.00989     -0.00127
 29.00      0.00749      0.00975     -0.00137
 29.02      0.00809      0.00960     -0.00212
 29.04      0.00778      0.00945     -0.00219
 29.06      0.00534      0.00931     -0.00214
 29.08      0.00762      0.00917     -0.00228
 29.10      0.00700      0.00902     -0.00269
 29.12      0.00669      0.00888     -0.00222
 29.14      0.00502      0.00874     -0.00172
 29.16      0.00699      0.00860     -0.00173
 29.18      0.00941      0.00846     -0.00120
 29.20      0.00622      0.00832     -0.00031
 29.22      0.00864      0.00818      0.00000
 29.24      0.00879      0.00805     -0.00074
 29.26      0.00787      0.00791     -0.00095
 29.28      0.00499      0.00778     -0.00130
 29.30      0.00454      0.00764     -0.00178
 29.32      0.00620      0.00751     -0.00228
 29.34      0.00574      0.00738     -0.00194
 29.36      0.00468      0.00725     -0.00173
 29.38      0.00603      0.00712     -0.00199
 29.40      0.00497      0.00699     -0.00211
 29.42      0.00422      0.00687     -0.00202
 29.44      0.00451      0.00674     -0.00199
 29.46      0.00451      0.00662     -0.00193
 29.48      0.00556      0.00650     -0.00172
 29.50      0.00466      0.00638     -0.00173
 29.52      0.00465      0.00626     -0.00155
 29.54      0.00390      0.00615     -0.00159
 29.56      0.00480      0.00603     -0.00139
 29.58      0.00479      0.00592     -0.00149
 29.60      0.00509      0.00581     -0.00132
 29.62      0.00359      0.00570     -0.00142
 29.64      0.00419      0.00559     -0.00158
 29.66      0.00373      0.00548     -0.00190
 29.68      0.00343      0.00538     -0.00171
 29.70      0.00298      0.00527     -0.00157
 29.72      0.00402      0.00517     -0.00174
 29.74      0.00432      0.00507     -0.00143
 29.76      0.00238      0.00497     -0.00113
 29.78      0.00446      0.00487     -0.00109
 29.80      0.00401      0.00477     -0.00118
 29.82      0.00371      0.00468     -0.00099
 29.84      0.00341      0.00458     -0.00105
 29.86      0.00282      0.00449     -0.00140
 29.88      0.00371      0.00440     -0.00111
 29.90      0.00178      0.00431     -0.00114
 29.92      0.00474      0.00422     -0.00087
 29.94      0.00281      0.00413     -0.00088
 29.96      0.00370      0.00405     -0.00023
 29.98      0.00325      0.00396     -0.00030
 30.00      0.00458      0.00388      0.00005
 30.02      0.00398      0.00380      0.00016
 30.04      0.00413      0.00372      0.00027
 30.06      0.00383      0.00364      0.00011
 30.08      0.00339      0.00356      0.00048
 30.10      0.00339      0.00348      0.00041
 30.12      0.00544      0.00340      0.00001
 30.14      0.00338      0.00333      0.00006
 30.16      0.00147      0.00325     -0.00017
 30.18      0.00323      0.00318     -0.00053
 30.20      0.00191      0.00310     -0.00049
 30.22      0.00323      0.00303     -0.00033
 30.24      0.00322      0.00296     -0.00032
 30.26      0.00190      0.00289     -0.00020
 30.28      0.00293      0.00282     -0.00019
 30.30      0.00219      0.00275     -0.00030
 30.32      0.00292      0.00269     -0.00020
 30.34      0.00234      0.00262     -0.00037
 30.36      0.00204      0.00255     -0.00028
 30.38      0.00175      0.00249     -0.00068
 30.40      0.00233      0.00242     -0.00085
 30.42      0.00058      0.00236     -0.00085
 30.44      0.00116      0.00230     -0.00099
 30.46      0.00175      0.00224     -0.00122
 30.48      0.00073      0.00218     -0.00122
 30.50      0.00087      0.00212     -0.00119
 30.52      0.00029      0.00206     -0.00134
 30.54      0.00102      0.00201     -0.00137
 30.56      0.00072      0.00195     -0.00131
 30.58      0.00029      0.00190     -0.00126
 30.60      0.00087      0.00184     -0.00132
 30.62      0.00029      0.00179     -0.00133
 30.64      0.00043      0.00174     -0.00133
 30.66      0.00043      0.00169     -0.00134
 30.68      0.00000      0.00164     -0.00126
 30.70      0.00058      0.00159     -0.00130
 30.72      0.00043      0.00155     -0.00129
 30.74      0.00000      0.00150     -0.00124
 30.76      0.00029      0.00145     -0.00128
 30.78      0.00000      0.00141     -0.00127
 30.80      0.00014      0.00137     -0.00122
 30.82      0.00029      0.00133     -0.00121
 30.84      0.00000      0.00129     -0.00117
 30.86      0.00014      0.00125     -0.00116
 30.88      0.00000      0.00121     -0.00118
 30.90      0.00000      0.00117     -0.00114
 30.92      0.00000      0.00113     -0.00113
 30.94      0.00000      0.00110     -0.00110
 30.96      0.00000      0.00106     -0.00106
 30.98      0.00000      0.00103     -0.00103
 31.00      0.00000      0.00099     -0.00097
 31.02      0.00000      0.00096     -0.00090
 31.04      0.00014      0.00093     -0.00087
 31.06      0.00014      0.00090     -0.00084
 31.08      0.00000      0.00087     -0.00081
 31.10      0.00000      0.00084     -0.00081
 31.12      0.00000      0.00081     -0.00081
 31.14      0.00000      0.00078     -0.00078
 31.16      0.00000      0.00076     -0.00076
 31.18      0.00000      0.00073     -0.00073
 31.20      0.00000      0.00070     -0.00070
 31.22      0.00000      0.00068     -0.00068
 31.24      0.00000      0.00065     -0.00065
 31.26      0.00000      0.00063     -0.00063
 31.28      0.00000      0.00061     -0.00061
 31.30      0.00000      0.00058     -0.00058
 31.32      0.00000      0.00056     -0.00056
 31.34      0.00000      0.00054     -0.00054
 31.36      0.00000      0.00052     -0.00052
 31.38      0.00000      0.00050     -0.00050
 31.40      0.00000      0.00048     -0.00048
 31.42      0.00000      0.00046     -0.00046
 31.44      0.00000      0.00044     -0.00044
 31.46      0.00000      0.00043     -0.00043
 31.48      0.00000      0.00041     -0.00041
 31.50      0.00000      0.00039     -0.00039
 31.52      0.00000      0.00037     -0.00037
 31.54      0.00000      0.00036     -0.00036
 31.56      0.00000      0.00034     -0.00034
 31.58      0.00000      0.00033     -0.00033
 31.60      0.00000      0.00031     -0.00031
 31.62      0.00000      0.00030     -0.00030
 31.64      0.00000      0.00028     -0.00028
 31.66      0.00000      0.00027     -0.00027
 31.68      0.00000      0.00026     -0.00026
 31.70      0.00000      0.00024     -0.00024
 31.72      0.00000      0.00023     -0.00023
 31.74      0.00000      0.00022     -0.00022
 31.76      0.00000      0.00021     -0.00021
 31.78      0.00000      0.00020     -0.00020
 31.80      0.00000      0.00018     -0.00018
 31.82      0.00000      0.00017     -0.00017
 31.84      0.00000      0.00016     -0.00016
 31.86      0.00000      0.00015     -0.00015
 31.88      0.00000      0.00014     -0.00014
 31.90      0.00000      0.00014     -0.00014
 31.92      0.00000      0.00013     -0.00013
 31.94      0.00000      0.00012     -0.00012
 31.96      0.00000      0.00011     -0.00011
 31.98      0.00000      0.00010     -0.00010
 32.00      0.00000      0.00009     -0.00009
 32.02      0.00000      0.00009     -0.00009
 32.04      0.00000      0.00008     -0.00008
 32.06      0.00000      0.00007     -0.00007
 32.08      0.00000      0.00007     -0.00007
 32.10      0.00000      0.00006     -0.00006
 32.12      0.00000      0.00006     -0.00006
 32.14      0.00000      0.00005     -0.00005
 32.16      0.00000      0.00005     -0.00005
 32.18      0.00000      0.00004     -0.00004
 32.20      0.00000      0.00004     -0.00004
 32.22      0.00000      0.00003     -0.00003
 32.24      0.00000      0.00003     -0.00003
 32.26      0.00000      0.00003     -0.00003
 32.28      0.00000      0.00002     -0.00002
 32.30      0.00000      0.00002     -0.00002
 32.32      0.00000      0.00002     -0.00002
 32.34      0.00000      0.00002     -0.00002
 32.36      0.00000      0.00001     -0.00001
 32.38      0.00000      0.00001     -0.00001
 32.40      0.00000      0.00001     -0.00001
 32.42      0.00000      0.00001     -0.00001
 32.44      0.00000      0.00001     -0.00001
 32.46      0.00000      0.00001     -0.00001
 32.48      0.00000      0.00001     -0.00001
 32.50      0.00000      0.00001     -0.00001
 32.52      0.00000      0.00000     -0.00000
 32.54      0.00000      0.00000     -0.00000
 32.56      0.00000      0.00000     -0.00000
 32.58      0.00000      0.00000     -0.00000
 32.60      0.00000      0.00000     -0.00000
 32.62      0.00000      0.00000     -0.00000
 32.64      0.00000      0.00000     -0.00000
 32.66      0.00000      0.00000     -0.00000
 32.68      0.00000      0.00000     -0.00000
 32.70      0.00000      0.00000     -0.00000
 32.72      0.00000      0.00000     -0.00000
 32.74      0.00000      0.00000     -0.00000
 32.76      0.00000      0.00000     -0.00000
 32.78      0.00000      0.00000     -0.00000
 32.80      0.00000      0.00000     -0.00000
 32.82      0.00000      0.00000     -0.00000
 32.84      0.00000      0.00000     -0.00000
 32.86      0.00000      0.00000     -0.00000
 32.88      0.00000      0.00000     -0.00000
 32.90      0.00000      0.00000     -0.00000
 32.92      0.00000      0.00000     -0.00000
 32.94      0.00000      0.00000     -0.00000
 32.96      0.00000      0.00000     -0.00000
 32.98      0.00000      0.00000     -0.00000
 33.00      0.00000      0.00000     -0.00000
 33.02      0.00000      0.00000     -0.00000
 33.04      0.00000      0.00000     -0.00000
 33.06      0.00000      0.00000     -0.00000
 33.08      0.00000      0.00000      0.00000
 33.10      0.00000      0.00000      0.00000
 33.12      0.00000      0.00000      0.00000
 33.14      0.00000      0.00000      0.00000
 33.16      0.00000      0.00000      0.00000
 33.18      0.00000      0.00000      0.00000
 33.20      0.00000      0.00000      0.00000
 33.22      0.00000      0.00000      0.00000
 33.24      0.00000      0.00000      0.00000
 33.26      0.00000      0.00000      0.00000
 33.28      0.00000      0.00000      0.00000
 33.30      0.00000      0.00000      0.00000
 33.32      0.00000      0.00000      0.00000
 33.34      0.00000      0.00000      0.00000
 33.36      0.00000      0.00000      0.00000
 33.38      0.00000      0.00000      0.00000
 33.40      0.00000      0.00000      0.00000
 33.42      0.00000      0.00000      0.00000
 33.44      0.00000      0.00000      0.00000
 33.46      0.00000      0.00000      0.00000
 33.48      0.00000      0.00000      0.00000
 33.50      0.00000      0.00000      0.00000
 33.52      0.00000      0.00000      0.00000
 33.54      0.00000      0.00000      0.00000
 33.56      0.00000      0.00000      0.00000
 33.58      0.00000      0.00000      0.00000
 33.60      0.00000      0.00000      0.00000
 33.62      0.00000      0.00000      0.00000
 33.64      0.00000      0.00000      0.00000
 33.66      0.00000      0.00000      0.00000
 33.68      0.00000      0.00000      0.00000
 33.70      0.00000      0.00000      0.00000
 33.72      0.00000      0.00000      0.00000
 33.74      0.00000      0.00000      0.00000
 33.76      0.00000      0.00000      0.00000
 33.78      0.00000      0.00000      0.00000
 33.80      0.00000      0.00000      0.00000
 33.82      0.00000      0.00000      0.00000
 33.84      0.00000      0.00000      0.00000
 33.86      0.00000      0.00000      0.00000
 33.88      0.00000      0.00000      0.00000
 33.90      0.00000      0.00000      0.00000
 33.92      0.00000      0.00000      0.00000
 33.94      0.00000      0.00000      0.00000
 33.96      0.00000      0.00000      0.00000
 33.98      0.00000      0.00000      0.00000
 34.00      0.00000      0.00000      0.00000
