 #r(A)        G(r)
  0.02      0.00000
  0.04      0.00000
  0.06     -0.00000
  0.08     -0.00000
  0.10     -0.00000
  0.12     -0.00000
  0.14     -0.00000
  0.16     -0.00000
  0.18     -0.00000
  0.20     -0.00000
  0.22     -0.00000
  0.24     -0.00001
  0.26     -0.00001
  0.28     -0.00002
  0.30     -0.00002
  0.32     -0.00003
  0.34     -0.00004
  0.36     -0.00006
  0.38     -0.00007
  0.40     -0.00009
  0.42     -0.00011
  0.44     -0.00014
  0.46     -0.00016
  0.48     -0.00019
  0.50     -0.00022
  0.52     -0.00025
  0.54     -0.00028
  0.56     -0.00032
  0.58     -0.00036
  0.60     -0.00041
  0.62     -0.00048
  0.64     -0.00057
  0.66     -0.00068
  0.68     -0.00083
  0.70     -0.00103
  0.72     -0.00128
  0.74     -0.00159
  0.76     -0.00195
  0.78     -0.00235
  0.80     -0.00278
  0.82     -0.00325
  0.84     -0.00373
  0.86     -0.00423
  0.88     -0.00474
  0.90     -0.00525
  0.92     -0.00577
  0.94     -0.00629
  0.96     -0.00682
  0.98     -0.00734
  1.00     -0.00787
  1.02     -0.00839
  1.04     -0.00892
  1.06     -0.00945
  1.08     -0.00998
  1.10     -0.01051
  1.12     -0.01103
  1.14     -0.01157
  1.16     -0.01210
  1.18     -0.01263
  1.20     -0.01316
  1.22     -0.01369
  1.24     -0.01422
  1.26     -0.01476
  1.28     -0.01529
  1.30     -0.01582
  1.32     -0.01636
  1.34     -0.01689
  1.36     -0.01743
  1.38     -0.01796
  1.40     -0.01850
  1.42     -0.01904
  1.44     -0.01957
  1.46     -0.02011
  1.48     -0.02065
  1.50     -0.02119
  1.52     -0.02173
  1.54     -0.02227
  1.56     -0.02281
  1.58     -0.02335
  1.60     -0.02389
  1.62     -0.02444
  1.64     -0.02498
  1.66     -0.02553
  1.68     -0.02608
  1.70     -0.02663
  1.72     -0.02718
  1.74     -0.02774
  1.76     -0.02831
  1.78     -0.02888
  1.80     -0.02946
  1.82     -0.03005
  1.84     -0.03066
  1.86     -0.03128
  1.88     -0.03191
  1.90     -0.03256
  1.92     -0.03322
  1.94     -0.03390
  1.96     -0.03458
  1.98     -0.03528
  2.00     -0.03598
  2.02     -0.03656
  2.04     -0.03727
  2.06     -0.03793
  2.08     -0.03865
  2.10     -0.03928
  2.12     -0.04000
  2.14     -0.04014
  2.16     -0.04028
  2.18     -0.03949
  2.20     -0.03794
  2.22     -0.03653
  2.24     -0.03415
  2.26     -0.03176
  2.28     -0.02984
  2.30     -0.02785
  2.32     -0.02631
  2.34     -0.02655
  2.36     -0.02720
  2.38     -0.02744
  2.40     -0.02776
  2.42     -0.02777
  2.44     -0.02921
  2.46     -0.03062
  2.48     -0.03065
  2.50     -0.03276
  2.52     -0.03214
  2.54     -0.02364
  2.56     -0.00852
  2.58      0.01381
  2.60      0.04832
  2.62      0.09743
  2.64      0.16988
  2.66      0.23838
  2.68      0.31557
  2.70      0.39538
  2.72      0.43548
  2.74      0.43771
  2.76      0.42634
  2.78      0.37297
  2.80      0.29211
  2.82      0.22826
  2.84      0.16037
  2.86      0.09574
  2.88      0.04906
  2.90      0.01444
  2.92     -0.01608
  2.94     -0.03473
  2.96     -0.04503
  2.98     -0.04905
  3.00     -0.05211
  3.02     -0.05379
  3.04     -0.05570
  3.06     -0.05781
  3.08     -0.05976
  3.10     -0.06034
  3.12     -0.06124
  3.14     -0.06142
  3.16     -0.06144
  3.18     -0.06183
  3.20     -0.06274
  3.22     -0.06315
  3.24     -0.06302
  3.26     -0.06365
  3.28     -0.06399
  3.30     -0.06382
  3.32     -0.06344
  3.34     -0.06357
  3.36     -0.06340
  3.38     -0.06374
  3.40     -0.06433
  3.42     -0.06494
  3.44     -0.06565
  3.46     -0.06568
  3.48     -0.06555
  3.50     -0.06546
  3.52     -0.06460
  3.54     -0.06387
  3.56     -0.06367
  3.58     -0.06230
  3.60     -0.06118
  3.62     -0.05983
  3.64     -0.05893
  3.66     -0.05667
  3.68     -0.05415
  3.70     -0.04780
  3.72     -0.04194
  3.74     -0.02983
  3.76     -0.01320
  3.78      0.00316
  3.80      0.01794
  3.82      0.03533
  3.84      0.04877
  3.86      0.05590
  3.88      0.06196
  3.90      0.06320
  3.92      0.05818
  3.94      0.04375
  3.96      0.02753
  3.98      0.00933
  4.00     -0.00763
  4.02     -0.02381
  4.04     -0.03264
  4.06     -0.04092
  4.08     -0.04659
  4.10     -0.05225
  4.12     -0.05710
  4.14     -0.06063
  4.16     -0.06257
  4.18     -0.06544
  4.20     -0.06687
  4.22     -0.06641
  4.24     -0.06730
  4.26     -0.06758
  4.28     -0.06822
  4.30     -0.06849
  4.32     -0.06924
  4.34     -0.06931
  4.36     -0.06954
  4.38     -0.06938
  4.40     -0.06871
  4.42     -0.06756
  4.44     -0.06668
  4.46     -0.06544
  4.48     -0.06321
  4.50     -0.05952
  4.52     -0.05356
  4.54     -0.04616
  4.56     -0.03232
  4.58     -0.01423
  4.60      0.01254
  4.62      0.04560
  4.64      0.09820
  4.66      0.14881
  4.68      0.20238
  4.70      0.25167
  4.72      0.29760
  4.74      0.32295
  4.76      0.34109
  4.78      0.33507
  4.80      0.30923
  4.82      0.26290
  4.84      0.21056
  4.86      0.15066
  4.88      0.09768
  4.90      0.05104
  4.92      0.01719
  4.94     -0.01239
  4.96     -0.03458
  4.98     -0.04949
  5.00     -0.05734
  5.02     -0.06445
  5.04     -0.06972
  5.06     -0.07307
  5.08     -0.07404
  5.10     -0.07491
  5.12     -0.07477
  5.14     -0.07525
  5.16     -0.07509
  5.18     -0.07513
  5.20     -0.07501
  5.22     -0.07439
  5.24     -0.07410
  5.26     -0.07236
  5.28     -0.07001
  5.30     -0.06743
  5.32     -0.06146
  5.34     -0.04859
  5.36     -0.03251
  5.38     -0.01699
  5.40      0.01097
  5.42      0.03665
  5.44      0.05506
  5.46      0.07078
  5.48      0.08675
  5.50      0.08142
  5.52      0.07319
  5.54      0.06494
  5.56      0.04699
  5.58      0.02510
  5.60      0.00548
  5.62     -0.01404
  5.64     -0.03561
  5.66     -0.05034
  5.68     -0.06323
  5.70     -0.07091
  5.72     -0.07775
  5.74     -0.08136
  5.76     -0.08486
  5.78     -0.08595
  5.80     -0.08658
  5.82     -0.08650
  5.84     -0.08590
  5.86     -0.08273
  5.88     -0.07993
  5.90     -0.07650
  5.92     -0.06848
  5.94     -0.06089
  5.96     -0.04811
  5.98     -0.03337
  6.00     -0.01323
  6.02      0.01139
  6.04      0.04586
  6.06      0.07741
  6.08      0.10923
  6.10      0.14116
  6.12      0.16565
  6.14      0.17431
  6.16      0.17832
  6.18      0.17155
  6.20      0.14850
  6.22      0.12164
  6.24      0.09563
  6.26      0.06004
  6.28      0.02733
  6.30      0.00259
  6.32     -0.02208
  6.34     -0.04460
  6.36     -0.05884
  6.38     -0.06639
  6.40     -0.07353
  6.42     -0.07887
  6.44     -0.08114
  6.46     -0.08273
  6.48     -0.08453
  6.50     -0.08417
  6.52     -0.08231
  6.54     -0.08063
  6.56     -0.07597
  6.58     -0.06953
  6.60     -0.06220
  6.62     -0.05306
  6.64     -0.04325
  6.66     -0.03181
  6.68     -0.02572
  6.70     -0.01799
  6.72     -0.01188
  6.74     -0.00998
  6.76     -0.01084
  6.78     -0.01456
  6.80     -0.02147
  6.82     -0.03329
  6.84     -0.04136
  6.86     -0.05166
  6.88     -0.05838
  6.90     -0.06614
  6.92     -0.07077
  6.94     -0.07598
  6.96     -0.07920
  6.98     -0.08012
  7.00     -0.07955
  7.02     -0.07656
  7.04     -0.06988
  7.06     -0.06027
  7.08     -0.04888
  7.10     -0.02525
  7.12      0.00463
  7.14      0.04361
  7.16      0.08824
  7.18      0.13912
  7.20      0.19023
  7.22      0.23592
  7.24      0.27429
  7.26      0.29705
  7.28      0.31293
  7.30      0.30807
  7.32      0.29122
  7.34      0.25272
  7.36      0.21192
  7.38      0.15915
  7.40      0.10684
  7.42      0.05630
  7.44      0.01888
  7.46     -0.01366
  7.48     -0.03567
  7.50     -0.05335
  7.52     -0.06521
  7.54     -0.07319
  7.56     -0.07865
  7.58     -0.08431
  7.60     -0.08483
  7.62     -0.08428
  7.64     -0.08251
  7.66     -0.07716
  7.68     -0.07282
  7.70     -0.06828
  7.72     -0.06301
  7.74     -0.05957
  7.76     -0.05762
  7.78     -0.05546
  7.80     -0.05562
  7.82     -0.05751
  7.84     -0.05780
  7.86     -0.06207
  7.88     -0.06646
  7.90     -0.07100
  7.92     -0.07366
  7.94     -0.07918
  7.96     -0.08227
  7.98     -0.08302
  8.00     -0.08164
  8.02     -0.07902
  8.04     -0.07298
  8.06     -0.06107
  8.08     -0.04648
  8.10     -0.02991
  8.12     -0.00648
  8.14      0.02008
  8.16      0.04726
  8.18      0.07254
  8.20      0.09697
  8.22      0.11836
  8.24      0.13439
  8.26      0.13639
  8.28      0.13619
  8.30      0.12647
  8.32      0.10557
  8.34      0.07884
  8.36      0.05331
  8.38      0.02448
  8.40     -0.00167
  8.42     -0.02343
  8.44     -0.04154
  8.46     -0.05225
  8.48     -0.06133
  8.50     -0.06408
  8.52     -0.06296
  8.54     -0.05658
  8.56     -0.04527
  8.58     -0.02944
  8.60     -0.01334
  8.62      0.00295
  8.64      0.01901
  8.66      0.03298
  8.68      0.04146
  8.70      0.04700
  8.72      0.04524
  8.74      0.03728
  8.76      0.02345
  8.78      0.01120
  8.80     -0.00468
  8.82     -0.01987
  8.84     -0.03344
  8.86     -0.04550
  8.88     -0.05814
  8.90     -0.06505
  8.92     -0.06794
  8.94     -0.06685
  8.96     -0.06319
  8.98     -0.05456
  9.00     -0.04486
  9.02     -0.03068
  9.04     -0.01756
  9.06      0.00007
  9.08      0.01588
  9.10      0.02612
  9.12      0.03359
  9.14      0.03582
  9.16      0.03210
  9.18      0.02195
  9.20      0.01037
  9.22     -0.00511
  9.24     -0.01891
  9.26     -0.03292
  9.28     -0.04556
  9.30     -0.05395
  9.32     -0.05958
  9.34     -0.06082
  9.36     -0.06164
  9.38     -0.05489
  9.40     -0.04628
  9.42     -0.03412
  9.44     -0.02278
  9.46     -0.00696
  9.48      0.00370
  9.50      0.01479
  9.52      0.01879
  9.54      0.02287
  9.56      0.01732
  9.58      0.01427
  9.60      0.00436
  9.62     -0.00449
  9.64     -0.01443
  9.66     -0.01989
  9.68     -0.02772
  9.70     -0.03004
  9.72     -0.02553
  9.74     -0.01623
  9.76      0.00253
  9.78      0.02617
  9.80      0.05564
  9.82      0.08821
  9.84      0.12359
  9.86      0.15301
  9.88      0.18407
  9.90      0.21052
  9.92      0.22541
  9.94      0.22522
  9.96      0.21712
  9.98      0.20039
 10.00      0.17119
 10.02      0.13510
 10.04      0.09791
 10.06      0.06038
 10.08      0.02109
 10.10     -0.00988
 10.12     -0.03602
 10.14     -0.05370
 10.16     -0.06722
 10.18     -0.07714
 10.20     -0.08593
 10.22     -0.09014
 10.24     -0.09393
 10.26     -0.09736
 10.28     -0.09966
 10.30     -0.10057
 10.32     -0.10079
 10.34     -0.10053
 10.36     -0.09876
 10.38     -0.09556
 10.40     -0.09256
 10.42     -0.08884
 10.44     -0.08246
 10.46     -0.07483
 10.48     -0.06575
 10.50     -0.05141
 10.52     -0.03387
 10.54     -0.01650
 10.56      0.00377
 10.58      0.02748
 10.60      0.04641
 10.62      0.06577
 10.64      0.07935
 10.66      0.08668
 10.68      0.08500
 10.70      0.07956
 10.72      0.06569
 10.74      0.05005
 10.76      0.03185
 10.78      0.01266
 10.80     -0.00609
 10.82     -0.02071
 10.84     -0.03440
 10.86     -0.04410
 10.88     -0.04992
 10.90     -0.05394
 10.92     -0.05773
 10.94     -0.05762
 10.96     -0.05675
 10.98     -0.05665
 11.00     -0.05515
 11.02     -0.05452
 11.04     -0.05543
 11.06     -0.05699
 11.08     -0.05751
 11.10     -0.05895
 11.12     -0.05945
 11.14     -0.05602
 11.16     -0.05151
 11.18     -0.04599
 11.20     -0.03809
 11.22     -0.02364
 11.24     -0.00837
 11.26      0.00637
 11.28      0.02617
 11.30      0.04354
 11.32      0.05424
 11.34      0.06268
 11.36      0.06724
 11.38      0.06178
 11.40      0.05575
 11.42      0.04619
 11.44      0.03024
 11.46      0.01498
 11.48      0.00045
 11.50     -0.01225
 11.52     -0.02259
 11.54     -0.02675
 11.56     -0.02642
 11.58     -0.02058
 11.60     -0.01638
 11.62     -0.00902
 11.64     -0.00375
 11.66     -0.00111
 11.68      0.00267
 11.70      0.00241
 11.72     -0.00093
 11.74     -0.00339
 11.76     -0.00535
 11.78     -0.01011
 11.80     -0.00920
 11.82     -0.00606
 11.84     -0.00163
 11.86      0.00891
 11.88      0.02368
 11.90      0.03962
 11.92      0.05818
 11.94      0.07899
 11.96      0.09591
 11.98      0.10912
 12.00      0.11559
 12.02      0.11990
 12.04      0.11484
 12.06      0.10370
 12.08      0.08895
 12.10      0.07148
 12.12      0.04760
 12.14      0.02806
 12.16      0.00967
 12.18     -0.00760
 12.20     -0.01524
 12.22     -0.02002
 12.24     -0.02085
 12.26     -0.01933
 12.28     -0.01995
 12.30     -0.02164
 12.32     -0.01863
 12.34     -0.02023
 12.36     -0.02447
 12.38     -0.02568
 12.40     -0.02709
 12.42     -0.03014
 12.44     -0.03089
 12.46     -0.02739
 12.48     -0.02149
 12.50     -0.01529
 12.52     -0.00729
 12.54      0.00257
 12.56      0.01253
 12.58      0.01889
 12.60      0.02701
 12.62      0.02810
 12.64      0.02668
 12.66      0.02464
 12.68      0.02110
 12.70      0.00857
 12.72     -0.00115
 12.74     -0.01149
 12.76     -0.02213
 12.78     -0.02942
 12.80     -0.03269
 12.82     -0.03394
 12.84     -0.03495
 12.86     -0.03459
 12.88     -0.03531
 12.90     -0.03312
 12.92     -0.03120
 12.94     -0.03098
 12.96     -0.03219
 12.98     -0.03332
 13.00     -0.03438
 13.02     -0.03534
 13.04     -0.03256
 13.06     -0.02915
 13.08     -0.02396
 13.10     -0.01814
 13.12     -0.01026
 13.14     -0.00212
 13.16      0.00571
 13.18      0.01290
 13.20      0.01756
 13.22      0.01845
 13.24      0.01709
 13.26      0.01206
 13.28      0.00534
 13.30     -0.00478
 13.32     -0.01514
 13.34     -0.02603
 13.36     -0.03518
 13.38     -0.04435
 13.40     -0.04851
 13.42     -0.05312
 13.44     -0.05604
 13.46     -0.05868
 13.48     -0.06016
 13.50     -0.06233
 13.52     -0.06016
 13.54     -0.05774
 13.56     -0.05353
 13.58     -0.04687
 13.60     -0.03489
 13.62     -0.02178
 13.64     -0.00754
 13.66      0.01147
 13.68      0.03048
 13.70      0.04550
 13.72      0.06094
 13.74      0.07362
 13.76      0.07748
 13.78      0.08047
 13.80      0.07738
 13.82      0.07080
 13.84      0.06193
 13.86      0.05297
 13.88      0.03933
 13.90      0.02790
 13.92      0.01299
 13.94      0.00036
 13.96     -0.00871
 13.98     -0.01536
 14.00     -0.01847
 14.02     -0.02058
 14.04     -0.02128
 14.06     -0.02188
 14.08     -0.02041
 14.10     -0.01922
 14.12     -0.01437
 14.14     -0.00745
 14.16     -0.00083
 14.18      0.00963
 14.20      0.02385
 14.22      0.03701
 14.24      0.05200
 14.26      0.07062
 14.28      0.08112
 14.30      0.08804
 14.32      0.09612
 14.34      0.09569
 14.36      0.08965
 14.38      0.08360
 14.40      0.07427
 14.42      0.06071
 14.44      0.05134
 14.46      0.04100
 14.48      0.03288
 14.50      0.02612
 14.52      0.02120
 14.54      0.01893
 14.56      0.01828
 14.58      0.01437
 14.60      0.01106
 14.62      0.00682
 14.64     -0.00052
 14.66     -0.00797
 14.68     -0.01261
 14.70     -0.01788
 14.72     -0.02275
 14.74     -0.02804
 14.76     -0.03213
 14.78     -0.03578
 14.80     -0.03880
 14.82     -0.03981
 14.84     -0.04040
 14.86     -0.04141
 14.88     -0.04377
 14.90     -0.04625
 14.92     -0.05093
 14.94     -0.05506
 14.96     -0.05920
 14.98     -0.06364
 15.00     -0.06692
 15.02     -0.06865
 15.04     -0.07083
 15.06     -0.07252
 15.08     -0.07129
 15.10     -0.06850
 15.12     -0.06452
 15.14     -0.05972
 15.16     -0.05076
 15.18     -0.04026
 15.20     -0.02790
 15.22     -0.01578
 15.24      0.00078
 15.26      0.01364
 15.28      0.02641
 15.30      0.03621
 15.32      0.04696
 15.34      0.05051
 15.36      0.05004
 15.38      0.04834
 15.40      0.04242
 15.42      0.03315
 15.44      0.02166
 15.46      0.01181
 15.48     -0.00244
 15.50     -0.01346
 15.52     -0.02566
 15.54     -0.03384
 15.56     -0.04006
 15.58     -0.04265
 15.60     -0.04423
 15.62     -0.04227
 15.64     -0.03748
 15.66     -0.03152
 15.68     -0.02227
 15.70     -0.01298
 15.72     -0.00146
 15.74      0.00975
 15.76      0.02243
 15.78      0.03395
 15.80      0.04234
 15.82      0.04958
 15.84      0.05321
 15.86      0.05308
 15.88      0.05035
 15.90      0.04815
 15.92      0.04155
 15.94      0.03601
 15.96      0.03011
 15.98      0.02425
 16.00      0.01942
 16.02      0.01583
 16.04      0.01078
 16.06      0.00811
 16.08      0.00565
 16.10      0.00041
 16.12     -0.00224
 16.14     -0.00265
 16.16     -0.00411
 16.18     -0.00486
 16.20     -0.00281
 16.22     -0.00174
 16.24     -0.00296
 16.26     -0.00295
 16.28     -0.00398
 16.30     -0.00301
 16.32     -0.00521
 16.34     -0.00480
 16.36     -0.00570
 16.38     -0.00863
 16.40     -0.01323
 16.42     -0.01261
 16.44     -0.01467
 16.46     -0.01455
 16.48     -0.01318
 16.50     -0.01082
 16.52     -0.00988
 16.54     -0.00602
 16.56     -0.00444
 16.58      0.00023
 16.60      0.00859
 16.62      0.01551
 16.64      0.02385
 16.66      0.03215
 16.68      0.04252
 16.70      0.04768
 16.72      0.05109
 16.74      0.05668
 16.76      0.06179
 16.78      0.06137
 16.80      0.05814
 16.82      0.05379
 16.84      0.04467
 16.86      0.03376
 16.88      0.02419
 16.90      0.01474
 16.92      0.00701
 16.94     -0.00201
 16.96     -0.00855
 16.98     -0.01640
 17.00     -0.02021
 17.02     -0.02278
 17.04     -0.02464
 17.06     -0.02510
 17.08     -0.02393
 17.10     -0.02414
 17.12     -0.02440
 17.14     -0.02253
 17.16     -0.02081
 17.18     -0.01985
 17.20     -0.01902
 17.22     -0.01878
 17.24     -0.01930
 17.26     -0.02196
 17.28     -0.02271
 17.30     -0.02475
 17.32     -0.02601
 17.34     -0.02906
 17.36     -0.02916
 17.38     -0.03210
 17.40     -0.03259
 17.42     -0.03322
 17.44     -0.03201
 17.46     -0.03292
 17.48     -0.03165
 17.50     -0.02970
 17.52     -0.02773
 17.54     -0.02662
 17.56     -0.02527
 17.58     -0.02312
 17.60     -0.02151
 17.62     -0.01926
 17.64     -0.01711
 17.66     -0.01430
 17.68     -0.01233
 17.70     -0.01120
 17.72     -0.01054
 17.74     -0.00889
 17.76     -0.00797
 17.78     -0.00921
 17.80     -0.00791
 17.82     -0.00550
 17.84     -0.00346
 17.86     -0.00047
 17.88      0.00523
 17.90      0.00910
 17.92      0.01032
 17.94      0.01518
 17.96      0.02092
 17.98      0.02575
 18.00      0.03108
 18.02      0.03888
 18.04      0.04088
 18.06      0.04147
 18.08      0.03970
 18.10      0.03758
 18.12      0.03244
 18.14      0.02921
 18.16      0.02449
 18.18      0.01971
 18.20      0.01390
 18.22      0.00772
 18.24      0.00403
 18.26     -0.00068
 18.28     -0.00198
 18.30     -0.00311
 18.32     -0.00159
 18.34     -0.00034
 18.36      0.00342
 18.38      0.00653
 18.40      0.01282
 18.42      0.01775
 18.44      0.02202
 18.46      0.02413
 18.48      0.02726
 18.50      0.02600
 18.52      0.02384
 18.54      0.01999
 18.56      0.01634
 18.58      0.00900
 18.60      0.00229
 18.62     -0.00326
 18.64     -0.01044
 18.66     -0.01548
 18.68     -0.01888
 18.70     -0.02102
 18.72     -0.02181
 18.74     -0.02028
 18.76     -0.01766
 18.78     -0.01413
 18.80     -0.01043
 18.82     -0.00484
 18.84     -0.00020
 18.86      0.00266
 18.88      0.00688
 18.90      0.00935
 18.92      0.00966
 18.94      0.00822
 18.96      0.00680
 18.98      0.00337
 19.00      0.00061
 19.02     -0.00256
 19.04     -0.00570
 19.06     -0.00795
 19.08     -0.00959
 19.10     -0.01105
 19.12     -0.01129
 19.14     -0.00823
 19.16     -0.00508
 19.18     -0.00144
 19.20      0.00223
 19.22      0.00591
 19.24      0.00870
 19.26      0.01083
 19.28      0.01162
 19.30      0.01372
 19.32      0.01286
 19.34      0.01184
 19.36      0.00804
 19.38      0.00612
 19.40      0.00147
 19.42     -0.00151
 19.44     -0.00592
 19.46     -0.00605
 19.48     -0.00966
 19.50     -0.01242
 19.52     -0.01420
 19.54     -0.01544
 19.56     -0.01756
 19.58     -0.01896
 19.60     -0.01871
 19.62     -0.01915
 19.64     -0.01730
 19.66     -0.01719
 19.68     -0.01457
 19.70     -0.01330
 19.72     -0.01116
 19.74     -0.00905
 19.76     -0.00760
 19.78     -0.00668
 19.80     -0.00556
 19.82     -0.00393
 19.84     -0.00292
 19.86     -0.00174
 19.88     -0.00089
 19.90      0.00069
 19.92      0.00077
 19.94      0.00032
 19.96      0.00182
 19.98      0.00250
 20.00      0.00137
 20.02      0.00091
 20.04      0.00085
 20.06     -0.00027
 20.08     -0.00097
 20.10     -0.00039
 20.12     -0.00119
 20.14     -0.00212
 20.16     -0.00187
 20.18     -0.00254
 20.20     -0.00315
 20.22     -0.00304
 20.24     -0.00271
 20.26     -0.00186
 20.28      0.00053
 20.30      0.00275
 20.32      0.00720
 20.34      0.01025
 20.36      0.01230
 20.38      0.01415
 20.40      0.01727
 20.42      0.01890
 20.44      0.02000
 20.46      0.02018
 20.48      0.01956
 20.50      0.01545
 20.52      0.00962
 20.54      0.00552
 20.56      0.00173
 20.58     -0.00181
 20.60     -0.00326
 20.62     -0.00431
 20.64     -0.00643
 20.66     -0.00796
 20.68     -0.00819
 20.70     -0.00758
 20.72     -0.00596
 20.74     -0.00416
 20.76     -0.00221
 20.78     -0.00076
 20.80     -0.00002
 20.82      0.00191
 20.84      0.00300
 20.86      0.00537
 20.88      0.00589
 20.90      0.00574
 20.92      0.00491
 20.94      0.00545
 20.96      0.00457
 20.98      0.00516
 21.00      0.00517
 21.02      0.00473
 21.04      0.00406
 21.06      0.00337
 21.08      0.00132
 21.10      0.00118
 21.12      0.00068
 21.14     -0.00006
 21.16     -0.00185
 21.18     -0.00152
 21.20     -0.00217
 21.22     -0.00299
 21.24     -0.00394
 21.26     -0.00243
 21.28     -0.00316
 21.30     -0.00327
 21.32     -0.00319
 21.34     -0.00117
 21.36     -0.00085
 21.38      0.00029
 21.40      0.00103
 21.42      0.00172
 21.44      0.00139
 21.46      0.00122
 21.48      0.00231
 21.50      0.00290
 21.52      0.00297
 21.54      0.00334
 21.56      0.00225
 21.58      0.00159
 21.60      0.00071
 21.62      0.00011
 21.64     -0.00164
 21.66     -0.00212
 21.68     -0.00406
 21.70     -0.00463
 21.72     -0.00449
 21.74     -0.00425
 21.76     -0.00328
 21.78     -0.00208
 21.80     -0.00123
 21.82     -0.00033
 21.84      0.00093
 21.86      0.00156
 21.88      0.00268
 21.90      0.00349
 21.92      0.00275
 21.94      0.00183
 21.96      0.00014
 21.98     -0.00251
 22.00     -0.00433
 22.02     -0.00608
 22.04     -0.00719
 22.06     -0.00804
 22.08     -0.00789
 22.10     -0.00907
 22.12     -0.00919
 22.14     -0.00942
 22.16     -0.00963
 22.18     -0.01048
 22.20     -0.01030
 22.22     -0.00994
 22.24     -0.01006
 22.26     -0.00967
 22.28     -0.00917
 22.30     -0.00760
 22.32     -0.00662
 22.34     -0.00539
 22.36     -0.00314
 22.38     -0.00050
 22.40      0.00090
 22.42      0.00265
 22.44      0.00486
 22.46      0.00558
 22.48      0.00631
 22.50      0.00711
 22.52      0.00777
 22.54      0.00794
 22.56      0.00929
 22.58      0.00964
 22.60      0.00976
 22.62      0.00966
 22.64      0.00945
 22.66      0.00750
 22.68      0.00701
 22.70      0.00561
 22.72      0.00478
 22.74      0.00308
 22.76      0.00310
 22.78      0.00234
 22.80      0.00219
 22.82      0.00142
 22.84      0.00178
 22.86      0.00116
 22.88      0.00057
 22.90      0.00080
 22.92      0.00112
 22.94      0.00070
 22.96      0.00070
 22.98     -0.00030
 23.00     -0.00094
 23.02     -0.00185
 23.04     -0.00229
 23.06     -0.00222
 23.08     -0.00208
 23.10     -0.00244
 23.12     -0.00340
 23.14     -0.00430
 23.16     -0.00548
 23.18     -0.00562
 23.20     -0.00646
 23.22     -0.00581
 23.24     -0.00577
 23.26     -0.00537
 23.28     -0.00554
 23.30     -0.00509
 23.32     -0.00487
 23.34     -0.00386
 23.36     -0.00433
 23.38     -0.00335
 23.40     -0.00220
 23.42     -0.00048
 23.44      0.00072
 23.46      0.00316
 23.48      0.00466
 23.50      0.00566
 23.52      0.00541
 23.54      0.00543
 23.56      0.00520
 23.58      0.00547
 23.60      0.00520
 23.62      0.00569
 23.64      0.00572
 23.66      0.00530
 23.68      0.00412
 23.70      0.00354
 23.72      0.00257
 23.74      0.00180
 23.76      0.00199
 23.78      0.00210
 23.80      0.00231
 23.82      0.00238
 23.84      0.00232
 23.86      0.00152
 23.88      0.00143
 23.90      0.00055
 23.92      0.00044
 23.94      0.00056
 23.96      0.00063
 23.98     -0.00006
 24.00      0.00013
 24.02     -0.00026
 24.04     -0.00060
 24.06     -0.00089
 24.08     -0.00139
 24.10     -0.00171
 24.12     -0.00217
 24.14     -0.00230
 24.16     -0.00263
 24.18     -0.00179
 24.20     -0.00213
 24.22     -0.00190
 24.24     -0.00239
 24.26     -0.00260
 24.28     -0.00325
 24.30     -0.00346
 24.32     -0.00387
 24.34     -0.00348
 24.36     -0.00369
 24.38     -0.00385
 24.40     -0.00366
 24.42     -0.00390
 24.44     -0.00448
 24.46     -0.00435
 24.48     -0.00436
 24.50     -0.00429
 24.52     -0.00356
 24.54     -0.00301
 24.56     -0.00242
 24.58     -0.00246
 24.60     -0.00260
 24.62     -0.00265
 24.64     -0.00232
 24.66     -0.00243
 24.68     -0.00210
 24.70     -0.00117
 24.72     -0.00119
 24.74     -0.00125
 24.76     -0.00063
 24.78     -0.00035
 24.80     -0.00059
 24.82     -0.00006
 24.84      0.00012
 24.86      0.00026
 24.88      0.00046
 24.90      0.00065
 24.92      0.00054
 24.94      0.00150
 24.96      0.00159
 24.98      0.00216
 25.00      0.00229
 25.02      0.00246
 25.04      0.00170
 25.06      0.00181
 25.08      0.00115
 25.10      0.00122
 25.12      0.00141
 25.14      0.00122
 25.16      0.00099
 25.18      0.00098
 25.20      0.00044
 25.22     -0.00011
 25.24     -0.00016
 25.26     -0.00066
 25.28     -0.00037
 25.30     -0.00027
 25.32     -0.00029
 25.34     -0.00010
 25.36     -0.00001
 25.38     -0.00056
 25.40     -0.00067
 25.42     -0.00043
 25.44     -0.00055
 25.46     -0.00069
 25.48     -0.00080
 25.50     -0.00077
 25.52     -0.00091
 25.54     -0.00095
 25.56     -0.00078
 25.58     -0.00083
 25.60     -0.00077
 25.62     -0.00079
 25.64     -0.00034
 25.66     -0.00041
 25.68      0.00004
 25.70      0.00033
 25.72      0.00040
 25.74      0.00004
 25.76      0.00001
 25.78      0.00003
 25.80     -0.00036
 25.82     -0.00067
 25.84     -0.00098
 25.86     -0.00069
 25.88     -0.00098
 25.90     -0.00044
 25.92     -0.00032
 25.94     -0.00012
 25.96     -0.00041
 25.98     -0.00019
 26.00     -0.00072
 26.02     -0.00065
 26.04     -0.00064
 26.06     -0.00062
 26.08     -0.00033
 26.10      0.00001
 26.12      0.00024
 26.14      0.00049
 26.16      0.00036
 26.18      0.00005
 26.20      0.00033
 26.22      0.00024
 26.24      0.00039
 26.26      0.00070
 26.28      0.00100
 26.30      0.00050
 26.32      0.00044
 26.34      0.00022
 26.36     -0.00006
 26.38     -0.00049
 26.40     -0.00034
 26.42     -0.00022
 26.44     -0.00044
 26.46     -0.00032
 26.48     -0.00032
 26.50     -0.00053
 26.52     -0.00094
 26.54     -0.00108
 26.56     -0.00135
 26.58     -0.00122
 26.60     -0.00125
 26.62     -0.00130
 26.64     -0.00161
 26.66     -0.00174
 26.68     -0.00213
 26.70     -0.00228
 26.72     -0.00234
 26.74     -0.00217
 26.76     -0.00207
 26.78     -0.00173
 26.80     -0.00160
 26.82     -0.00129
 26.84     -0.00134
 26.86     -0.00117
 26.88     -0.00120
 26.90     -0.00126
 26.92     -0.00122
 26.94     -0.00105
 26.96     -0.00098
 26.98     -0.00098
 27.00     -0.00099
 27.02     -0.00103
 27.04     -0.00076
 27.06     -0.00077
 27.08     -0.00074
 27.10     -0.00039
 27.12     -0.00018
 27.14     -0.00014
 27.16      0.00015
 27.18      0.00040
 27.20      0.00020
 27.22      0.00004
 27.24      0.00001
 27.26     -0.00019
 27.28     -0.00037
 27.30     -0.00023
 27.32     -0.00020
 27.34     -0.00035
 27.36     -0.00035
 27.38     -0.00020
 27.40     -0.00015
 27.42     -0.00012
 27.44     -0.00023
 27.46     -0.00019
 27.48     -0.00019
 27.50     -0.00035
 27.52     -0.00041
 27.54     -0.00024
 27.56     -0.00030
 27.58     -0.00043
 27.60     -0.00042
 27.62     -0.00053
 27.64     -0.00050
 27.66     -0.00064
 27.68     -0.00066
 27.70     -0.00060
 27.72     -0.00052
 27.74     -0.00064
 27.76     -0.00051
 27.78     -0.00050
 27.80     -0.00050
 27.82     -0.00044
 27.84     -0.00036
 27.86     -0.00049
 27.88     -0.00053
 27.90     -0.00062
 27.92     -0.00069
 27.94     -0.00061
 27.96     -0.00048
 27.98     -0.00041
 28.00     -0.00040
 28.02     -0.00047
 28.04     -0.00054
 28.06     -0.00056
 28.08     -0.00064
 28.10     -0.00058
 28.12     -0.00053
 28.14     -0.00063
 28.16     -0.00068
 28.18     -0.00060
 28.20     -0.00058
 28.22     -0.00058
 28.24     -0.00051
 28.26     -0.00036
 28.28     -0.00040
 28.30     -0.00052
 28.32     -0.00048
 28.34     -0.00051
 28.36     -0.00058
 28.38     -0.00054
 28.40     -0.00035
 28.42     -0.00034
 28.44     -0.00035
 28.46     -0.00037
 28.48     -0.00042
 28.50     -0.00051
 28.52     -0.00048
 28.54     -0.00049
 28.56     -0.00049
 28.58     -0.00048
 28.60     -0.00048
 28.62     -0.00047
 28.64     -0.00042
 28.66     -0.00039
 28.68     -0.00044
 28.70     -0.00038
 28.72     -0.00038
 28.74     -0.00041
 28.76     -0.00045
 28.78     -0.00041
 28.80     -0.00042
 28.82     -0.00044
 28.84     -0.00035
 28.86     -0.00041
 28.88     -0.00035
 28.90     -0.00036
 28.92     -0.00034
 28.94     -0.00039
 28.96     -0.00034
 28.98     -0.00038
 29.00     -0.00038
 29.02     -0.00039
 29.04     -0.00040
 29.06     -0.00039
 29.08     -0.00040
 29.10     -0.00039
 29.12     -0.00037
 29.14     -0.00031
 29.16     -0.00030
 29.18     -0.00027
 29.20     -0.00027
 29.22     -0.00031
 29.24     -0.00038
 29.26     -0.00031
 29.28     -0.00028
 29.30     -0.00033
 29.32     -0.00028
 29.34     -0.00026
 29.36     -0.00030
 29.38     -0.00030
 29.40     -0.00024
 29.42     -0.00030
 29.44     -0.00028
 29.46     -0.00030
 29.48     -0.00029
 29.50     -0.00027
 29.52     -0.00023
 29.54     -0.00023
 29.56     -0.00019
 29.58     -0.00017
 29.60     -0.00017
 29.62     -0.00018
 29.64     -0.00018
 29.66     -0.00020
 29.68     -0.00018
 29.70     -0.00023
 29.72     -0.00024
 29.74     -0.00020
 29.76     -0.00018
 29.78     -0.00022
 29.80     -0.00022
 29.82     -0.00021
 29.84     -0.00026
 29.86     -0.00028
 29.88     -0.00028
 29.90     -0.00024
 29.92     -0.00023
 29.94     -0.00021
 29.96     -0.00024
 29.98     -0.00027
 30.00     -0.00027
 30.02     -0.00028
 30.04     -0.00027
 30.06     -0.00026
 30.08     -0.00026
 30.10     -0.00028
 30.12     -0.00029
 30.14     -0.00031
 30.16     -0.00030
 30.18     -0.00029
 30.20     -0.00029
 30.22     -0.00030
 30.24     -0.00026
 30.26     -0.00025
 30.28     -0.00021
 30.30     -0.00018
 30.32     -0.00016
 30.34     -0.00020
 30.36     -0.00021
 30.38     -0.00024
 30.40     -0.00024
 30.42     -0.00024
 30.44     -0.00024
 30.46     -0.00023
 30.48     -0.00022
 30.50     -0.00022
 30.52     -0.00023
 30.54     -0.00021
 30.56     -0.00021
 30.58     -0.00022
 30.60     -0.00021
 30.62     -0.00022
 30.64     -0.00022
 30.66     -0.00019
 30.68     -0.00016
 30.70     -0.00017
 30.72     -0.00015
 30.74     -0.00014
 30.76     -0.00015
 30.78     -0.00017
 30.80     -0.00017
 30.82     -0.00017
 30.84     -0.00016
 30.86     -0.00015
 30.88     -0.00013
 30.90     -0.00012
 30.92     -0.00011
 30.94     -0.00011
 30.96     -0.00011
 30.98     -0.00012
 31.00     -0.00012
 31.02     -0.00012
 31.04     -0.00011
 31.06     -0.00011
 31.08     -0.00010
 31.10     -0.00010
 31.12     -0.00010
 31.14     -0.00010
 31.16     -0.00009
 31.18     -0.00009
 31.20     -0.00009
 31.22     -0.00008
 31.24     -0.00008
 31.26     -0.00008
 31.28     -0.00008
 31.30     -0.00007
 31.32     -0.00007
 31.34     -0.00007
 31.36     -0.00006
 31.38     -0.00006
 31.40     -0.00006
 31.42     -0.00005
 31.44     -0.00005
 31.46     -0.00004
 31.48     -0.00005
 31.50     -0.00005
 31.52     -0.00004
 31.54     -0.00004
 31.56     -0.00004
 31.58     -0.00004
 31.60     -0.00004
 31.62     -0.00004
 31.64     -0.00003
 31.66     -0.00003
 31.68     -0.00003
 31.70     -0.00003
 31.72     -0.00002
 31.74     -0.00002
 31.76     -0.00002
 31.78     -0.00002
 31.80     -0.00002
 31.82     -0.00002
 31.84     -0.00002
 31.86     -0.00002
 31.88     -0.00002
 31.90     -0.00002
 31.92     -0.00002
 31.94     -0.00001
 31.96     -0.00001
 31.98     -0.00001
 32.00     -0.00001
 32.02     -0.00001
 32.04     -0.00001
 32.06     -0.00001
 32.08     -0.00001
 32.10     -0.00001
 32.12     -0.00001
 32.14     -0.00001
 32.16     -0.00001
 32.18     -0.00001
 32.20     -0.00001
 32.22     -0.00001
 32.24     -0.00001
 32.26     -0.00001
 32.28     -0.00001
 32.30     -0.00000
 32.32     -0.00000
 32.34     -0.00000
 32.36     -0.00000
 32.38     -0.00000
 32.40     -0.00000
 32.42     -0.00000
 32.44     -0.00000
 32.46     -0.00000
 32.48     -0.00000
 32.50     -0.00000
 32.52     -0.00000
 32.54     -0.00000
 32.56     -0.00000
 32.58     -0.00000
 32.60     -0.00000
 32.62     -0.00000
 32.64     -0.00000
 32.66     -0.00000
 32.68     -0.00000
 32.70     -0.00000
 32.72     -0.00000
 32.74     -0.00000
 32.76     -0.00000
 32.78     -0.00000
 32.80     -0.00000
 32.82     -0.00000
 32.84     -0.00000
 32.86     -0.00000
 32.88     -0.00000
 32.90     -0.00000
 32.92     -0.00000
 32.94     -0.00000
 32.96     -0.00000
 32.98     -0.00000
 33.00     -0.00000
 33.02     -0.00000
 33.04     -0.00000
 33.06     -0.00000
 33.08     -0.00000
 33.10     -0.00000
 33.12     -0.00000
 33.14     -0.00000
 33.16     -0.00000
 33.18     -0.00000
 33.20     -0.00000
 33.22     -0.00000
 33.24     -0.00000
 33.26     -0.00000
 33.28     -0.00000
 33.30     -0.00000
 33.32     -0.00000
 33.34     -0.00000
 33.36     -0.00000
 33.38     -0.00000
 33.40     -0.00000
 33.42     -0.00000
 33.44     -0.00000
 33.46     -0.00000
 33.48     -0.00000
 33.50     -0.00000
 33.52     -0.00000
 33.54     -0.00000
 33.56     -0.00000
 33.58     -0.00000
 33.60     -0.00000
 33.62     -0.00000
 33.64     -0.00000
 33.66     -0.00000
 33.68     -0.00000
 33.70     -0.00000
 33.72     -0.00000
 33.74      0.00000
 33.76      0.00000
 33.78      0.00000
 33.80      0.00000
 33.82      0.00000
 33.84      0.00000
 33.86      0.00000
 33.88      0.00000
 33.90      0.00000
 33.92      0.00000
 33.94      0.00000
 33.96      0.00000
 33.98      0.00000
 34.00      0.00000
