 #r(A)        G(r)
  0.02      0.00000
  0.04      0.00000
  0.06      0.00000
  0.08      0.00000
  0.10      0.00000
  0.12      0.00000
  0.14      0.00000
  0.16      0.00000
  0.18      0.00000
  0.20      0.00000
  0.22      0.00000
  0.24      0.00000
  0.26      0.00000
  0.28      0.00000
  0.30      0.00000
  0.32      0.00000
  0.34      0.00000
  0.36      0.00000
  0.38      0.00000
  0.40      0.00000
  0.42      0.00000
  0.44      0.00000
  0.46      0.00000
  0.48      0.00000
  0.50      0.00000
  0.52      0.00000
  0.54      0.00000
  0.56      0.00000
  0.58      0.00000
  0.60      0.00000
  0.62      0.00000
  0.64      0.00000
  0.66      0.00000
  0.68      0.00000
  0.70      0.00000
  0.72     -0.00005
  0.74     -0.00029
  0.76     -0.00053
  0.78     -0.00076
  0.80     -0.00100
  0.82     -0.00123
  0.84     -0.00147
  0.86     -0.00170
  0.88     -0.00194
  0.90     -0.00217
  0.92     -0.00241
  0.94     -0.00265
  0.96     -0.00288
  0.98     -0.00312
  1.00     -0.00335
  1.02     -0.00359
  1.04     -0.00382
  1.06     -0.00406
  1.08     -0.00429
  1.10     -0.00453
  1.12     -0.00477
  1.14     -0.00500
  1.16     -0.00524
  1.18     -0.00547
  1.20     -0.00571
  1.22     -0.00594
  1.24     -0.00618
  1.26     -0.00641
  1.28     -0.00665
  1.30     -0.00689
  1.32     -0.00712
  1.34     -0.00736
  1.36     -0.00759
  1.38     -0.00783
  1.40     -0.00806
  1.42     -0.00830
  1.44     -0.00854
  1.46     -0.00877
  1.48     -0.00901
  1.50     -0.00924
  1.52     -0.00948
  1.54     -0.00971
  1.56     -0.00995
  1.58     -0.01018
  1.60     -0.01042
  1.62     -0.01066
  1.64     -0.01089
  1.66     -0.01113
  1.68     -0.01136
  1.70     -0.01160
  1.72     -0.01183
  1.74     -0.01207
  1.76     -0.01230
  1.78     -0.01254
  1.80     -0.01278
  1.82     -0.01301
  1.84     -0.01325
  1.86     -0.01356
  1.88     -0.01388
  1.90     -0.01419
  1.92     -0.01451
  1.94     -0.01482
  1.96     -0.01514
  1.98     -0.01545
  2.00     -0.01577
  2.02     -0.01608
  2.04     -0.01640
  2.06     -0.01671
  2.08     -0.01703
  2.10     -0.01735
  2.12     -0.01766
  2.14     -0.01798
  2.16     -0.01829
  2.18     -0.01861
  2.20     -0.01892
  2.22     -0.01924
  2.24     -0.01955
  2.26     -0.01987
  2.28     -0.02018
  2.30     -0.02050
  2.32     -0.02081
  2.34     -0.02113
  2.36     -0.02144
  2.38     -0.02176
  2.40     -0.02207
  2.42     -0.02239
  2.44     -0.02270
  2.46     -0.02302
  2.48     -0.02333
  2.50     -0.02365
  2.52     -0.02397
  2.54     -0.02428
  2.56     -0.02460
  2.58     -0.02491
  2.60     -0.02523
  2.62     -0.02554
  2.64     -0.02586
  2.66     -0.02617
  2.68      0.08395
  2.70      0.45383
  2.72      0.45352
  2.74      0.45306
  2.76      0.45296
  2.78      0.34243
  2.80     -0.02786
  2.82     -0.02796
  2.84     -0.02805
  2.86     -0.02815
  2.88     -0.02825
  2.90     -0.02834
  2.92     -0.02844
  2.94     -0.02853
  2.96     -0.02863
  2.98     -0.02872
  3.00     -0.02882
  3.02     -0.02892
  3.04     -0.02901
  3.06     -0.02911
  3.08     -0.02920
  3.10     -0.02930
  3.12     -0.02939
  3.14     -0.02949
  3.16     -0.02959
  3.18     -0.02968
  3.20     -0.02978
  3.22     -0.02987
  3.24     -0.02997
  3.26     -0.03006
  3.28     -0.03016
  3.30     -0.03025
  3.32     -0.03035
  3.34     -0.03045
  3.36     -0.03054
  3.38     -0.03064
  3.40     -0.03073
  3.42     -0.03083
  3.44     -0.03092
  3.46     -0.03102
  3.48     -0.03122
  3.50     -0.03142
  3.52     -0.03162
  3.54     -0.03183
  3.56     -0.03203
  3.58     -0.03223
  3.60     -0.03243
  3.62     -0.03263
  3.64     -0.03283
  3.66     -0.03303
  3.68     -0.03324
  3.70     -0.03344
  3.72     -0.03364
  3.74     -0.03384
  3.76     -0.03404
  3.78     -0.03424
  3.80     -0.03444
  3.82      0.12790
  3.84      0.12769
  3.86      0.12749
  3.88      0.12745
  3.90      0.12741
  3.92     -0.03518
  3.94     -0.03522
  3.96     -0.03526
  3.98     -0.03530
  4.00     -0.03534
  4.02     -0.03539
  4.04     -0.03543
  4.06     -0.03547
  4.08     -0.03551
  4.10     -0.03555
  4.12     -0.03578
  4.14     -0.03601
  4.16     -0.03623
  4.18     -0.03646
  4.20     -0.03668
  4.22     -0.03691
  4.24     -0.03713
  4.26     -0.03736
  4.28     -0.03759
  4.30     -0.03781
  4.32     -0.03804
  4.34     -0.03826
  4.36     -0.03849
  4.38     -0.03871
  4.40     -0.03894
  4.42     -0.03916
  4.44     -0.03939
  4.46     -0.03962
  4.48     -0.03984
  4.50     -0.04007
  4.52     -0.04029
  4.54     -0.04052
  4.56     -0.04074
  4.58     -0.04097
  4.60     -0.04120
  4.62     -0.04142
  4.64     -0.04165
  4.66     -0.04187
  4.68     -0.04210
  4.70      0.47092
  4.72      0.47064
  4.74      0.47036
  4.76      0.47053
  4.78      0.47052
  4.80     -0.04274
  4.82     -0.04275
  4.84     -0.04277
  4.86     -0.04278
  4.88     -0.04279
  4.90     -0.04280
  4.92     -0.04282
  4.94     -0.04283
  4.96     -0.04284
  4.98     -0.04286
  5.00     -0.04287
  5.02     -0.04288
  5.04     -0.04289
  5.06     -0.04291
  5.08     -0.04292
  5.10     -0.04293
  5.12     -0.04295
  5.14     -0.04296
  5.16     -0.04297
  5.18     -0.04298
  5.20     -0.04300
  5.22     -0.04301
  5.24     -0.04302
  5.26     -0.04333
  5.28     -0.04364
  5.30     -0.04395
  5.32     -0.04426
  5.34     -0.04457
  5.36     -0.04488
  5.38     -0.04518
  5.40     -0.04549
  5.42     -0.04580
  5.44      0.16977
  5.46      0.16946
  5.48      0.16915
  5.50      0.16905
  5.52      0.16895
  5.54     -0.04702
  5.56     -0.04712
  5.58     -0.04722
  5.60     -0.04731
  5.62     -0.04741
  5.64     -0.04751
  5.66     -0.04761
  5.68     -0.04770
  5.70     -0.04780
  5.72     -0.04790
  5.74     -0.04799
  5.76     -0.04813
  5.78     -0.04826
  5.80     -0.04839
  5.82     -0.04852
  5.84     -0.04865
  5.86     -0.04878
  5.88     -0.04891
  5.90     -0.04912
  5.92     -0.04933
  5.94     -0.04954
  5.96     -0.04976
  5.98     -0.04997
  6.00     -0.05018
  6.02     -0.05039
  6.04     -0.05060
  6.06     -0.05081
  6.08      0.32333
  6.10      0.32312
  6.12      0.32291
  6.14      0.32307
  6.16      0.32322
  6.18     -0.05097
  6.20     -0.05082
  6.22     -0.05072
  6.24     -0.05075
  6.26     -0.05079
  6.28     -0.05082
  6.30     -0.05085
  6.32     -0.05088
  6.34     -0.05091
  6.36     -0.05094
  6.38     -0.05098
  6.40     -0.05101
  6.42     -0.05104
  6.44     -0.05107
  6.46     -0.05110
  6.48     -0.05113
  6.50     -0.05116
  6.52     -0.05120
  6.54     -0.05123
  6.56     -0.05126
  6.58     -0.05129
  6.60     -0.05132
  6.62     -0.05135
  6.64     -0.05139
  6.66     -0.05142
  6.68      0.06009
  6.70      0.05995
  6.72      0.05980
  6.74      0.05976
  6.76      0.05972
  6.78     -0.05223
  6.80     -0.05251
  6.82     -0.05280
  6.84     -0.05309
  6.86     -0.05338
  6.88     -0.05367
  6.90     -0.05396
  6.92     -0.05425
  6.94     -0.05454
  6.96     -0.05483
  6.98     -0.05512
  7.00     -0.05541
  7.02     -0.05570
  7.04     -0.05599
  7.06     -0.05628
  7.08     -0.05657
  7.10     -0.05697
  7.12     -0.05737
  7.14     -0.05776
  7.16     -0.05816
  7.18     -0.05856
  7.20     -0.05896
  7.22      0.54484
  7.24      0.54445
  7.26      0.54405
  7.28      0.54424
  7.30      0.54444
  7.32     -0.05957
  7.34     -0.05938
  7.36     -0.05918
  7.38     -0.05899
  7.40     -0.05880
  7.42     -0.05860
  7.44     -0.05841
  7.46     -0.05822
  7.48     -0.05802
  7.50     -0.05793
  7.52     -0.05794
  7.54     -0.05796
  7.56     -0.05797
  7.58     -0.05799
  7.60     -0.05800
  7.62     -0.05802
  7.64     -0.05803
  7.66     -0.05804
  7.68     -0.05806
  7.70     -0.05807
  7.72      0.01085
  7.74      0.01083
  7.76      0.01082
  7.78      0.01087
  7.80      0.01093
  7.82     -0.05795
  7.84     -0.05790
  7.86     -0.05785
  7.88     -0.05779
  7.90     -0.05803
  7.92     -0.05826
  7.94     -0.05850
  7.96     -0.05873
  7.98     -0.05897
  8.00     -0.05920
  8.02     -0.05944
  8.04     -0.05967
  8.06     -0.05991
  8.08     -0.06014
  8.10     -0.06038
  8.12     -0.06061
  8.14     -0.06085
  8.16     -0.06127
  8.18      0.06406
  8.20      0.32102
  8.22      0.32060
  8.24      0.32030
  8.26      0.32026
  8.28      0.19447
  8.30     -0.06294
  8.32     -0.06299
  8.34     -0.06303
  8.36     -0.06307
  8.38     -0.06312
  8.40     -0.06316
  8.42     -0.06320
  8.44     -0.06324
  8.46     -0.06329
  8.48     -0.06333
  8.50     -0.06337
  8.52     -0.06342
  8.54     -0.06346
  8.56     -0.06350
  8.58     -0.06354
  8.60     -0.06359
  8.62     -0.06363
  8.64      0.17255
  8.66      0.17234
  8.68      0.17212
  8.70      0.17214
  8.72      0.17216
  8.74     -0.06423
  8.76     -0.06426
  8.78     -0.06430
  8.80     -0.06434
  8.82     -0.06438
  8.84     -0.06442
  8.86     -0.06445
  8.88     -0.06449
  8.90     -0.06453
  8.92     -0.06457
  8.94     -0.06461
  8.96     -0.06465
  8.98     -0.06472
  9.00     -0.06480
  9.02     -0.06488
  9.04     -0.06496
  9.06      0.15702
  9.08      0.15694
  9.10      0.15686
  9.12      0.15700
  9.14      0.15714
  9.16     -0.06478
  9.18     -0.06465
  9.20     -0.06451
  9.22     -0.06437
  9.24     -0.06423
  9.26     -0.06409
  9.28     -0.06395
  9.30     -0.06411
  9.32     -0.06443
  9.34     -0.06474
  9.36     -0.06506
  9.38     -0.06537
  9.40     -0.06568
  9.42     -0.06600
  9.44     -0.06631
  9.46      0.14206
  9.48      0.14175
  9.50      0.14143
  9.52      0.14132
  9.54      0.14121
  9.56     -0.06759
  9.58     -0.06770
  9.60     -0.06781
  9.62     -0.06792
  9.64     -0.06812
  9.66     -0.06833
  9.68     -0.06853
  9.70     -0.06873
  9.72     -0.06894
  9.74     -0.06914
  9.76     -0.06935
  9.78     -0.06955
  9.80     -0.06979
  9.82     -0.07002
  9.84     -0.07026
  9.86      0.51759
  9.88      0.51735
  9.90      0.51711
  9.92      0.51745
  9.94      0.51779
  9.96     -0.07017
  9.98     -0.07005
 10.00     -0.06993
 10.02     -0.06980
 10.04     -0.06968
 10.06     -0.06956
 10.08     -0.06943
 10.10     -0.06931
 10.12     -0.06919
 10.14     -0.06906
 10.16     -0.06894
 10.18     -0.06882
 10.20     -0.06869
 10.22     -0.06857
 10.24     -0.06845
 10.26     -0.06838
 10.28     -0.06852
 10.30     -0.06865
 10.32     -0.06878
 10.34     -0.06892
 10.36     -0.06905
 10.38     -0.06918
 10.40     -0.06931
 10.42     -0.06945
 10.44     -0.06958
 10.46     -0.06971
 10.48     -0.06985
 10.50     -0.06998
 10.52     -0.07011
 10.54     -0.07024
 10.56     -0.07038
 10.58     -0.07064
 10.60      0.28078
 10.62      0.28051
 10.64      0.28025
 10.66      0.28033
 10.68      0.28041
 10.70     -0.07120
 10.72     -0.07123
 10.74     -0.07127
 10.76     -0.07130
 10.78     -0.07134
 10.80     -0.07138
 10.82     -0.07141
 10.84     -0.07145
 10.86     -0.07148
 10.88     -0.07158
 10.90     -0.07168
 10.92     -0.07178
 10.94      0.01195
 10.96      0.01185
 10.98      0.01175
 11.00      0.01174
 11.02      0.01172
 11.04     -0.07213
 11.06     -0.07215
 11.08     -0.07216
 11.10     -0.07218
 11.12     -0.07220
 11.14     -0.07232
 11.16     -0.07257
 11.18     -0.07282
 11.20     -0.07307
 11.22     -0.07332
 11.24     -0.07356
 11.26     -0.07381
 11.28      0.24600
 11.30      0.24575
 11.32      0.24551
 11.34      0.24557
 11.36      0.24564
 11.38     -0.07436
 11.40     -0.07429
 11.42     -0.07423
 11.44     -0.07416
 11.46     -0.07411
 11.48     -0.07407
 11.50     -0.07402
 11.52     -0.07398
 11.54     -0.07403
 11.56     -0.07409
 11.58     -0.07414
 11.60      0.11739
 11.62      0.11734
 11.64      0.11728
 11.66      0.11741
 11.68      0.11754
 11.70     -0.07392
 11.72     -0.07387
 11.74     -0.07394
 11.76     -0.07401
 11.78     -0.07407
 11.80     -0.07414
 11.82     -0.07421
 11.84     -0.07428
 11.86     -0.07434
 11.88     -0.07441
 11.90     -0.07448
 11.92      0.36470
 11.94      0.36435
 11.96      0.36399
 11.98      0.36407
 12.00      0.36409
 12.02     -0.07514
 12.04     -0.07512
 12.06     -0.07510
 12.08     -0.07508
 12.10     -0.07506
 12.12     -0.07504
 12.14     -0.07502
 12.16     -0.07500
 12.18     -0.07498
 12.20     -0.07496
 12.22     -0.07494
 12.24      0.06490
 12.26      0.06471
 12.28      0.06451
 12.30      0.06446
 12.32      0.06441
 12.34     -0.07547
 12.36     -0.07553
 12.38     -0.07558
 12.40     -0.07564
 12.42     -0.07569
 12.44     -0.07575
 12.46     -0.07580
 12.48     -0.07586
 12.50     -0.07591
 12.52     -0.07597
 12.54      0.19306
 12.56      0.19291
 12.58      0.19275
 12.60      0.19286
 12.62      0.19296
 12.64     -0.07612
 12.66     -0.07602
 12.68     -0.07608
 12.70     -0.07615
 12.72     -0.07621
 12.74     -0.07628
 12.76     -0.07635
 12.78     -0.07646
 12.80     -0.07658
 12.82     -0.07669
 12.84      0.05241
 12.86      0.05230
 12.88      0.05218
 12.90      0.05219
 12.92      0.05220
 12.94     -0.07701
 12.96     -0.07700
 12.98     -0.07699
 13.00     -0.07698
 13.02     -0.07701
 13.04     -0.07704
 13.06     -0.07707
 13.08     -0.07710
 13.10     -0.07713
 13.12      0.17191
 13.14      0.17188
 13.16      0.17184
 13.18      0.17206
 13.20      0.17227
 13.22     -0.07657
 13.24     -0.07636
 13.26     -0.07615
 13.28     -0.07593
 13.30     -0.07590
 13.32     -0.07588
 13.34     -0.07585
 13.36     -0.07598
 13.38     -0.07611
 13.40     -0.07624
 13.42     -0.03619
 13.44     -0.03631
 13.46     -0.03644
 13.48     -0.03653
 13.50     -0.03662
 13.52     -0.07689
 13.54     -0.07699
 13.56     -0.07709
 13.58     -0.07719
 13.60     -0.07729
 13.62     -0.07739
 13.64     -0.07750
 13.66     -0.07760
 13.68      0.09712
 13.70      0.32814
 13.72      0.32795
 13.74      0.32792
 13.76      0.32813
 13.78      0.15324
 13.80     -0.07794
 13.82     -0.07792
 13.84     -0.07789
 13.86     -0.07786
 13.88     -0.07783
 13.90     -0.07781
 13.92     -0.07778
 13.94     -0.07775
 13.96      0.03435
 13.98      0.03438
 14.00      0.03419
 14.02      0.03403
 14.04      0.03386
 14.06     -0.07837
 14.08     -0.07853
 14.10     -0.07869
 14.12     -0.07886
 14.14     -0.07902
 14.16     -0.07918
 14.18     -0.07935
 14.20     -0.07951
 14.22      0.35281
 14.24      0.35256
 14.26      0.35232
 14.28      0.35250
 14.30      0.35267
 14.32     -0.07970
 14.34     -0.07959
 14.36     -0.07948
 14.38     -0.07937
 14.40     -0.07926
 14.42     -0.07915
 14.44     -0.07904
 14.46     -0.07893
 14.48     -0.07888
 14.50      0.13077
 14.52      0.13081
 14.54      0.13086
 14.56      0.13112
 14.58      0.13137
 14.60     -0.07797
 14.62     -0.07784
 14.64     -0.07772
 14.66     -0.07760
 14.68     -0.07747
 14.70     -0.07754
 14.72     -0.07762
 14.74      0.02350
 14.76      0.02342
 14.78      0.02335
 14.80      0.02338
 14.82      0.02341
 14.84     -0.07775
 14.86     -0.07772
 14.88     -0.07770
 14.90     -0.07767
 14.92     -0.07771
 14.94     -0.07778
 14.96     -0.07785
 14.98     -0.07793
 15.00     -0.07800
 15.02     -0.07808
 15.04     -0.07815
 15.06     -0.07822
 15.08     -0.07830
 15.10     -0.07837
 15.12     -0.07845
 15.14     -0.07852
 15.16     -0.07867
 15.18     -0.07882
 15.20     -0.07909
 15.22     -0.07936
 15.24     -0.07963
 15.26      0.29963
 15.28      0.29936
 15.30      0.29909
 15.32      0.29919
 15.34      0.29929
 15.36     -0.08013
 15.38     -0.08007
 15.40     -0.08000
 15.42     -0.07994
 15.44     -0.07987
 15.46     -0.07981
 15.48     -0.07974
 15.50     -0.05670
 15.52     -0.05666
 15.54     -0.05661
 15.56     -0.05654
 15.58     -0.05654
 15.60     -0.07954
 15.62     -0.07954
 15.64     -0.07954
 15.66     -0.07954
 15.68     -0.07954
 15.70     -0.07954
 15.72     -0.07954
 15.74      0.27852
 15.76      0.27843
 15.78      0.27823
 15.80      0.27831
 15.82      0.27839
 15.84     -0.07958
 15.86     -0.07950
 15.88     -0.07942
 15.90     -0.07934
 15.92     -0.07925
 15.94     -0.07917
 15.96     -0.07909
 15.98      0.09486
 16.00      0.09494
 16.02      0.09486
 16.04      0.09489
 16.06      0.09492
 16.08     -0.07891
 16.10     -0.07888
 16.12     -0.07885
 16.14     -0.07881
 16.16     -0.07878
 16.18     -0.07875
 16.20      0.09065
 16.22      0.09065
 16.24      0.09065
 16.26      0.09082
 16.28      0.09098
 16.30     -0.07844
 16.32     -0.07848
 16.34     -0.07853
 16.36     -0.07857
 16.38     -0.07862
 16.40     -0.07867
 16.42     -0.07887
 16.44      0.04342
 16.46      0.04322
 16.48      0.04301
 16.50      0.04293
 16.52      0.04284
 16.54     -0.07974
 16.56     -0.07982
 16.58     -0.08001
 16.60     -0.08020
 16.62     -0.08039
 16.64     -0.08057
 16.66      0.31733
 16.68      0.31714
 16.70      0.31696
 16.72      0.31716
 16.74      0.31736
 16.76     -0.08053
 16.78     -0.08033
 16.80     -0.08012
 16.82     -0.07997
 16.84     -0.07994
 16.86     -0.07990
 16.88     -0.07987
 16.90     -0.00228
 16.92     -0.00224
 16.94     -0.00221
 16.96     -0.00210
 16.98     -0.00199
 17.00     -0.07944
 17.02     -0.07933
 17.04     -0.07925
 17.06     -0.07917
 17.08     -0.07909
 17.10     -0.07901
 17.12      0.07221
 17.14      0.07229
 17.16      0.07237
 17.18      0.07260
 17.20      0.07283
 17.22     -0.07814
 17.24     -0.07804
 17.26     -0.07794
 17.28     -0.07784
 17.30     -0.07774
 17.32     -0.07764
 17.34     -0.00427
 17.36     -0.00436
 17.38     -0.00444
 17.40     -0.00446
 17.42     -0.00451
 17.44     -0.07802
 17.46     -0.07807
 17.48     -0.07812
 17.50     -0.07817
 17.52     -0.07822
 17.54      0.06419
 17.56      0.06414
 17.58      0.06408
 17.60      0.06416
 17.62      0.06419
 17.64     -0.07825
 17.66     -0.07823
 17.68     -0.07821
 17.70     -0.07818
 17.72     -0.07816
 17.74     -0.07814
 17.76      0.06104
 17.78      0.06106
 17.80      0.06109
 17.82      0.06099
 17.84      0.06090
 17.86     -0.07835
 17.88     -0.07844
 17.90     -0.07854
 17.92     -0.07863
 17.94     -0.07873
 17.96     -0.07882
 17.98      0.25959
 18.00      0.25942
 18.02      0.25925
 18.04      0.25941
 18.06      0.25948
 18.08     -0.07896
 18.10     -0.07889
 18.12     -0.07881
 18.14     -0.07874
 18.16     -0.07867
 18.18     -0.01216
 18.20     -0.01212
 18.22     -0.01208
 18.24     -0.01197
 18.26     -0.01187
 18.28     -0.07832
 18.30     -0.07829
 18.32     -0.07827
 18.34     -0.07825
 18.36     -0.07823
 18.38      0.24457
 18.40      0.24444
 18.42      0.24431
 18.44      0.24450
 18.46      0.24469
 18.48     -0.07804
 18.50     -0.07785
 18.52     -0.07773
 18.54     -0.07760
 18.56     -0.07747
 18.58     -0.07734
 18.60     -0.07721
 18.62     -0.07708
 18.64     -0.07695
 18.66     -0.07682
 18.68     -0.07669
 18.70     -0.07656
 18.72     -0.07643
 18.74     -0.07660
 18.76     -0.07676
 18.78     -0.07692
 18.80      0.16812
 18.82      0.16796
 18.84      0.16780
 18.86      0.16787
 18.88      0.16795
 18.90     -0.07717
 18.92     -0.07716
 18.94     -0.07715
 18.96     -0.07714
 18.98     -0.07717
 19.00     -0.01726
 19.02     -0.01729
 19.04     -0.01732
 19.06     -0.01729
 19.08     -0.01726
 19.10     -0.07723
 19.12     -0.07727
 19.14     -0.07731
 19.16     -0.07734
 19.18      0.01442
 19.20      0.18581
 19.22      0.18570
 19.24      0.18568
 19.26      0.18583
 19.28      0.09412
 19.30     -0.07728
 19.32     -0.07718
 19.34     -0.07707
 19.36     -0.07697
 19.38     -0.00568
 19.40     -0.00558
 19.42     -0.00551
 19.44     -0.00538
 19.46     -0.00535
 19.48     -0.07651
 19.50     -0.07649
 19.52     -0.07646
 19.54     -0.07643
 19.56     -0.07640
 19.58      0.03466
 19.60      0.03469
 19.62      0.03464
 19.64      0.03471
 19.66      0.03478
 19.68     -0.07619
 19.70     -0.07613
 19.72     -0.07606
 19.74     -0.07600
 19.76     -0.07593
 19.78      0.08722
 19.80      0.08716
 19.82      0.08710
 19.84      0.08713
 19.86      0.08717
 19.88     -0.07588
 19.90     -0.07585
 19.92     -0.07581
 19.94     -0.07578
 19.96      0.08337
 19.98      0.08339
 20.00      0.08341
 20.02      0.08359
 20.04      0.08377
 20.06     -0.07533
 20.08     -0.07532
 20.10     -0.07530
 20.12     -0.07529
 20.14     -0.00617
 20.16     -0.00620
 20.18     -0.00623
 20.20     -0.00619
 20.22     -0.00614
 20.24     -0.07521
 20.26     -0.07520
 20.28     -0.07519
 20.30     -0.07518
 20.32     -0.07521
 20.34      0.22935
 20.36      0.22932
 20.38      0.22929
 20.40      0.22956
 20.42      0.22982
 20.44     -0.07450
 20.46     -0.07439
 20.48     -0.07441
 20.50     -0.07444
 20.52     -0.07446
 20.54     -0.07448
 20.56     -0.07451
 20.58     -0.07453
 20.60     -0.07456
 20.62     -0.07458
 20.64     -0.07460
 20.66     -0.07466
 20.68     -0.07472
 20.70      0.11951
 20.72      0.11945
 20.74      0.11939
 20.76      0.11952
 20.78      0.11965
 20.80     -0.07452
 20.82     -0.07446
 20.84     -0.07441
 20.86     -0.07435
 20.88      0.06764
 20.90      0.06757
 20.92      0.06751
 20.94      0.06758
 20.96      0.06766
 20.98     -0.07435
 21.00     -0.07431
 21.02     -0.07427
 21.04     -0.07423
 21.06      0.06454
 21.08      0.06455
 21.10      0.06456
 21.12      0.06471
 21.14      0.06486
 21.16     -0.07376
 21.18     -0.07365
 21.20     -0.07354
 21.22     -0.07343
 21.24      0.01718
 21.26      0.01724
 21.28      0.01723
 21.30      0.01730
 21.32      0.01735
 21.34     -0.07310
 21.36     -0.07305
 21.38     -0.07300
 21.40     -0.07295
 21.42      0.14839
 21.44      0.14844
 21.46      0.14845
 21.48      0.14855
 21.50      0.14865
 21.52     -0.07254
 21.54     -0.07244
 21.56     -0.07234
 21.58     -0.07225
 21.60     -0.07215
 21.62     -0.07205
 21.64     -0.07197
 21.66     -0.07194
 21.68     -0.07191
 21.70     -0.07189
 21.72     -0.07186
 21.74     -0.07183
 21.76      0.18233
 21.78      0.18236
 21.80      0.18230
 21.82      0.18250
 21.84      0.18270
 21.86     -0.07132
 21.88     -0.07121
 21.90     -0.07109
 21.92     -0.07097
 21.94     -0.05000
 21.96     -0.04993
 21.98     -0.04986
 22.00     -0.04977
 22.02     -0.04968
 22.04     -0.07053
 22.06     -0.07052
 22.08     -0.07051
 22.10     -0.07049
 22.12      0.01051
 22.14      0.01046
 22.16      0.01041
 22.18      0.01044
 22.20      0.01047
 22.22     -0.07059
 22.24     -0.07059
 22.26     -0.07060
 22.28      0.00899
 22.30      0.00899
 22.32      0.00898
 22.34      0.00906
 22.36      0.00913
 22.38     -0.07039
 22.40     -0.07032
 22.42     -0.07045
 22.44      0.20169
 22.46      0.20155
 22.48      0.20142
 22.50      0.20155
 22.52      0.20168
 22.54     -0.07046
 22.56     -0.07033
 22.58     -0.07021
 22.60     -0.07009
 22.62      0.00631
 22.64      0.00643
 22.66      0.00655
 22.68      0.00674
 22.70      0.00693
 22.72     -0.06919
 22.74     -0.06906
 22.76     -0.06893
 22.78      0.07986
 22.80      0.07989
 22.82      0.07992
 22.84      0.08010
 22.86      0.08028
 22.88     -0.06835
 22.90     -0.06823
 22.92     -0.06810
 22.94      0.00489
 22.96      0.00494
 22.98      0.00499
 23.00      0.00512
 23.02      0.00524
 23.04     -0.06757
 23.06     -0.06751
 23.08     -0.06745
 23.10     -0.06740
 23.12      0.00402
 23.14      0.00401
 23.16      0.00400
 23.18      0.00403
 23.20      0.00406
 23.22     -0.06726
 23.24     -0.06723
 23.26     -0.06720
 23.28     -0.02361
 23.30     -0.02357
 23.32     -0.02359
 23.34     -0.02363
 23.36     -0.02368
 23.38     -0.06729
 23.40     -0.06734
 23.42     -0.06739
 23.44      0.20566
 23.46      0.20561
 23.48      0.20555
 23.50      0.20565
 23.52      0.20575
 23.54     -0.06724
 23.56     -0.06714
 23.58     -0.06705
 23.60     -0.03370
 23.62     -0.03360
 23.64     -0.03357
 23.66     -0.03352
 23.68     -0.03346
 23.70     -0.06665
 23.72     -0.06660
 23.74     -0.06654
 23.76      0.09732
 23.78      0.09737
 23.80      0.09741
 23.82      0.09761
 23.84      0.09769
 23.86     -0.06603
 23.88     -0.06595
 23.90     -0.06587
 23.92      0.03034
 23.94      0.03037
 23.96      0.03040
 23.98      0.03053
 24.00      0.03065
 24.02     -0.06541
 24.04     -0.06529
 24.06     -0.06521
 24.08      0.06045
 24.10      0.06053
 24.12      0.06061
 24.14      0.06082
 24.16      0.06102
 24.18     -0.06436
 24.20     -0.06419
 24.22     -0.06410
 24.24     -0.06400
 24.26     -0.06391
 24.28     -0.06381
 24.30     -0.06372
 24.32     -0.06363
 24.34     -0.06353
 24.36     -0.06350
 24.38      0.05685
 24.40      0.05688
 24.42      0.05691
 24.44      0.05706
 24.46      0.05722
 24.48     -0.06295
 24.50     -0.06286
 24.52     -0.06291
 24.54     -0.03350
 24.56     -0.03355
 24.58     -0.03360
 24.60     -0.03362
 24.62     -0.03364
 24.64     -0.06312
 24.66     -0.06314
 24.68     -0.01180
 24.70      0.06780
 24.72      0.06774
 24.74      0.06773
 24.76      0.06780
 24.78      0.01649
 24.80     -0.06311
 24.82     -0.06307
 24.84      0.05058
 24.86      0.05056
 24.88      0.05054
 24.90      0.05062
 24.92      0.05071
 24.94     -0.06281
 24.96     -0.06272
 24.98     -0.06264
 25.00      0.07652
 25.02      0.07657
 25.04      0.07662
 25.06      0.07670
 25.08      0.07678
 25.10     -0.06221
 25.12     -0.06212
 25.14     -0.00774
 25.16     -0.00766
 25.18     -0.00757
 25.20     -0.00749
 25.22     -0.00742
 25.24     -0.06164
 25.26     -0.06156
 25.28     -0.06148
 25.30      0.09789
 25.32      0.09797
 25.34      0.09800
 25.36      0.09816
 25.38      0.09832
 25.40     -0.06080
 25.42     -0.06064
 25.44     -0.03435
 25.46     -0.03419
 25.48     -0.03406
 25.50     -0.03390
 25.52     -0.03388
 25.54     -0.05998
 25.56     -0.05995
 25.58     -0.05993
 25.60      0.09315
 25.62      0.09315
 25.64      0.09314
 25.66      0.09329
 25.68      0.09341
 25.70     -0.05952
 25.72     -0.05939
 25.74     -0.03400
 25.76     -0.03389
 25.78     -0.03378
 25.80     -0.03364
 25.82     -0.03351
 25.84     -0.05872
 25.86     -0.05867
 25.88      0.03954
 25.90      0.03951
 25.92      0.03947
 25.94      0.03953
 25.96      0.03959
 25.98     -0.05859
 26.00     -0.05858
 26.02      0.01348
 26.04      0.01348
 26.06      0.01349
 26.08      0.01356
 26.10      0.01364
 26.12     -0.05834
 26.14     -0.05827
 26.16     -0.05829
 26.18      0.08369
 26.20      0.08367
 26.22      0.08364
 26.24      0.08376
 26.26      0.08388
 26.28     -0.05800
 26.30     -0.05791
 26.32     -0.01173
 26.34     -0.01164
 26.36     -0.01155
 26.38     -0.01141
 26.40     -0.01127
 26.42     -0.05725
 26.44     -0.05714
 26.46      0.07888
 26.48      0.07893
 26.50      0.07898
 26.52      0.07917
 26.54      0.07936
 26.56     -0.05645
 26.58     -0.05630
 26.60     -0.05614
 26.62     -0.05600
 26.64     -0.05586
 26.66     -0.05572
 26.68     -0.05558
 26.70     -0.05548
 26.72     -0.05539
 26.74     -0.01187
 26.76     -0.01180
 26.78     -0.01176
 26.80     -0.01169
 26.82     -0.01161
 26.84     -0.05494
 26.86     -0.05486
 26.88     -0.04765
 26.90     -0.04757
 26.92     -0.04755
 26.94     -0.04752
 26.96     -0.04753
 26.98     -0.05469
 27.00     -0.05471
 27.02      0.15344
 27.04      0.15342
 27.06      0.15341
 27.08      0.15351
 27.10      0.15362
 27.12     -0.05445
 27.14     -0.05434
 27.16     -0.00837
 27.18     -0.00826
 27.20     -0.00816
 27.22     -0.00807
 27.24     -0.00797
 27.26     -0.05375
 27.28     -0.05366
 27.30      0.04636
 27.32      0.04645
 27.34      0.04653
 27.36      0.04670
 27.38      0.04680
 27.40     -0.05302
 27.42     -0.05292
 27.44      0.01585
 27.46      0.01594
 27.48      0.01597
 27.50      0.01607
 27.52      0.01615
 27.54     -0.05243
 27.56     -0.05235
 27.58      0.00534
 27.60      0.00542
 27.62      0.00549
 27.64      0.00563
 27.66      0.00576
 27.68     -0.05180
 27.70     -0.05174
 27.72     -0.01405
 27.74     -0.01405
 27.76     -0.01406
 27.78     -0.01402
 27.80     -0.01399
 27.82     -0.05167
 27.84      0.13262
 27.86      0.13263
 27.88      0.13263
 27.90      0.13281
 27.92      0.13299
 27.94     -0.05110
 27.96     -0.05097
 27.98     -0.03281
 28.00     -0.03270
 28.02     -0.03259
 28.04     -0.03247
 28.06     -0.03234
 28.08     -0.05027
 28.10     -0.05018
 28.12      0.02107
 28.14      0.02116
 28.16      0.02125
 28.18      0.02141
 28.20      0.02157
 28.22     -0.04944
 28.24     -0.04932
 28.26      0.00278
 28.28      0.00284
 28.30      0.00289
 28.32      0.00300
 28.34      0.00311
 28.36     -0.04885
 28.38      0.00224
 28.40      0.00231
 28.42      0.00237
 28.44      0.00249
 28.46      0.00260
 28.48     -0.04832
 28.50     -0.04824
 28.52      0.01849
 28.54      0.01850
 28.56      0.01852
 28.58      0.01860
 28.60      0.01865
 28.62     -0.04794
 28.64     -0.04789
 28.66      0.03345
 28.68      0.03351
 28.70      0.03356
 28.72      0.03366
 28.74      0.03376
 28.76     -0.04742
 28.78     -0.04732
 28.80     -0.04722
 28.82     -0.04714
 28.84     -0.04706
 28.86     -0.04698
 28.88     -0.04690
 28.90     -0.04682
 28.92      0.04710
 28.94      0.04718
 28.96      0.04725
 28.98      0.04738
 29.00      0.04750
 29.02     -0.04621
 29.04     -0.01551
 29.06     -0.01538
 29.08     -0.01526
 29.10     -0.01521
 29.12     -0.01516
 29.14     -0.04569
 29.16     -0.04564
 29.18      0.01439
 29.20      0.01444
 29.22      0.01447
 29.24      0.01454
 29.26      0.01461
 29.28     -0.04531
 29.30     -0.01584
 29.32     -0.01578
 29.34     -0.01573
 29.36     -0.01566
 29.38     -0.01563
 29.40     -0.04501
 29.42     -0.04498
 29.44      0.09924
 29.46      0.09925
 29.48      0.09926
 29.50      0.09941
 29.52      0.09953
 29.54     -0.04455
 29.56     -0.03038
 29.58     -0.03028
 29.60     -0.03018
 29.62     -0.03007
 29.64     -0.02996
 29.66     -0.04393
 29.68      0.08036
 29.70      0.08040
 29.72      0.08044
 29.74      0.08059
 29.76      0.08075
 29.78     -0.04330
 29.80     -0.04316
 29.82     -0.00247
 29.84     -0.00233
 29.86     -0.00220
 29.88     -0.00202
 29.90     -0.00185
 29.92     -0.04232
 29.94      0.01054
 29.96      0.01059
 29.98      0.01064
 30.00      0.01074
 30.02      0.01084
 30.04     -0.04188
 30.06     -0.04180
 30.08     -0.04172
 30.10     -0.04164
 30.12     -0.04156
 30.14     -0.04148
 30.16     -0.04142
 30.18     -0.01586
 30.20      0.02863
 30.22      0.02865
 30.24      0.02870
 30.26      0.02879
 30.28      0.00335
 30.30     -0.04105
 30.32     -0.00367
 30.34     -0.00362
 30.36     -0.00358
 30.38     -0.00350
 30.40     -0.00344
 30.42     -0.04070
 30.44      0.03222
 30.46      0.03225
 30.48      0.03228
 30.50      0.03237
 30.52      0.03247
 30.54     -0.04031
 30.56      0.00741
 30.58      0.00750
 30.60      0.00756
 30.62      0.00767
 30.64      0.00776
 30.66     -0.03978
 30.68      0.03028
 30.70      0.03037
 30.72      0.03045
 30.74      0.03057
 30.76      0.03069
 30.78     -0.03916
 30.80     -0.03904
 30.82     -0.03892
 30.84     -0.03880
 30.86     -0.03871
 30.88     -0.03861
 30.90     -0.03852
 30.92     -0.03842
 30.94      0.05110
 30.96      0.05119
 30.98      0.05128
 31.00      0.05141
 31.02      0.05154
 31.04     -0.03775
 31.06     -0.03483
 31.08     -0.03470
 31.10     -0.03460
 31.12     -0.03452
 31.14     -0.03444
 31.16     -0.03715
 31.18      0.00590
 31.20      0.00597
 31.22      0.00605
 31.24      0.00617
 31.26      0.00625
 31.28     -0.03662
 31.30      0.00570
 31.32      0.00577
 31.34      0.00583
 31.36      0.00593
 31.38      0.00602
 31.40     -0.03612
 31.42     -0.00544
 31.44     -0.00537
 31.46     -0.00529
 31.48     -0.00519
 31.50     -0.00509
 31.52     -0.03564
 31.54      0.00442
 31.56      0.00445
 31.58      0.00447
 31.60      0.00453
 31.62      0.00459
 31.64     -0.03540
 31.66      0.06209
 31.68      0.06214
 31.70      0.06219
 31.72      0.06233
 31.74      0.06247
 31.76     -0.03488
 31.78     -0.02526
 31.80     -0.02520
 31.82     -0.02514
 31.84     -0.02506
 31.86     -0.02499
 31.88     -0.03448
 31.90      0.04034
 31.92      0.04039
 31.94      0.04044
 31.96      0.04056
 31.98      0.04068
 32.00     -0.03399
 32.02     -0.01573
 32.04     -0.01566
 32.06     -0.01559
 32.08     -0.01551
 32.10     -0.01544
 32.12      0.02024
 32.14      0.02032
 32.16      0.02039
 32.18      0.02051
 32.20      0.02064
 32.22     -0.03305
 32.24      0.00237
 32.26      0.00247
 32.28      0.00255
 32.30      0.00267
 32.32      0.00277
 32.34     -0.03242
 32.36      0.02768
 32.38      0.02779
 32.40      0.02788
 32.42      0.02803
 32.44      0.02814
 32.46     -0.03174
 32.48     -0.01498
 32.50     -0.01486
 32.52     -0.01478
 32.54     -0.01469
 32.56     -0.01459
 32.58     -0.03115
 32.60      0.00154
 32.62      0.00163
 32.64      0.00170
 32.66      0.00179
 32.68      0.00188
 32.70     -0.03062
 32.72     -0.03053
 32.74     -0.03045
 32.76     -0.03039
 32.78     -0.03034
 32.80     -0.03029
 32.82      0.01643
 32.84      0.01648
 32.86      0.01653
 32.88      0.01661
 32.90      0.01670
 32.92     -0.02988
 32.94     -0.01841
 32.96     -0.01832
 32.98     -0.01825
 33.00     -0.01816
 33.02     -0.01811
 33.04     -0.02945
 33.06      0.04558
 33.08      0.04560
 33.10      0.04562
 33.12      0.04571
 33.14      0.04580
 33.16     -0.01447
 33.18     -0.01438
 33.20     -0.01429
 33.22     -0.01419
 33.24     -0.01409
 33.26     -0.02864
 33.28      0.02139
 33.30      0.02146
 33.32      0.02153
 33.34      0.02165
 33.36      0.02177
 33.38     -0.02809
 33.40      0.00670
 33.42      0.00680
 33.44      0.00689
 33.46      0.00701
 33.48      0.00714
 33.50     -0.00692
 33.52     -0.00682
 33.54     -0.00672
 33.56     -0.00660
 33.58     -0.00648
 33.60     -0.02689
 33.62     -0.01149
 33.64     -0.01140
 33.66     -0.01130
 33.68     -0.01119
 33.70     -0.01108
 33.72     -0.02628
 33.74      0.01262
 33.76      0.01267
 33.78      0.01272
 33.80      0.01280
 33.82      0.01289
 33.84     -0.01954
 33.86     -0.01947
 33.88     -0.01939
 33.90     -0.01931
 33.92     -0.01922
 33.94     -0.02551
 33.96      0.03623
 33.98      0.03626
 34.00      0.03629
 34.02      0.03638
 34.04      0.03646
 34.06     -0.00158
 34.08     -0.00150
 34.10     -0.00143
 34.12     -0.00134
 34.14     -0.00124
 34.16     -0.02471
 34.18     -0.00126
 34.20     -0.00120
 34.22     -0.00114
 34.24     -0.00106
 34.26     -0.00098
 34.28     -0.01284
 34.30     -0.01275
 34.32     -0.01269
 34.34     -0.01261
 34.36     -0.01255
 34.38     -0.02392
 34.40      0.04811
 34.42      0.04817
 34.44      0.04820
 34.46      0.04830
 34.48      0.04840
 34.50     -0.02347
 34.52     -0.02337
 34.54     -0.02327
 34.56     -0.02320
 34.58     -0.02312
 34.60     -0.02304
 34.62      0.00850
 34.64      0.00858
 34.66      0.00865
 34.68      0.00873
 34.70      0.00882
 34.72     -0.01725
 34.74     -0.01717
 34.76     -0.01708
 34.78     -0.01700
 34.80     -0.01692
 34.82     -0.02214
 34.84     -0.00198
 34.86     -0.00190
 34.88     -0.00182
 34.90     -0.00175
 34.92     -0.00167
 34.94     -0.00063
 34.96     -0.00056
 34.98     -0.00050
 35.00     -0.00041
 35.02     -0.00034
 35.04      0.03146
 35.06      0.03154
 35.08      0.03161
 35.10      0.03174
 35.12      0.03186
 35.14     -0.02081
 35.16     -0.01132
 35.18     -0.01124
 35.20     -0.01116
 35.22     -0.01107
 35.24     -0.01099
 35.26     -0.00232
 35.28     -0.00224
 35.30     -0.00215
 35.32     -0.00205
 35.34     -0.00195
 35.36     -0.01987
 35.38     -0.00645
 35.40     -0.00639
 35.42     -0.00632
 35.44     -0.00624
 35.46     -0.00615
 35.48      0.00663
 35.50      0.00670
 35.52      0.00676
 35.54      0.00685
 35.56      0.00693
 35.58     -0.01075
 35.60     -0.01069
 35.62     -0.01063
 35.64     -0.01056
 35.66     -0.01049
 35.68     -0.00840
 35.70      0.01180
 35.72      0.01186
 35.74      0.01193
 35.76      0.01201
 35.78      0.00175
 35.80     -0.01036
 35.82     -0.01030
 35.84     -0.01024
 35.86     -0.01018
 35.88     -0.01011
 35.90      0.01655
 35.92      0.01662
 35.94      0.01668
 35.96      0.01678
 35.98      0.01687
 36.00      0.00097
 36.02      0.00106
 36.04      0.00113
 36.06      0.00121
 36.08      0.00129
 36.10     -0.01718
 36.12      0.00095
 36.14      0.00102
 36.16      0.00109
 36.18      0.00117
 36.20      0.00125
 36.22     -0.01672
 36.24     -0.01664
 36.26     -0.01658
 36.28     -0.01651
 36.30     -0.01645
 36.32      0.01771
 36.34      0.01778
 36.36      0.01784
 36.38      0.01792
 36.40      0.01801
 36.42     -0.01272
 36.44     -0.01264
 36.46     -0.01255
 36.48     -0.01250
 36.50     -0.01245
 36.52      0.01021
 36.54      0.01026
 36.56      0.01031
 36.58      0.01038
 36.60      0.01045
 36.62      0.00331
 36.64      0.00338
 36.66      0.00345
 36.68      0.00353
 36.70      0.00361
 36.72     -0.01500
 36.74     -0.00572
 36.76     -0.00565
 36.78     -0.00558
 36.80     -0.00551
 36.82     -0.00544
 36.84      0.00034
 36.86      0.00041
 36.88      0.00048
 36.90      0.00056
 36.92      0.00063
 36.94      0.01140
 36.96      0.01147
 36.98      0.01154
 37.00      0.01164
 37.02      0.01172
 37.04     -0.00803
 37.06     -0.00795
 37.08     -0.00787
 37.10     -0.00779
 37.12     -0.00773
 37.14      0.00271
 37.16      0.00276
 37.18      0.00281
 37.20      0.00288
 37.22      0.00295
 37.24     -0.01314
 37.26     -0.01307
 37.28     -0.01301
 37.30     -0.01295
 37.32     -0.01288
 37.34      0.00227
 37.36      0.00232
 37.38      0.00237
 37.40      0.00243
 37.42      0.00250
 37.44     -0.00774
 37.46     -0.00768
 37.48     -0.00762
 37.50     -0.00756
 37.52     -0.00750
 37.54      0.02090
 37.56      0.02094
 37.58      0.02099
 37.60      0.02106
 37.62      0.02114
 37.64     -0.00288
 37.66     -0.00281
 37.68     -0.00273
 37.70     -0.00265
 37.72     -0.00257
 37.74      0.00629
 37.76      0.00636
 37.78      0.00643
 37.80      0.00651
 37.82      0.00659
 37.84     -0.01115
 37.86     -0.01107
 37.88     -0.01100
 37.90     -0.01092
 37.92     -0.01085
 37.94     -0.00262
 37.96     -0.00254
 37.98     -0.00249
 38.00     -0.00242
 38.02     -0.00236
 38.04     -0.00852
 38.06     -0.00846
 38.08     -0.00841
 38.10     -0.00835
 38.12     -0.00830
 38.14      0.00915
 38.16      0.00921
 38.18      0.00926
 38.20      0.00932
 38.22      0.00938
 38.24     -0.00620
 38.26     -0.00614
 38.28     -0.00608
 38.30     -0.00602
 38.32     -0.00596
 38.34      0.00496
 38.36      0.00502
 38.38      0.00508
 38.40      0.00514
 38.42      0.00520
 38.44     -0.00156
 38.46     -0.00150
 38.48     -0.00144
 38.50     -0.00138
 38.52     -0.00132
 38.54     -0.00102
 38.56     -0.00096
 38.58     -0.00090
 38.60     -0.00085
 38.62     -0.00079
 38.64     -0.00387
 38.66     -0.00382
 38.68     -0.00377
 38.70     -0.00372
 38.72     -0.00367
 38.74      0.00703
 38.76      0.00707
 38.78      0.00712
 38.80      0.00718
 38.82      0.00724
 38.84     -0.00627
 38.86     -0.00621
 38.88     -0.00615
 38.90     -0.00609
 38.92      0.00539
 38.94      0.00352
 38.96      0.00357
 38.98      0.00363
 39.00      0.00370
 39.02      0.00166
 39.04      0.00171
 39.06      0.00176
 39.08      0.00181
 39.10      0.00187
 39.12      0.00312
 39.14      0.00317
 39.16      0.00322
 39.18      0.00329
 39.20      0.00335
 39.22     -0.00461
 39.24     -0.00456
 39.26     -0.00450
 39.28     -0.00445
 39.30     -0.00439
 39.32      0.00251
 39.34      0.00256
 39.36      0.00262
 39.38      0.00268
 39.40      0.00275
 39.42     -0.00658
 39.44     -0.00652
 39.46     -0.00647
 39.48     -0.00641
 39.50      0.00448
 39.52      0.00453
 39.54      0.00458
 39.56      0.00464
 39.58      0.00471
 39.60     -0.00305
 39.62     -0.00301
 39.64     -0.00296
 39.66     -0.00291
 39.68     -0.00287
 39.70     -0.00189
 39.72     -0.00184
 39.74     -0.00180
 39.76     -0.00176
 39.78     -0.00171
 39.80     -0.00158
 39.82     -0.00154
 39.84     -0.00150
 39.86     -0.00146
 39.88      0.00342
 39.90     -0.00057
 39.92     -0.00053
 39.94     -0.00048
 39.96     -0.00044
 39.98     -0.00263
 40.00     -0.00258
 40.02     -0.00254
 40.04     -0.00250
 40.06     -0.00245
 40.08      0.00500
 40.10      0.00504
 40.12      0.00509
 40.14      0.00514
 40.16      0.00742
 40.18     -0.00254
 40.20     -0.00249
 40.22     -0.00244
 40.24     -0.00240
 40.26     -0.00032
 40.28     -0.00028
 40.30     -0.00023
 40.32     -0.00019
 40.34     -0.00014
 40.36     -0.00320
 40.38     -0.00315
 40.40     -0.00311
 40.42     -0.00307
 40.44     -0.00303
 40.46      0.00407
 40.48      0.00410
 40.50      0.00414
 40.52      0.00419
 40.54      0.00602
 40.56     -0.00216
 40.58     -0.00211
 40.60     -0.00207
 40.62     -0.00203
 40.64     -0.00152
 40.66     -0.00148
 40.68     -0.00144
 40.70     -0.00139
 40.72      0.00207
 40.74     -0.00014
 40.76     -0.00010
 40.78     -0.00006
 40.80     -0.00001
 40.82     -0.00139
 40.84     -0.00135
 40.86     -0.00132
 40.88     -0.00128
 40.90     -0.00124
 40.92     -0.00322
 40.94     -0.00318
 40.96     -0.00314
 40.98     -0.00311
 41.00      0.00419
 41.02      0.00423
 41.04      0.00426
 41.06      0.00429
 41.08      0.00433
 41.10     -0.00290
 41.12     -0.00287
 41.14     -0.00284
 41.16     -0.00280
 41.18     -0.00163
 41.20      0.00190
 41.22      0.00193
 41.24      0.00196
 41.26      0.00199
 41.28      0.00260
 41.30     -0.00087
 41.32     -0.00084
 41.34     -0.00081
 41.36     -0.00078
 41.38      0.00018
 41.40      0.00021
 41.42      0.00024
 41.44      0.00027
 41.46      0.00150
 41.48     -0.00111
 41.50     -0.00108
 41.52     -0.00104
 41.54     -0.00101
 41.56      0.00196
 41.58      0.00199
 41.60      0.00202
 41.62      0.00205
 41.64      0.00263
 41.66     -0.00148
 41.68     -0.00145
 41.70     -0.00142
 41.72     -0.00139
 41.74     -0.00099
 41.76     -0.00096
 41.78     -0.00094
 41.80     -0.00091
 41.82     -0.00022
 41.84     -0.00110
 41.86     -0.00107
 41.88     -0.00105
 41.90     -0.00102
 41.92     -0.00060
 41.94     -0.00058
 41.96     -0.00055
 41.98     -0.00053
 42.00      0.00050
 42.02     -0.00052
 42.04     -0.00049
 42.06     -0.00047
 42.08     -0.00044
 42.10      0.00049
 42.12      0.00052
 42.14      0.00054
 42.16      0.00057
 42.18      0.00111
 42.20     -0.00077
 42.22     -0.00075
 42.24     -0.00073
 42.26     -0.00071
 42.28      0.00033
 42.30      0.00035
 42.32      0.00038
 42.34      0.00040
 42.36      0.00042
 42.38     -0.00110
 42.40     -0.00107
 42.42     -0.00105
 42.44     -0.00103
 42.46     -0.00038
 42.48     -0.00036
 42.50     -0.00034
 42.52     -0.00031
 42.54     -0.00007
 42.56     -0.00068
 42.58     -0.00067
 42.60     -0.00065
 42.62     -0.00063
 42.64     -0.00021
 42.66     -0.00019
 42.68     -0.00018
 42.70     -0.00016
 42.72      0.00010
 42.74     -0.00051
 42.76     -0.00049
 42.78     -0.00047
 42.80      0.00043
 42.82      0.00020
 42.84      0.00022
 42.86      0.00024
 42.88      0.00025
 42.90     -0.00020
 42.92     -0.00019
 42.94     -0.00017
 42.96     -0.00016
 42.98      0.00004
 43.00     -0.00037
 43.02     -0.00036
 43.04     -0.00034
 43.06     -0.00032
 43.08     -0.00040
 43.10     -0.00039
 43.12     -0.00038
 43.14     -0.00037
 43.16      0.00009
 43.18      0.00001
 43.20      0.00003
 43.22      0.00004
 43.24      0.00005
 43.26     -0.00038
 43.28     -0.00037
 43.30     -0.00036
 43.32     -0.00035
 43.34     -0.00025
 43.36     -0.00024
 43.38     -0.00023
 43.40     -0.00022
 43.42     -0.00012
 43.44     -0.00020
 43.46     -0.00019
 43.48     -0.00019
 43.50     -0.00013
 43.52     -0.00021
 43.54     -0.00020
 43.56     -0.00020
 43.58     -0.00019
 43.60     -0.00009
 43.62     -0.00009
 43.64     -0.00008
 43.66     -0.00007
 43.68     -0.00007
 43.70     -0.00019
 43.72     -0.00019
 43.74     -0.00018
 43.76     -0.00018
 43.78     -0.00017
 43.80     -0.00016
 43.82     -0.00016
 43.84     -0.00015
 43.86     -0.00015
 43.88     -0.00014
 43.90     -0.00014
 43.92     -0.00013
 43.94     -0.00013
 43.96     -0.00012
 43.98     -0.00012
 44.00     -0.00011
 44.02     -0.00011
 44.04     -0.00011
 44.06     -0.00010
 44.08     -0.00010
 44.10     -0.00009
 44.12     -0.00009
 44.14     -0.00008
 44.16     -0.00008
 44.18     -0.00008
 44.20     -0.00007
 44.22     -0.00007
 44.24     -0.00007
 44.26     -0.00007
 44.28     -0.00006
 44.30     -0.00006
 44.32     -0.00006
 44.34     -0.00005
 44.36     -0.00005
 44.38     -0.00005
 44.40     -0.00005
 44.42     -0.00005
 44.44     -0.00004
 44.46     -0.00004
 44.48     -0.00004
 44.50     -0.00004
 44.52     -0.00004
 44.54     -0.00004
 44.56     -0.00003
 44.58     -0.00003
 44.60     -0.00003
 44.62     -0.00003
 44.64     -0.00003
 44.66     -0.00003
 44.68     -0.00002
 44.70     -0.00002
 44.72     -0.00002
 44.74     -0.00002
 44.76     -0.00002
 44.78     -0.00002
 44.80     -0.00002
 44.82     -0.00001
 44.84     -0.00001
 44.86     -0.00001
 44.88     -0.00001
 44.90     -0.00001
 44.92     -0.00001
 44.94     -0.00001
 44.96     -0.00001
 44.98     -0.00001
 45.00     -0.00001
 45.02     -0.00001
 45.04     -0.00001
 45.06     -0.00001
 45.08     -0.00001
 45.10     -0.00001
 45.12     -0.00000
 45.14     -0.00000
 45.16     -0.00000
 45.18     -0.00000
 45.20     -0.00000
 45.22     -0.00000
 45.24     -0.00000
 45.26     -0.00000
 45.28     -0.00000
 45.30     -0.00000
 45.32     -0.00000
 45.34     -0.00000
 45.36     -0.00000
 45.38     -0.00000
 45.40     -0.00000
 45.42     -0.00000
 45.44     -0.00000
 45.46     -0.00000
 45.48     -0.00000
 45.50     -0.00000
 45.52     -0.00000
 45.54     -0.00000
 45.56     -0.00000
 45.58     -0.00000
 45.60     -0.00000
 45.62     -0.00000
 45.64     -0.00000
 45.66      0.00000
 45.68      0.00000
 45.70      0.00000
 45.72      0.00000
 45.74      0.00000
 45.76      0.00000
 45.78      0.00000
 45.80      0.00000
 45.82      0.00000
 45.84      0.00000
 45.86      0.00000
 45.88      0.00000
 45.90      0.00000
 45.92      0.00000
 45.94      0.00000
 45.96      0.00000
 45.98      0.00000
 46.00      0.00000
 46.02      0.00000
 46.04      0.00000
 46.06      0.00000
 46.08      0.00000
 46.10      0.00000
 46.12      0.00000
 46.14      0.00000
 46.16      0.00000
 46.18      0.00000
 46.20      0.00000
 46.22      0.00000
 46.24      0.00000
 46.26      0.00000
 46.28      0.00000
 46.30      0.00000
 46.32      0.00000
 46.34      0.00000
 46.36      0.00000
 46.38      0.00000
 46.40      0.00000
 46.42      0.00000
 46.44      0.00000
 46.46      0.00000
 46.48      0.00000
 46.50      0.00000
 46.52      0.00000
 46.54      0.00000
 46.56      0.00000
 46.58      0.00000
 46.60      0.00000
 46.62      0.00000
 46.64      0.00000
 46.66      0.00000
 46.68      0.00000
 46.70      0.00000
 46.72      0.00000
 46.74      0.00000
 46.76      0.00000
 46.78      0.00000
 46.80      0.00000
 46.82      0.00000
 46.84      0.00000
 46.86      0.00000
 46.88      0.00000
 46.90      0.00000
 46.92      0.00000
 46.94      0.00000
 46.96      0.00000
 46.98      0.00000
 47.00      0.00000
 47.02      0.00000
 47.04      0.00000
 47.06      0.00000
 47.08      0.00000
 47.10      0.00000
 47.12      0.00000
 47.14      0.00000
 47.16      0.00000
 47.18      0.00000
 47.20      0.00000
 47.22      0.00000
 47.24      0.00000
 47.26      0.00000
 47.28      0.00000
 47.30      0.00000
 47.32      0.00000
 47.34      0.00000
 47.36      0.00000
 47.38      0.00000
 47.40      0.00000
 47.42      0.00000
 47.44      0.00000
 47.46      0.00000
 47.48      0.00000
 47.50      0.00000
 47.52      0.00000
 47.54      0.00000
 47.56      0.00000
 47.58      0.00000
 47.60      0.00000
 47.62      0.00000
 47.64      0.00000
 47.66      0.00000
 47.68      0.00000
 47.70      0.00000
 47.72      0.00000
 47.74      0.00000
 47.76      0.00000
 47.78      0.00000
 47.80      0.00000
 47.82      0.00000
 47.84      0.00000
 47.86      0.00000
 47.88      0.00000
 47.90      0.00000
 47.92      0.00000
 47.94      0.00000
 47.96      0.00000
 47.98      0.00000
 48.00      0.00000
 48.02      0.00000
 48.04      0.00000
 48.06      0.00000
 48.08      0.00000
 48.10      0.00000
 48.12      0.00000
 48.14      0.00000
 48.16      0.00000
 48.18      0.00000
 48.20      0.00000
 48.22      0.00000
 48.24      0.00000
 48.26      0.00000
 48.28      0.00000
 48.30      0.00000
 48.32      0.00000
 48.34      0.00000
 48.36      0.00000
 48.38      0.00000
 48.40      0.00000
 48.42      0.00000
 48.44      0.00000
 48.46      0.00000
 48.48      0.00000
 48.50      0.00000
 48.52      0.00000
 48.54      0.00000
 48.56      0.00000
 48.58      0.00000
 48.60      0.00000
 48.62      0.00000
 48.64      0.00000
 48.66      0.00000
 48.68      0.00000
 48.70      0.00000
 48.72      0.00000
 48.74      0.00000
 48.76      0.00000
 48.78      0.00000
 48.80      0.00000
 48.82      0.00000
 48.84      0.00000
 48.86      0.00000
 48.88      0.00000
 48.90      0.00000
 48.92      0.00000
 48.94      0.00000
 48.96      0.00000
 48.98      0.00000
 49.00      0.00000
 49.02      0.00000
 49.04      0.00000
 49.06      0.00000
 49.08      0.00000
 49.10      0.00000
 49.12      0.00000
 49.14      0.00000
 49.16      0.00000
 49.18      0.00000
 49.20      0.00000
 49.22      0.00000
 49.24      0.00000
 49.26      0.00000
 49.28      0.00000
 49.30      0.00000
 49.32      0.00000
 49.34      0.00000
 49.36      0.00000
 49.38      0.00000
 49.40      0.00000
 49.42      0.00000
 49.44      0.00000
 49.46      0.00000
 49.48      0.00000
 49.50      0.00000
 49.52      0.00000
 49.54      0.00000
 49.56      0.00000
 49.58      0.00000
 49.60      0.00000
 49.62      0.00000
 49.64      0.00000
 49.66      0.00000
 49.68      0.00000
 49.70      0.00000
 49.72      0.00000
 49.74      0.00000
 49.76      0.00000
 49.78      0.00000
 49.80      0.00000
 49.82      0.00000
 49.84      0.00000
 49.86      0.00000
 49.88      0.00000
 49.90      0.00000
 49.92      0.00000
 49.94      0.00000
 49.96      0.00000
 49.98      0.00000
 50.00      0.00000
 50.02      0.00000
 50.04      0.00000
 50.06      0.00000
 50.08      0.00000
 50.10      0.00000
 50.12      0.00000
 50.14      0.00000
 50.16      0.00000
 50.18      0.00000
 50.20      0.00000
 50.22      0.00000
 50.24      0.00000
 50.26      0.00000
 50.28      0.00000
 50.30      0.00000
 50.32      0.00000
 50.34      0.00000
 50.36      0.00000
 50.38      0.00000
 50.40      0.00000
 50.42      0.00000
 50.44      0.00000
 50.46      0.00000
 50.48      0.00000
 50.50      0.00000
 50.52      0.00000
 50.54      0.00000
 50.56      0.00000
 50.58      0.00000
 50.60      0.00000
 50.62      0.00000
 50.64      0.00000
 50.66      0.00000
 50.68      0.00000
 50.70      0.00000
 50.72      0.00000
 50.74      0.00000
 50.76      0.00000
 50.78      0.00000
 50.80      0.00000
 50.82      0.00000
 50.84      0.00000
 50.86      0.00000
 50.88      0.00000
 50.90      0.00000
 50.92      0.00000
 50.94      0.00000
 50.96      0.00000
 50.98      0.00000
 51.00      0.00000
 51.02      0.00000
 51.04      0.00000
 51.06      0.00000
 51.08      0.00000
 51.10      0.00000
 51.12      0.00000
 51.14      0.00000
 51.16      0.00000
 51.18      0.00000
 51.20      0.00000
 51.22      0.00000
 51.24      0.00000
 51.26      0.00000
 51.28      0.00000
 51.30      0.00000
 51.32      0.00000
 51.34      0.00000
 51.36      0.00000
 51.38      0.00000
 51.40      0.00000
 51.42      0.00000
 51.44      0.00000
 51.46      0.00000
 51.48      0.00000
 51.50      0.00000
 51.52      0.00000
 51.54      0.00000
 51.56      0.00000
 51.58      0.00000
 51.60      0.00000
 51.62      0.00000
 51.64      0.00000
 51.66      0.00000
 51.68      0.00000
 51.70      0.00000
 51.72      0.00000
 51.74      0.00000
 51.76      0.00000
 51.78      0.00000
 51.80      0.00000
 51.82      0.00000
 51.84      0.00000
 51.86      0.00000
 51.88      0.00000
 51.90      0.00000
 51.92      0.00000
 51.94      0.00000
 51.96      0.00000
 51.98      0.00000
 52.00      0.00000
