 #r(A)        h(r)         Base         G(r)
  0.02      0.00000      0.00000      0.00000
  0.04      0.00000      0.00000      0.00000
  0.06      0.00000      0.00000      0.00000
  0.08      0.00000      0.00000     -0.00000
  0.10      0.00000      0.00000     -0.00000
  0.12      0.00000      0.00000     -0.00000
  0.14      0.00000      0.00000     -0.00000
  0.16      0.00000      0.00001     -0.00001
  0.18      0.00000      0.00001     -0.00001
  0.20      0.00000      0.00002     -0.00002
  0.22      0.00000      0.00003     -0.00003
  0.24      0.00000      0.00005     -0.00005
  0.26      0.00000      0.00007     -0.00007
  0.28      0.00000      0.00011     -0.00011
  0.30      0.00000      0.00015     -0.00015
  0.32      0.00000      0.00021     -0.00021
  0.34      0.00000      0.00028     -0.00028
  0.36      0.00000      0.00038     -0.00038
  0.38      0.00000      0.00049     -0.00049
  0.40      0.00000      0.00063     -0.00063
  0.42      0.00000      0.00080     -0.00080
  0.44      0.00000      0.00101     -0.00101
  0.46      0.00000      0.00124     -0.00124
  0.48      0.00000      0.00149     -0.00149
  0.50      0.00000      0.00177     -0.00177
  0.52      0.00000      0.00208     -0.00208
  0.54      0.00000      0.00240     -0.00240
  0.56      0.00000      0.00274     -0.00274
  0.58      0.00000      0.00308     -0.00308
  0.60      0.00000      0.00344     -0.00344
  0.62      0.00000      0.00380     -0.00380
  0.64      0.00000      0.00417     -0.00417
  0.66      0.00000      0.00454     -0.00454
  0.68      0.00000      0.00491     -0.00491
  0.70      0.00000      0.00529     -0.00529
  0.72      0.00000      0.00567     -0.00567
  0.74      0.00000      0.00604     -0.00604
  0.76      0.00000      0.00643     -0.00643
  0.78      0.00000      0.00681     -0.00681
  0.80      0.00000      0.00719     -0.00719
  0.82      0.00000      0.00758     -0.00758
  0.84      0.00000      0.00796     -0.00796
  0.86      0.00000      0.00835     -0.00835
  0.88      0.00000      0.00874     -0.00874
  0.90      0.00000      0.00913     -0.00913
  0.92      0.00000      0.00952     -0.00952
  0.94      0.00000      0.00991     -0.00991
  0.96      0.00000      0.01030     -0.01030
  0.98      0.00000      0.01070     -0.01070
  1.00      0.00000      0.01109     -0.01109
  1.02      0.00000      0.01149     -0.01149
  1.04      0.00000      0.01188     -0.01188
  1.06      0.00000      0.01228     -0.01228
  1.08      0.00000      0.01268     -0.01268
  1.10      0.00000      0.01308     -0.01308
  1.12      0.00000      0.01348     -0.01348
  1.14      0.00000      0.01388     -0.01388
  1.16      0.00000      0.01428     -0.01428
  1.18      0.00000      0.01468     -0.01468
  1.20      0.00000      0.01509     -0.01509
  1.22      0.00000      0.01549     -0.01549
  1.24      0.00000      0.01590     -0.01590
  1.26      0.00000      0.01631     -0.01631
  1.28      0.00000      0.01672     -0.01672
  1.30      0.00000      0.01713     -0.01713
  1.32      0.00000      0.01754     -0.01754
  1.34      0.00000      0.01796     -0.01796
  1.36      0.00000      0.01838     -0.01838
  1.38      0.00000      0.01880     -0.01880
  1.40      0.00000      0.01923     -0.01923
  1.42      0.00000      0.01967     -0.01967
  1.44      0.00000      0.02011     -0.02011
  1.46      0.00000      0.02055     -0.02055
  1.48      0.00000      0.02101     -0.02101
  1.50      0.00000      0.02147     -0.02147
  1.52      0.00000      0.02195     -0.02195
  1.54      0.00000      0.02243     -0.02243
  1.56      0.00000      0.02291     -0.02291
  1.58      0.00000      0.02340     -0.02340
  1.60      0.00000      0.02390     -0.02390
  1.62      0.00000      0.02440     -0.02440
  1.64      0.00000      0.02490     -0.02490
  1.66      0.00000      0.02541     -0.02541
  1.68      0.00000      0.02593     -0.02593
  1.70      0.00000      0.02644     -0.02644
  1.72      0.00000      0.02696     -0.02696
  1.74      0.00000      0.02748     -0.02748
  1.76      0.00000      0.02800     -0.02800
  1.78      0.00000      0.02852     -0.02852
  1.80      0.00000      0.02905     -0.02905
  1.82      0.00000      0.02958     -0.02958
  1.84      0.00000      0.03011     -0.03011
  1.86      0.00000      0.03064     -0.03064
  1.88      0.00000      0.03118     -0.03118
  1.90      0.00000      0.03172     -0.03172
  1.92      0.00000      0.03226     -0.03226
  1.94      0.00000      0.03280     -0.03280
  1.96      0.00000      0.03335     -0.03335
  1.98      0.00000      0.03390     -0.03390
  2.00      0.00000      0.03446     -0.03446
  2.02      0.00000      0.03502     -0.03502
  2.04      0.00000      0.03559     -0.03544
  2.06      0.00000      0.03616     -0.03500
  2.08      0.00073      0.03674     -0.03487
  2.10      0.00504      0.03732     -0.03361
  2.12      0.00357      0.03791     -0.03125
  2.14      0.00921      0.03851     -0.02714
  2.16      0.01472      0.03912     -0.02311
  2.18      0.02431      0.03975     -0.01667
  2.20      0.02823      0.04038     -0.01035
  2.22      0.03892      0.04103      0.00108
  2.24      0.04397      0.04170      0.01523
  2.26      0.07511      0.04238      0.03223
  2.28      0.09841      0.04308      0.05042
  2.30      0.11668      0.04377      0.07112
  2.32      0.13329      0.04447      0.09858
  2.34      0.15097      0.04517      0.12229
  2.36      0.21588      0.04585      0.15286
  2.38      0.22048      0.04652      0.18208
  2.40      0.27296      0.04715      0.21490
  2.42      0.28269      0.04775      0.22997
  2.44      0.31825      0.04830      0.23842
  2.46      0.29420      0.04879      0.23589
  2.48      0.26549      0.04924      0.22420
  2.50      0.26281      0.04964      0.19504
  2.52      0.22646      0.04999      0.16680
  2.54      0.17444      0.05031      0.13539
  2.56      0.15477      0.05059      0.09913
  2.58      0.11003      0.05085      0.06748
  2.60      0.08290      0.05110      0.04270
  2.62      0.06953      0.05133      0.01757
  2.64      0.05175      0.05155      0.00191
  2.66      0.03027      0.05176     -0.01005
  2.68      0.03285      0.05197     -0.01992
  2.70      0.02418      0.05218     -0.02671
  2.72      0.02121      0.05238     -0.03011
  2.74      0.01883      0.05259     -0.03426
  2.76      0.01430      0.05279     -0.03692
  2.78      0.01310      0.05300     -0.03846
  2.80      0.01193      0.05321     -0.03977
  2.82      0.01454      0.05343     -0.04072
  2.84      0.01337      0.05365     -0.04050
  2.86      0.01062      0.05387     -0.04164
  2.88      0.01529      0.05410     -0.04363
  2.90      0.00733      0.05434     -0.04438
  2.92      0.00573      0.05459     -0.04490
  2.94      0.01085      0.05484     -0.04526
  2.96      0.00924      0.05510     -0.04547
  2.98      0.01478      0.05538     -0.04477
  3.00      0.00759      0.05566     -0.04502
  3.02      0.01056      0.05594     -0.04557
  3.04      0.01100      0.05623     -0.04724
  3.06      0.00795      0.05653     -0.04670
  3.08      0.00789      0.05684     -0.04678
  3.10      0.01176      0.05714     -0.04706
  3.12      0.01168      0.05745     -0.04694
  3.14      0.01112      0.05776     -0.04730
  3.16      0.01010      0.05808     -0.04816
  3.18      0.00765      0.05839     -0.04845
  3.20      0.00902      0.05871     -0.04771
  3.22      0.01180      0.05903     -0.04753
  3.24      0.01642      0.05935     -0.04586
  3.26      0.01259      0.05967     -0.04402
  3.28      0.01761      0.05999     -0.04185
  3.30      0.01980      0.06031     -0.04036
  3.32      0.02426      0.06063     -0.03587
  3.34      0.02548      0.06095     -0.03090
  3.36      0.03665      0.06127     -0.02633
  3.38      0.04407      0.06159     -0.01906
  3.40      0.04427      0.06191     -0.01200
  3.42      0.06223      0.06223     -0.00515
  3.44      0.06232      0.06255      0.00145
  3.46      0.07250      0.06286      0.00870
  3.48      0.07865      0.06318      0.01201
  3.50      0.08210      0.06349      0.01444
  3.52      0.08036      0.06380      0.01287
  3.54      0.07604      0.06412      0.00728
  3.56      0.06622      0.06443      0.00195
  3.58      0.05226      0.06475     -0.00461
  3.60      0.05704      0.06508     -0.01095
  3.62      0.04915      0.06541     -0.01746
  3.64      0.04597      0.06574     -0.02212
  3.66      0.03533      0.06607     -0.02926
  3.68      0.03059      0.06641     -0.03378
  3.70      0.02303      0.06675     -0.03819
  3.72      0.02822      0.06709     -0.04074
  3.74      0.02563      0.06744     -0.04326
  3.76      0.02427      0.06778     -0.04357
  3.78      0.01972      0.06812     -0.04502
  3.80      0.02322      0.06847     -0.04494
  3.82      0.02270      0.06882     -0.04549
  3.84      0.02773      0.06916     -0.04531
  3.86      0.02325      0.06951     -0.04469
  3.88      0.02235      0.06986     -0.04476
  3.90      0.02808      0.07020     -0.04301
  3.92      0.02406      0.07055     -0.03993
  3.94      0.03823      0.07090     -0.03626
  3.96      0.04035      0.07124     -0.03378
  3.98      0.04244      0.07158     -0.03053
  4.00      0.04223      0.07192     -0.02774
  4.02      0.04203      0.07226     -0.02633
  4.04      0.05387      0.07260     -0.02277
  4.06      0.04910      0.07294     -0.01842
  4.08      0.06192      0.07327     -0.01017
  4.10      0.06569      0.07360      0.00108
  4.12      0.08496      0.07393      0.01706
  4.14      0.11177      0.07424      0.03385
  4.16      0.13061      0.07455      0.05680
  4.18      0.14746      0.07483      0.08114
  4.20      0.18191      0.07509      0.10598
  4.22      0.20809      0.07533      0.13022
  4.24      0.23728      0.07553      0.14896
  4.26      0.25299      0.07569      0.16091
  4.28      0.24219      0.07582      0.16942
  4.30      0.24248      0.07591      0.16768
  4.32      0.25123      0.07597      0.16011
  4.34      0.22906      0.07600      0.14891
  4.36      0.21543      0.07600      0.13446
  4.38      0.18633      0.07599      0.10992
  4.40      0.17024      0.07597      0.08587
  4.42      0.12848      0.07595      0.06213
  4.44      0.10870      0.07594      0.03934
  4.46      0.09661      0.07596      0.01739
  4.48      0.07239      0.07601      0.00216
  4.50      0.06057      0.07609     -0.00913
  4.52      0.05256      0.07621     -0.01796
  4.54      0.05267      0.07637     -0.02302
  4.56      0.05309      0.07657     -0.02799
  4.58      0.04787      0.07680     -0.03029
  4.60      0.03674      0.07707     -0.03400
  4.62      0.04219      0.07736     -0.03799
  4.64      0.03544      0.07768     -0.04202
  4.66      0.03464      0.07801     -0.04290
  4.68      0.02929      0.07836     -0.04575
  4.70      0.03402      0.07872     -0.04439
  4.72      0.02969      0.07909     -0.04184
  4.74      0.04403      0.07947     -0.03845
  4.76      0.04927      0.07985     -0.03377
  4.78      0.04811      0.08023     -0.02834
  4.80      0.05932      0.08061     -0.02393
  4.82      0.05876      0.08099     -0.01974
  4.84      0.06797      0.08135     -0.01207
  4.86      0.07206      0.08172     -0.00204
  4.88      0.08832      0.08207      0.00505
  4.90      0.11127      0.08241      0.01282
  4.92      0.09596      0.08274      0.01988
  4.94      0.10852      0.08305      0.02203
  4.96      0.10901      0.08335      0.01958
  4.98      0.10063      0.08363      0.01892
  5.00      0.10054      0.08390      0.01442
  5.02      0.09407      0.08416      0.00657
  5.04      0.08735      0.08440     -0.00018
  5.06      0.07106      0.08464     -0.00894
  5.08      0.06808      0.08487     -0.01899
  5.10      0.05795      0.08509     -0.02732
  5.12      0.04493      0.08530     -0.03313
  5.14      0.04683      0.08552     -0.03972
  5.16      0.04311      0.08573     -0.04484
  5.18      0.03618      0.08594     -0.04749
  5.20      0.03340      0.08614     -0.05026
  5.22      0.03269      0.08635     -0.05237
  5.24      0.03402      0.08656     -0.05312
  5.26      0.03360      0.08676     -0.05075
  5.28      0.03347      0.08697     -0.04880
  5.30      0.04628      0.08719     -0.04737
  5.32      0.04353      0.08740     -0.04367
  5.34      0.04223      0.08762     -0.03778
  5.36      0.05316      0.08784     -0.03259
  5.38      0.06401      0.08807     -0.02454
  5.40      0.07336      0.08831     -0.01334
  5.42      0.08490      0.08855     -0.00200
  5.44      0.09943      0.08880      0.01248
  5.46      0.11107      0.08905      0.02781
  5.48      0.13763      0.08930      0.04288
  5.50      0.15126      0.08955      0.05625
  5.52      0.16148      0.08979      0.06887
  5.54      0.16751      0.09002      0.07471
  5.56      0.17541      0.09024      0.07651
  5.58      0.16794      0.09044      0.07351
  5.60      0.16138      0.09063      0.06669
  5.62      0.14752      0.09079      0.05405
  5.64      0.13430      0.09095      0.03985
  5.66      0.11310      0.09108      0.02519
  5.68      0.09766      0.09121      0.01122
  5.70      0.08877      0.09133     -0.00227
  5.72      0.07833      0.09145     -0.01289
  5.74      0.06744      0.09156     -0.02261
  5.76      0.06059      0.09167     -0.02997
  5.78      0.04958      0.09178     -0.03632
  5.80      0.05256      0.09189     -0.03875
  5.82      0.04714      0.09201     -0.04173
  5.84      0.05584      0.09213     -0.04181
  5.86      0.04629      0.09226     -0.04367
  5.88      0.04976      0.09239     -0.04355
  5.90      0.04392      0.09253     -0.04346
  5.92      0.04840      0.09268     -0.04146
  5.94      0.05696      0.09283     -0.03994
  5.96      0.05703      0.09298     -0.03582
  5.98      0.05811      0.09313     -0.03081
  6.00      0.06529      0.09328     -0.02575
  6.02      0.07418      0.09344     -0.02308
  6.04      0.08304      0.09359     -0.01720
  6.06      0.07118      0.09373     -0.01576
  6.08      0.08825      0.09388     -0.01535
  6.10      0.07321      0.09401     -0.01715
  6.12      0.07696      0.09415     -0.01668
  6.14      0.07473      0.09429     -0.02154
  6.16      0.07424      0.09443     -0.02373
  6.18      0.06463      0.09458     -0.02619
  6.20      0.06295      0.09474     -0.02913
  6.22      0.06544      0.09492     -0.03416
  6.24      0.06083      0.09511     -0.03597
  6.26      0.04992      0.09532     -0.03647
  6.28      0.05656      0.09555     -0.03716
  6.30      0.06146      0.09581     -0.03511
  6.32      0.06320      0.09609     -0.03075
  6.34      0.07238      0.09640     -0.02502
  6.36      0.07311      0.09672     -0.01758
  6.38      0.08674      0.09706     -0.00766
  6.40      0.10028      0.09741      0.00687
  6.42      0.11446      0.09776      0.02479
  6.44      0.14677      0.09812      0.04534
  6.46      0.16449      0.09847      0.06710
  6.48      0.19128      0.09880      0.08887
  6.50      0.21086      0.09912      0.10918
  6.52      0.22494      0.09941      0.13279
  6.54      0.24991      0.09967      0.14632
  6.56      0.28403      0.09990      0.15918
  6.58      0.26022      0.10009      0.16536
  6.60      0.27630      0.10025      0.15950
  6.62      0.25681      0.10037      0.14315
  6.64      0.22138      0.10045      0.12462
  6.66      0.20285      0.10051      0.09870
  6.68      0.16800      0.10054      0.07286
  6.70      0.14702      0.10055      0.04984
  6.72      0.12774      0.10055      0.02902
  6.74      0.10633      0.10054      0.01091
  6.76      0.09879      0.10052     -0.00570
  6.78      0.07737      0.10050     -0.01968
  6.80      0.06391      0.10048     -0.03076
  6.82      0.05769      0.10047     -0.04033
  6.84      0.05083      0.10046     -0.04569
  6.86      0.05090      0.10047     -0.04915
  6.88      0.05053      0.10049     -0.05044
  6.90      0.04663      0.10053     -0.05150
  6.92      0.05135      0.10059     -0.05162
  6.94      0.04570      0.10067     -0.05028
  6.96      0.05061      0.10078     -0.04860
  6.98      0.05768      0.10091     -0.04718
  7.00      0.05556      0.10106     -0.04318
  7.02      0.05909      0.10124     -0.04112
  7.04      0.06650      0.10143     -0.04186
  7.06      0.06178      0.10164     -0.04154
  7.08      0.05493      0.10186     -0.04239
  7.10      0.05821      0.10208     -0.04614
  7.12      0.05590      0.10232     -0.04859
  7.14      0.04891      0.10256     -0.05013
  7.16      0.05069      0.10280     -0.05041
  7.18      0.04843      0.10305     -0.05068
  7.20      0.05804      0.10329     -0.04904
  7.22      0.05577      0.10354     -0.04677
  7.24      0.05835      0.10378     -0.04258
  7.26      0.06323      0.10402     -0.03788
  7.28      0.07060      0.10426     -0.03140
  7.30      0.08273      0.10449     -0.02127
  7.32      0.08938      0.10471     -0.00890
  7.34      0.11012      0.10492      0.00499
  7.36      0.12619      0.10513      0.01660
  7.38      0.14116      0.10532      0.03139
  7.40      0.14180      0.10549      0.04417
  7.42      0.16424      0.10564      0.05271
  7.44      0.17487      0.10578      0.05864
  7.46      0.16970      0.10590      0.06315
  7.48      0.17149      0.10601      0.06204
  7.50      0.16494      0.10610      0.05534
  7.52      0.15923      0.10618      0.04867
  7.54      0.14181      0.10626      0.03599
  7.56      0.13679      0.10633      0.02280
  7.58      0.10847      0.10641      0.00733
  7.60      0.09935      0.10650     -0.00583
  7.62      0.08227      0.10660     -0.01656
  7.64      0.07647      0.10672     -0.02395
  7.66      0.08364      0.10685     -0.02766
  7.68      0.07210      0.10699     -0.02778
  7.70      0.08142      0.10714     -0.02509
  7.72      0.08239      0.10729     -0.02264
  7.74      0.09066      0.10746     -0.01487
  7.76      0.09671      0.10762     -0.00886
  7.78      0.11176      0.10778     -0.00069
  7.80      0.11226      0.10793      0.00664
  7.82      0.12407      0.10807      0.01211
  7.84      0.12803      0.10820      0.01553
  7.86      0.12479      0.10832      0.01810
  7.88      0.12951      0.10843      0.01798
  7.90      0.12571      0.10853      0.01645
  7.92      0.12405      0.10861      0.01395
  7.94      0.12085      0.10868      0.00583
  7.96      0.11269      0.10874     -0.00286
  7.98      0.08927      0.10879     -0.01086
  8.00      0.08257      0.10884     -0.01948
  8.02      0.08426      0.10888     -0.02776
  8.04      0.07799      0.10893     -0.03093
  8.06      0.07155      0.10897     -0.03132
  8.08      0.07364      0.10901     -0.03168
  8.10      0.08080      0.10906     -0.03005
  8.12      0.08267      0.10910     -0.02504
  8.14      0.08640      0.10915     -0.01859
  8.16      0.09684      0.10921     -0.01073
  8.18      0.10612      0.10926     -0.00519
  8.20      0.12037      0.10931      0.00133
  8.22      0.11062      0.10936      0.00541
  8.24      0.11924      0.10940      0.00783
  8.26      0.11747      0.10945      0.00621
  8.28      0.11848      0.10949      0.00506
  8.30      0.11249      0.10953      0.00005
  8.32      0.10508      0.10956     -0.00617
  8.34      0.09439      0.10960     -0.01334
  8.36      0.08651      0.10963     -0.02115
  8.38      0.08284      0.10966     -0.02691
  8.40      0.07356      0.10970     -0.02934
  8.42      0.07647      0.10974     -0.03081
  8.44      0.08243      0.10979     -0.03052
  8.46      0.07935      0.10984     -0.02826
  8.48      0.08456      0.10990     -0.02575
  8.50      0.08508      0.10998     -0.02269
  8.52      0.08936      0.11006     -0.01768
  8.54      0.09808      0.11016     -0.01168
  8.56      0.10481      0.11028     -0.00465
  8.58      0.11505      0.11041      0.00298
  8.60      0.12082      0.11055      0.00836
  8.62      0.12815      0.11071      0.01141
  8.64      0.12573      0.11089      0.01308
  8.66      0.12087      0.11108      0.01332
  8.68      0.12428      0.11127      0.00860
  8.70      0.12295      0.11148      0.00716
  8.72      0.10552      0.11169      0.00347
  8.74      0.11960      0.11191      0.00189
  8.76      0.10346      0.11214      0.00232
  8.78      0.11748      0.11237      0.00773
  8.80      0.12623      0.11260      0.01199
  8.82      0.13373      0.11283      0.02468
  8.84      0.14206      0.11307      0.03773
  8.86      0.16809      0.11329      0.05395
  8.88      0.18386      0.11351      0.07109
  8.90      0.20848      0.11372      0.08886
  8.92      0.22050      0.11390      0.10400
  8.94      0.23196      0.11407      0.11489
  8.96      0.24472      0.11420      0.11995
  8.98      0.23908      0.11431      0.11976
  9.00      0.23450      0.11439      0.11411
  9.02      0.22010      0.11444      0.10174
  9.04      0.20409      0.11446      0.08385
  9.06      0.18308      0.11446      0.06489
  9.08      0.14975      0.11444      0.04495
  9.10      0.13969      0.11440      0.02360
  9.12      0.12031      0.11436      0.00442
  9.14      0.09717      0.11430     -0.01068
  9.16      0.08696      0.11425     -0.02466
  9.18      0.07398      0.11419     -0.03652
  9.20      0.06950      0.11413     -0.04453
  9.22      0.06074      0.11407     -0.04960
  9.24      0.05681      0.11401     -0.05457
  9.26      0.06131      0.11396     -0.05762
  9.28      0.04884      0.11392     -0.05892
  9.30      0.05398      0.11388     -0.05936
  9.32      0.05403      0.11384     -0.06047
  9.34      0.05441      0.11382     -0.05918
  9.36      0.05560      0.11381     -0.05753
  9.38      0.05515      0.11381     -0.05616
  9.40      0.06218      0.11382     -0.05228
  9.42      0.06091      0.11385     -0.04739
  9.44      0.07388      0.11389     -0.04249
  9.46      0.08018      0.11394     -0.03699
  9.48      0.07984      0.11401     -0.02859
  9.50      0.08996      0.11409     -0.02189
  9.52      0.10323      0.11418     -0.01356
  9.54      0.10782      0.11428     -0.00241
  9.56      0.12228      0.11438      0.00840
  9.58      0.13605      0.11448      0.01751
  9.60      0.14450      0.11457      0.02596
  9.62      0.14928      0.11466      0.03204
  9.64      0.15056      0.11474      0.03395
  9.66      0.15309      0.11480      0.03167
  9.68      0.14600      0.11485      0.02705
  9.70      0.13342      0.11489      0.02087
  9.72      0.12640      0.11491      0.01149
  9.74      0.11987      0.11493      0.00238
  9.76      0.10633      0.11494     -0.00669
  9.78      0.10050      0.11495     -0.01380
  9.80      0.08815      0.11496     -0.02050
  9.82      0.09092      0.11497     -0.02636
  9.84      0.08640      0.11499     -0.03072
  9.86      0.07708      0.11501     -0.03292
  9.88      0.07878      0.11504     -0.03523
  9.90      0.07724      0.11507     -0.03676
  9.92      0.07955      0.11512     -0.03619
  9.94      0.07892      0.11517     -0.03570
  9.96      0.08015      0.11524     -0.03525
  9.98      0.08152      0.11531     -0.03569
 10.00      0.07982      0.11538     -0.03507
 10.02      0.07768      0.11546     -0.03613
 10.04      0.08239      0.11554     -0.03628
 10.06      0.07525      0.11562     -0.03398
 10.08      0.08116      0.11571     -0.03090
 10.10      0.09173      0.11579     -0.02471
 10.12      0.09351      0.11588     -0.01736
 10.14      0.11379      0.11595     -0.00864
 10.16      0.11237      0.11603      0.00072
 10.18      0.12519      0.11609      0.01030
 10.20      0.13887      0.11615      0.01747
 10.22      0.14173      0.11620      0.02470
 10.24      0.14995      0.11624      0.02801
 10.26      0.14877      0.11627      0.02901
 10.28      0.14194      0.11630      0.02780
 10.30      0.14404      0.11632      0.02371
 10.32      0.13578      0.11633      0.01834
 10.34      0.12961      0.11634      0.01297
 10.36      0.12199      0.11635      0.00731
 10.38      0.11514      0.11636      0.00344
 10.40      0.11580      0.11637     -0.00091
 10.42      0.11646      0.11637     -0.00345
 10.44      0.10790      0.11638     -0.00479
 10.46      0.10930      0.11639     -0.00636
 10.48      0.10851      0.11641     -0.00697
 10.50      0.10801      0.11642     -0.00574
 10.52      0.11346      0.11644     -0.00327
 10.54      0.11412      0.11645     -0.00144
 10.56      0.12171      0.11646      0.00148
 10.58      0.11773      0.11648      0.00258
 10.60      0.12269      0.11649      0.00367
 10.62      0.11901      0.11650      0.00415
 10.64      0.11965      0.11651      0.00589
 10.66      0.12415      0.11652      0.00625
 10.68      0.12649      0.11652      0.00967
 10.70      0.12454      0.11653      0.01626
 10.72      0.13613      0.11654      0.02369
 10.74      0.15265      0.11654      0.02948
 10.76      0.16130      0.11653      0.03881
 10.78      0.15548      0.11652      0.04857
 10.80      0.17117      0.11650      0.05321
 10.82      0.18482      0.11647      0.05800
 10.84      0.17575      0.11643      0.06472
 10.86      0.18513      0.11638      0.06789
 10.88      0.18885      0.11633      0.06456
 10.90      0.18683      0.11627      0.06075
 10.92      0.16789      0.11622      0.05281
 10.94      0.15642      0.11616      0.04240
 10.96      0.14514      0.11612      0.03131
 10.98      0.13653      0.11608      0.02234
 11.00      0.13115      0.11606      0.01292
 11.02      0.12288      0.11605      0.00494
 11.04      0.10924      0.11606     -0.00085
 11.06      0.10518      0.11608     -0.00523
 11.08      0.10760      0.11612     -0.00890
 11.10      0.10934      0.11616     -0.00892
 11.12      0.10475      0.11622     -0.01203
 11.14      0.10936      0.11627     -0.01403
 11.16      0.08987      0.11633     -0.01592
 11.18      0.09790      0.11640     -0.01802
 11.20      0.10019      0.11647     -0.02149
 11.22      0.09456      0.11653     -0.01884
 11.24      0.09235      0.11659     -0.01688
 11.26      0.10345      0.11666     -0.01523
 11.28      0.10800      0.11671     -0.01128
 11.30      0.10876      0.11677     -0.00605
 11.32      0.11464      0.11681     -0.00246
 11.34      0.11874      0.11685      0.00163
 11.36      0.12162      0.11687      0.00517
 11.38      0.12865      0.11689      0.00754
 11.40      0.12655      0.11689      0.00888
 11.42      0.12660      0.11689      0.00969
 11.44      0.12544      0.11687      0.00730
 11.46      0.12563      0.11684      0.00488
 11.48      0.11663      0.11680      0.00123
 11.50      0.11430      0.11675     -0.00319
 11.52      0.10814      0.11669     -0.00779
 11.54      0.10306      0.11662     -0.01307
 11.56      0.10235      0.11655     -0.01754
 11.58      0.08991      0.11648     -0.02128
 11.60      0.09160      0.11640     -0.02413
 11.62      0.08908      0.11633     -0.02615
 11.64      0.08840      0.11626     -0.02702
 11.66      0.09192      0.11619     -0.02627
 11.68      0.08523      0.11613     -0.02691
 11.70      0.09500      0.11607     -0.02773
 11.72      0.08559      0.11602     -0.02747
 11.74      0.08401      0.11597     -0.02632
 11.76      0.09296      0.11593     -0.02644
 11.78      0.09072      0.11589     -0.02445
 11.80      0.09419      0.11586     -0.02066
 11.82      0.09532      0.11583     -0.01695
 11.84      0.10277      0.11580     -0.01310
 11.86      0.11135      0.11578     -0.00835
 11.88      0.10988      0.11575     -0.00390
 11.90      0.11779      0.11572     -0.00052
 11.92      0.11745      0.11569      0.00047
 11.94      0.11956      0.11566      0.00211
 11.96      0.11617      0.11562     -0.00158
 11.98      0.11789      0.11558     -0.00367
 12.00      0.09912      0.11553     -0.00696
 12.02      0.10682      0.11548     -0.01055
 12.04      0.10285      0.11543     -0.01600
 12.06      0.09799      0.11537     -0.01946
 12.08      0.09037      0.11531     -0.02449
 12.10      0.08151      0.11524     -0.02950
 12.12      0.08138      0.11518     -0.03366
 12.14      0.07747      0.11512     -0.03573
 12.16      0.07685      0.11507     -0.03659
 12.18      0.07973      0.11502     -0.03782
 12.20      0.07697      0.11498     -0.03569
 12.22      0.07497      0.11494     -0.03259
 12.24      0.08794      0.11492     -0.02895
 12.26      0.09216      0.11491     -0.02305
 12.28      0.09785      0.11491     -0.01386
 12.30      0.10638      0.11492     -0.00656
 12.32      0.12096      0.11494      0.00242
 12.34      0.12447      0.11496      0.01119
 12.36      0.13712      0.11498      0.01898
 12.38      0.14184      0.11501      0.02535
 12.40      0.14542      0.11503      0.03340
 12.42      0.15294      0.11505      0.03723
 12.44      0.16484      0.11506      0.03986
 12.46      0.15636      0.11506      0.04073
 12.48      0.15501      0.11505      0.03905
 12.50      0.14976      0.11504      0.03349
 12.52      0.14452      0.11501      0.02955
 12.54      0.13698      0.11498      0.02287
 12.56      0.13652      0.11495      0.01710
 12.58      0.12150      0.11491      0.01154
 12.60      0.12070      0.11486      0.00615
 12.62      0.11652      0.11482      0.00240
 12.64      0.10981      0.11477      0.00156
 12.66      0.11760      0.11473     -0.00176
 12.68      0.11705      0.11468     -0.00221
 12.70      0.10388      0.11464     -0.00080
 12.72      0.11404      0.11459     -0.00049
 12.74      0.11662      0.11455      0.00076
 12.76      0.11895      0.11451      0.00589
 12.78      0.12306      0.11446      0.01109
 12.80      0.12932      0.11443      0.01630
 12.82      0.13983      0.11439      0.02332
 12.84      0.14247      0.11435      0.03209
 12.86      0.15388      0.11431      0.04033
 12.88      0.16668      0.11427      0.04689
 12.90      0.17033      0.11422      0.05243
 12.92      0.17243      0.11417      0.05496
 12.94      0.16993      0.11411      0.05523
 12.96      0.16625      0.11405      0.05691
 12.98      0.16776      0.11398      0.05390
 13.00      0.17842      0.11391      0.05114
 13.02      0.15704      0.11382      0.04877
 13.04      0.15574      0.11373      0.04400
 13.06      0.15399      0.11363      0.03672
 13.08      0.14348      0.11353      0.03160
 13.10      0.14151      0.11342      0.02645
 13.12      0.13093      0.11331      0.02080
 13.14      0.12946      0.11320      0.01889
 13.16      0.12520      0.11309      0.01356
 13.18      0.13336      0.11298      0.01112
 13.20      0.11430      0.11286      0.00645
 13.22      0.11817      0.11274      0.00387
 13.24      0.10553      0.11262     -0.00350
 13.26      0.11170      0.11250     -0.00808
 13.28      0.09590      0.11238     -0.01230
 13.30      0.09082      0.11226     -0.01465
 13.32      0.09641      0.11214     -0.01902
 13.34      0.09318      0.11202     -0.02149
 13.36      0.08927      0.11190     -0.02342
 13.38      0.08297      0.11179     -0.02664
 13.40      0.08057      0.11168     -0.03053
 13.42      0.07977      0.11158     -0.03464
 13.44      0.07317      0.11148     -0.03775
 13.46      0.06818      0.11139     -0.04189
 13.48      0.06695      0.11130     -0.04534
 13.50      0.05939      0.11122     -0.04767
 13.52      0.06212      0.11115     -0.05002
 13.54      0.06113      0.11109     -0.05217
 13.56      0.05608      0.11104     -0.05315
 13.58      0.05589      0.11099     -0.05326
 13.60      0.05423      0.11095     -0.05232
 13.62      0.06133      0.11092     -0.05130
 13.64      0.06560      0.11089     -0.04889
 13.66      0.06104      0.11086     -0.04487
 13.68      0.06776      0.11084     -0.03988
 13.70      0.07424      0.11082     -0.03400
 13.72      0.08615      0.11081     -0.02682
 13.74      0.09491      0.11079     -0.01819
 13.76      0.09688      0.11077     -0.00916
 13.78      0.11082      0.11075     -0.00163
 13.80      0.11929      0.11072      0.00675
 13.82      0.12365      0.11069      0.01337
 13.84      0.13671      0.11064      0.01877
 13.86      0.12980      0.11059      0.01986
 13.88      0.13764      0.11053      0.02097
 13.90      0.12448      0.11047      0.01754
 13.92      0.12891      0.11039      0.01390
 13.94      0.11919      0.11032      0.00812
 13.96      0.11126      0.11023      0.00295
 13.98      0.10837      0.11015     -0.00412
 14.00      0.09817      0.11006     -0.00934
 14.02      0.09313      0.10998     -0.01267
 14.04      0.09267      0.10989     -0.01725
 14.06      0.09417      0.10981     -0.02054
 14.08      0.08504      0.10972     -0.02043
 14.10      0.08134      0.10964     -0.01910
 14.12      0.09323      0.10956     -0.01795
 14.14      0.09893      0.10949     -0.01297
 14.16      0.09955      0.10941     -0.00537
 14.18      0.10953      0.10933      0.00188
 14.20      0.11895      0.10924      0.00854
 14.22      0.12909      0.10916      0.01584
 14.24      0.13180      0.10906      0.02207
 14.26      0.13558      0.10896      0.02606
 14.28      0.14021      0.10885      0.02820
 14.30      0.13841      0.10874      0.03116
 14.32      0.13928      0.10862      0.03413
 14.34      0.14601      0.10850      0.03434
 14.36      0.14985      0.10837      0.03266
 14.38      0.14061      0.10823      0.03080
 14.40      0.12939      0.10810      0.02702
 14.42      0.12932      0.10796      0.02234
 14.44      0.12639      0.10782      0.01910
 14.46      0.12579      0.10768      0.01607
 14.48      0.12372      0.10755      0.01296
 14.50      0.11354      0.10741      0.00933
 14.52      0.11307      0.10728      0.00484
 14.54      0.10756      0.10715      0.00143
 14.56      0.10269      0.10702     -0.00032
 14.58      0.10601      0.10690     -0.00198
 14.60      0.10419      0.10678     -0.00253
 14.62      0.10415      0.10666     -0.00242
 14.64      0.10422      0.10654     -0.00249
 14.66      0.10262      0.10643     -0.00312
 14.68      0.10507      0.10632     -0.00241
 14.70      0.10047      0.10621     -0.00234
 14.72      0.10718      0.10610     -0.00090
 14.74      0.10403      0.10600     -0.00023
 14.76      0.10927      0.10589      0.00114
 14.78      0.10788      0.10579      0.00038
 14.80      0.10681      0.10568      0.00039
 14.82      0.10285      0.10558     -0.00165
 14.84      0.10353      0.10547     -0.00243
 14.86      0.09857      0.10537     -0.00212
 14.88      0.10346      0.10527     -0.00124
 14.90      0.10783      0.10517     -0.00099
 14.92      0.10677      0.10508      0.00105
 14.94      0.10427      0.10499      0.00190
 14.96      0.10832      0.10490      0.00427
 14.98      0.10726      0.10482      0.00734
 15.00      0.11923      0.10474      0.01114
 15.02      0.12171      0.10467      0.01580
 15.04      0.12288      0.10459      0.02103
 15.06      0.13123      0.10452      0.02479
 15.08      0.13308      0.10445      0.02984
 15.10      0.13766      0.10437      0.03516
 15.12      0.14657      0.10429      0.03585
 15.14      0.14910      0.10421      0.03604
 15.16      0.13430      0.10411      0.03511
 15.18      0.13362      0.10401      0.03060
 15.20      0.13254      0.10391      0.02442
 15.22      0.12353      0.10380      0.02153
 15.24      0.11766      0.10369      0.01659
 15.26      0.11931      0.10357      0.00997
 15.28      0.10836      0.10345      0.00498
 15.30      0.09883      0.10332      0.00025
 15.32      0.09800      0.10320     -0.00463
 15.34      0.09339      0.10307     -0.00889
 15.36      0.09427      0.10295     -0.01213
 15.38      0.08640      0.10282     -0.01407
 15.40      0.08202      0.10269     -0.01527
 15.42      0.08766      0.10257     -0.01703
 15.44      0.08676      0.10245     -0.01761
 15.46      0.08487      0.10232     -0.01682
 15.48      0.08288      0.10220     -0.01709
 15.50      0.08533      0.10207     -0.01693
 15.52      0.08572      0.10194     -0.01605
 15.54      0.08689      0.10181     -0.01593
 15.56      0.08864      0.10168     -0.01573
 15.58      0.08284      0.10155     -0.01633
 15.60      0.08567      0.10141     -0.01765
 15.62      0.08204      0.10126     -0.01943
 15.64      0.07959      0.10112     -0.02086
 15.66      0.07900      0.10097     -0.02245
 15.68      0.07501      0.10082     -0.02283
 15.70      0.07695      0.10067     -0.02373
 15.72      0.07938      0.10052     -0.02378
 15.74      0.07433      0.10036     -0.02225
 15.76      0.07802      0.10021     -0.02148
 15.78      0.08189      0.10006     -0.02241
 15.80      0.08004      0.09991     -0.02207
 15.82      0.07396      0.09977     -0.02115
 15.84      0.07531      0.09963     -0.02150
 15.86      0.08186      0.09949     -0.02145
 15.88      0.07945      0.09936     -0.02079
 15.90      0.07964      0.09923     -0.01883
 15.92      0.07656      0.09911     -0.01889
 15.94      0.08451      0.09900     -0.01815
 15.96      0.08096      0.09889     -0.01688
 15.98      0.08258      0.09879     -0.01508
 16.00      0.08544      0.09869     -0.01379
 16.02      0.08505      0.09859     -0.01236
 16.04      0.09046      0.09849     -0.00978
 16.06      0.08759      0.09839     -0.00860
 16.08      0.09499      0.09830     -0.00506
 16.10      0.09089      0.09820     -0.00271
 16.12      0.10224      0.09810      0.00157
 16.14      0.10174      0.09800      0.00484
 16.16      0.10851      0.09789      0.00972
 16.18      0.11083      0.09778      0.01216
 16.20      0.11475      0.09767      0.01493
 16.22      0.11385      0.09755      0.01734
 16.24      0.11503      0.09743      0.01998
 16.26      0.11996      0.09731      0.02178
 16.28      0.12347      0.09718      0.02321
 16.30      0.12313      0.09705      0.02408
 16.32      0.12036      0.09692      0.02410
 16.34      0.11872      0.09679      0.02373
 16.36      0.11942      0.09666      0.02252
 16.38      0.12095      0.09652      0.01984
 16.40      0.11642      0.09639      0.01796
 16.42      0.10633      0.09625      0.01557
 16.44      0.10862      0.09612      0.01213
 16.46      0.10681      0.09598      0.00893
 16.48      0.10307      0.09584      0.00812
 16.50      0.09970      0.09571      0.00762
 16.52      0.10162      0.09557      0.00643
 16.54      0.10546      0.09544      0.00692
 16.56      0.10017      0.09530      0.00815
 16.58      0.10484      0.09516      0.00970
 16.60      0.10518      0.09502      0.01078
 16.62      0.10863      0.09488      0.01465
 16.64      0.11016      0.09473      0.01718
 16.66      0.11883      0.09458      0.01913
 16.68      0.11676      0.09442      0.02004
 16.70      0.11415      0.09425      0.02080
 16.72      0.11237      0.09408      0.01806
 16.74      0.11315      0.09391      0.01553
 16.76      0.10426      0.09373      0.01186
 16.78      0.10323      0.09355      0.00766
 16.80      0.09493      0.09337      0.00306
 16.82      0.09045      0.09318     -0.00108
 16.84      0.08926      0.09300     -0.00595
 16.86      0.08263      0.09282     -0.00816
 16.88      0.07801      0.09264     -0.00962
 16.90      0.08297      0.09247     -0.01133
 16.92      0.08224      0.09229     -0.01074
 16.94      0.07980      0.09212     -0.00807
 16.96      0.08475      0.09195     -0.00733
 16.98      0.09050      0.09179     -0.00529
 17.00      0.08581      0.09162     -0.00281
 17.02      0.09164      0.09146     -0.00067
 17.04      0.09135      0.09130      0.00032
 17.06      0.09464      0.09114      0.00095
 17.08      0.09462      0.09098      0.00052
 17.10      0.08817      0.09082      0.00039
 17.12      0.08869      0.09067     -0.00083
 17.14      0.08993      0.09052     -0.00198
 17.16      0.08777      0.09037     -0.00233
 17.18      0.08812      0.09023     -0.00237
 17.20      0.08570      0.09010     -0.00320
 17.22      0.08782      0.08996     -0.00379
 17.24      0.08506      0.08983     -0.00452
 17.26      0.08417      0.08970     -0.00485
 17.28      0.08380      0.08958     -0.00420
 17.30      0.08344      0.08945     -0.00331
 17.32      0.09040      0.08933     -0.00118
 17.34      0.08889      0.08921     -0.00064
 17.36      0.09424      0.08908      0.00250
 17.38      0.08587      0.08896      0.00362
 17.40      0.09850      0.08883      0.00372
 17.42      0.09541      0.08870      0.00414
 17.44      0.08873      0.08857      0.00577
 17.46      0.09572      0.08843      0.00419
 17.48      0.09333      0.08829      0.00265
 17.50      0.08991      0.08815      0.00271
 17.52      0.08702      0.08801      0.00029
 17.54      0.08831      0.08786     -0.00250
 17.56      0.08290      0.08771     -0.00501
 17.58      0.07864      0.08756     -0.00661
 17.60      0.07664      0.08741     -0.00784
 17.62      0.07829      0.08727     -0.00953
 17.64      0.08140      0.08712     -0.01113
 17.66      0.07370      0.08697     -0.01046
 17.68      0.06990      0.08682     -0.01101
 17.70      0.07923      0.08667     -0.01257
 17.72      0.07483      0.08652     -0.01087
 17.74      0.07285      0.08637     -0.00937
 17.76      0.08146      0.08622     -0.00895
 17.78      0.07664      0.08607     -0.00816
 17.80      0.08059      0.08592     -0.00658
 17.82      0.07801      0.08576     -0.00696
 17.84      0.07998      0.08561     -0.00570
 17.86      0.07877      0.08545     -0.00606
 17.88      0.08219      0.08529     -0.00402
 17.90      0.07800      0.08512     -0.00266
 17.92      0.08738      0.08496     -0.00130
 17.94      0.08600      0.08479      0.00052
 17.96      0.08472      0.08462      0.00248
 17.98      0.09049      0.08445      0.00294
 18.00      0.08691      0.08427      0.00328
 18.02      0.08884      0.08409      0.00291
 18.04      0.08680      0.08390      0.00325
 18.06      0.08197      0.08371      0.00404
 18.08      0.09125      0.08352      0.00283
 18.10      0.08989      0.08332      0.00157
 18.12      0.08186      0.08313      0.00185
 18.14      0.07950      0.08293      0.00018
 18.16      0.08236      0.08273     -0.00116
 18.18      0.08193      0.08253     -0.00135
 18.20      0.08217      0.08233     -0.00126
 18.22      0.07990      0.08213     -0.00132
 18.24      0.07898      0.08193     -0.00089
 18.26      0.08107      0.08174     -0.00099
 18.28      0.08307      0.08155     -0.00093
 18.30      0.08072      0.08136     -0.00010
 18.32      0.07922      0.08117      0.00038
 18.34      0.08221      0.08099      0.00013
 18.36      0.08254      0.08081      0.00122
 18.38      0.08087      0.08063      0.00386
 18.40      0.08527      0.08045      0.00426
 18.42      0.09156      0.08028      0.00554
 18.44      0.08334      0.08011      0.00698
 18.46      0.08805      0.07994      0.00785
 18.48      0.08722      0.07977      0.00576
 18.50      0.08877      0.07960      0.00472
 18.52      0.08026      0.07943      0.00279
 18.54      0.07729      0.07926      0.00155
 18.56      0.07754      0.07909     -0.00071
 18.58      0.08017      0.07892     -0.00116
 18.60      0.07663      0.07876     -0.00168
 18.62      0.07721      0.07859     -0.00302
 18.64      0.07385      0.07843     -0.00408
 18.66      0.07000      0.07827     -0.00527
 18.68      0.07410      0.07811     -0.00600
 18.70      0.06985      0.07796     -0.00634
 18.72      0.07279      0.07781     -0.00412
 18.74      0.07133      0.07766     -0.00252
 18.76      0.08038      0.07751     -0.00011
 18.78      0.08135      0.07737      0.00194
 18.80      0.08118      0.07723      0.00413
 18.82      0.08231      0.07708      0.00508
 18.84      0.08158      0.07694      0.00576
 18.86      0.08441      0.07679      0.00655
 18.88      0.08399      0.07664      0.00761
 18.90      0.08439      0.07649      0.00852
 18.92      0.08688      0.07633      0.00899
 18.94      0.08534      0.07617      0.00906
 18.96      0.08597      0.07600      0.00780
 18.98      0.08355      0.07584      0.00651
 19.00      0.07727      0.07567      0.00619
 19.02      0.07960      0.07550      0.00553
 19.04      0.08289      0.07532      0.00528
 19.06      0.08184      0.07515      0.00535
 19.08      0.08143      0.07497      0.00539
 19.10      0.07671      0.07479      0.00411
 19.12      0.07894      0.07461      0.00377
 19.14      0.07559      0.07444      0.00308
 19.16      0.07926      0.07426      0.00296
 19.18      0.07710      0.07408      0.00206
 19.20      0.07519      0.07390      0.00171
 19.22      0.07353      0.07372      0.00000
 19.24      0.07297      0.07354     -0.00137
 19.26      0.06980      0.07336     -0.00132
 19.28      0.06933      0.07318     -0.00107
 19.30      0.07457      0.07300     -0.00144
 19.32      0.07386      0.07282     -0.00067
 19.34      0.07023      0.07264     -0.00007
 19.36      0.07276      0.07246     -0.00033
 19.38      0.07142      0.07228     -0.00026
 19.40      0.07237      0.07210     -0.00036
 19.42      0.07332      0.07192      0.00066
 19.44      0.06884      0.07174      0.00114
 19.46      0.07694      0.07157      0.00052
 19.48      0.07294      0.07139      0.00055
 19.50      0.06840      0.07121      0.00128
 19.52      0.07255      0.07104      0.00055
 19.54      0.07162      0.07086      0.00026
 19.56      0.07241      0.07068      0.00142
 19.58      0.07061      0.07051      0.00103
 19.60      0.07335      0.07033      0.00182
 19.62      0.06969      0.07015      0.00091
 19.64      0.07468      0.06998      0.00102
 19.66      0.06699      0.06980      0.00106
 19.68      0.07025      0.06962      0.00115
 19.70      0.07267      0.06944      0.00038
 19.72      0.06926      0.06925      0.00065
 19.74      0.06989      0.06907     -0.00014
 19.76      0.06742      0.06888     -0.00127
 19.78      0.06542      0.06870     -0.00228
 19.80      0.06605      0.06851     -0.00434
 19.82      0.06329      0.06832     -0.00606
 19.84      0.05868      0.06813     -0.00591
 19.86      0.05785      0.06794     -0.00666
 19.88      0.06525      0.06776     -0.00694
 19.90      0.06134      0.06757     -0.00724
 19.92      0.06097      0.06738     -0.00670
 19.94      0.05624      0.06720     -0.00838
 19.96      0.05963      0.06701     -0.00971
 19.98      0.05590      0.06683     -0.01111
 20.00      0.05378      0.06664     -0.01166
 20.02      0.05304      0.06646     -0.01254
 20.04      0.05260      0.06629     -0.01214
 20.06      0.05430      0.06611     -0.01201
 20.08      0.05699      0.06594     -0.01129
 20.10      0.05359      0.06577     -0.00973
 20.12      0.05574      0.06560     -0.00884
 20.14      0.05955      0.06543     -0.00805
 20.16      0.05790      0.06526     -0.00629
 20.18      0.06011      0.06510     -0.00453
 20.20      0.06157      0.06493     -0.00372
 20.22      0.06370      0.06477     -0.00153
 20.24      0.06280      0.06460      0.00036
 20.26      0.06802      0.06443      0.00168
 20.28      0.06871      0.06427      0.00281
 20.30      0.06736      0.06410      0.00459
 20.32      0.06850      0.06393      0.00507
 20.34      0.07083      0.06375      0.00706
 20.36      0.06956      0.06358      0.00869
 20.38      0.07782      0.06341      0.01005
 20.40      0.07467      0.06323      0.01023
 20.42      0.07437      0.06305      0.01104
 20.44      0.07086      0.06286      0.01009
 20.46      0.07273      0.06268      0.00940
 20.48      0.07214      0.06249      0.00908
 20.50      0.07028      0.06231      0.00805
 20.52      0.07185      0.06212      0.00728
 20.54      0.06479      0.06193      0.00627
 20.56      0.06792      0.06174      0.00507
 20.58      0.06615      0.06155      0.00463
 20.60      0.06334      0.06136      0.00459
 20.62      0.06869      0.06116      0.00344
 20.64      0.06366      0.06097      0.00250
 20.66      0.06116      0.06077      0.00261
 20.68      0.06051      0.06058      0.00130
 20.70      0.06289      0.06038      0.00054
 20.72      0.06120      0.06019      0.00031
 20.74      0.05886      0.05999      0.00004
 20.76      0.05902      0.05979     -0.00065
 20.78      0.05816      0.05959     -0.00132
 20.80      0.05847      0.05940     -0.00113
 20.82      0.05687      0.05920     -0.00189
 20.84      0.05880      0.05901     -0.00343
 20.86      0.05427      0.05882     -0.00333
 20.88      0.04947      0.05863     -0.00410
 20.90      0.05804      0.05844     -0.00488
 20.92      0.05207      0.05825     -0.00506
 20.94      0.05392      0.05807     -0.00435
 20.96      0.05249      0.05788     -0.00438
 20.98      0.05207      0.05770     -0.00400
 21.00      0.05697      0.05753     -0.00386
 21.02      0.05306      0.05735     -0.00388
 21.04      0.05374      0.05717     -0.00249
 21.06      0.05151      0.05700     -0.00178
 21.08      0.05813      0.05682      0.00016
 21.10      0.05967      0.05665      0.00153
 21.12      0.06185      0.05648      0.00362
 21.14      0.05977      0.05631      0.00462
 21.16      0.06109      0.05614      0.00499
 21.18      0.06225      0.05596      0.00481
 21.20      0.06068      0.05579      0.00524
 21.22      0.06005      0.05561      0.00444
 21.24      0.06107      0.05544      0.00465
 21.26      0.05620      0.05526      0.00443
 21.28      0.06247      0.05509      0.00375
 21.30      0.05868      0.05491      0.00311
 21.32      0.05576      0.05473      0.00349
 21.34      0.05699      0.05455      0.00231
 21.36      0.05722      0.05437      0.00229
 21.38      0.05567      0.05419      0.00251
 21.40      0.05769      0.05401      0.00285
 21.42      0.05592      0.05383      0.00281
 21.44      0.05780      0.05365      0.00302
 21.46      0.05610      0.05347      0.00321
 21.48      0.05584      0.05328      0.00387
 21.50      0.05771      0.05310      0.00340
 21.52      0.05829      0.05291      0.00382
 21.54      0.05455      0.05273      0.00392
 21.56      0.05726      0.05254      0.00371
 21.58      0.05544      0.05236      0.00279
 21.60      0.05574      0.05217      0.00349
 21.62      0.05272      0.05198      0.00314
 21.64      0.05712      0.05179      0.00273
 21.66      0.05460      0.05160      0.00249
 21.68      0.05244      0.05142      0.00260
 21.70      0.05358      0.05123      0.00181
 21.72      0.05234      0.05104      0.00029
 21.74      0.05222      0.05085     -0.00054
 21.76      0.04606      0.05066     -0.00134
 21.78      0.04735      0.05047     -0.00230
 21.80      0.04864      0.05028     -0.00292
 21.82      0.04657      0.05010     -0.00250
 21.84      0.04820      0.04991     -0.00290
 21.86      0.04725      0.04973     -0.00375
 21.88      0.04441      0.04954     -0.00423
 21.90      0.04347      0.04935     -0.00516
 21.92      0.04322      0.04917     -0.00570
 21.94      0.04262      0.04898     -0.00519
 21.96      0.04363      0.04880     -0.00524
 21.98      0.04602      0.04861     -0.00553
 22.00      0.04230      0.04843     -0.00544
 22.02      0.04087      0.04824     -0.00494
 22.04      0.04215      0.04806     -0.00546
 22.06      0.04516      0.04787     -0.00519
 22.08      0.04249      0.04769     -0.00419
 22.10      0.04273      0.04750     -0.00402
 22.12      0.04497      0.04731     -0.00403
 22.14      0.04203      0.04712     -0.00348
 22.16      0.04420      0.04693     -0.00340
 22.18      0.04430      0.04674     -0.00435
 22.20      0.04219      0.04655     -0.00442
 22.22      0.03927      0.04636     -0.00516
 22.24      0.04074      0.04617     -0.00560
 22.26      0.03954      0.04599     -0.00520
 22.28      0.04115      0.04580     -0.00460
 22.30      0.04324      0.04561     -0.00427
 22.32      0.04135      0.04543     -0.00365
 22.34      0.04145      0.04524     -0.00304
 22.36      0.04168      0.04506     -0.00348
 22.38      0.04329      0.04488     -0.00347
 22.40      0.04011      0.04470     -0.00302
 22.42      0.04048      0.04452     -0.00239
 22.44      0.04283      0.04434     -0.00188
 22.46      0.04395      0.04417     -0.00117
 22.48      0.04493      0.04399     -0.00040
 22.50      0.04278      0.04382     -0.00025
 22.52      0.04349      0.04365     -0.00024
 22.54      0.04271      0.04348     -0.00076
 22.56      0.04314      0.04331     -0.00045
 22.58      0.04148      0.04314     -0.00035
 22.60      0.04347      0.04297      0.00026
 22.62      0.04317      0.04281      0.00038
 22.64      0.04488      0.04264      0.00148
 22.66      0.04295      0.04247      0.00223
 22.68      0.04615      0.04231      0.00228
 22.70      0.04638      0.04214      0.00231
 22.72      0.04257      0.04198      0.00296
 22.74      0.04421      0.04181      0.00353
 22.76      0.04538      0.04164      0.00434
 22.78      0.04816      0.04147      0.00532
 22.80      0.04959      0.04130      0.00561
 22.82      0.04660      0.04113      0.00587
 22.84      0.04482      0.04096      0.00580
 22.86      0.04585      0.04079      0.00481
 22.88      0.04695      0.04061      0.00392
 22.90      0.04377      0.04044      0.00267
 22.92      0.04127      0.04026      0.00185
 22.94      0.03770      0.04009      0.00133
 22.96      0.04086      0.03991      0.00053
 22.98      0.04349      0.03973      0.00117
 23.00      0.03887      0.03955      0.00186
 23.02      0.04361      0.03938      0.00190
 23.04      0.04026      0.03920      0.00175
 23.06      0.04015      0.03902      0.00309
 23.08      0.04184      0.03884      0.00280
 23.10      0.04465      0.03866      0.00290
 23.12      0.04131      0.03847      0.00337
 23.14      0.03982      0.03829      0.00324
 23.16      0.04163      0.03811      0.00223
 23.18      0.04028      0.03793      0.00169
 23.20      0.03866      0.03775      0.00171
 23.22      0.03771      0.03757      0.00144
 23.24      0.03905      0.03739      0.00156
 23.26      0.03935      0.03722      0.00074
 23.28      0.03997      0.03704      0.00019
 23.30      0.03371      0.03686     -0.00024
 23.32      0.03407      0.03668     -0.00089
 23.34      0.03601      0.03651     -0.00149
 23.36      0.03519      0.03634     -0.00146
 23.38      0.03614      0.03616     -0.00056
 23.40      0.03298      0.03599     -0.00059
 23.42      0.03771      0.03582     -0.00086
 23.44      0.03501      0.03565     -0.00120
 23.46      0.03296      0.03548     -0.00020
 23.48      0.03358      0.03531     -0.00057
 23.50      0.03713      0.03514     -0.00041
 23.52      0.03502      0.03498      0.00004
 23.54      0.03499      0.03481      0.00048
 23.56      0.03437      0.03465      0.00035
 23.58      0.03493      0.03448      0.00013
 23.60      0.03568      0.03431      0.00004
 23.62      0.03306      0.03415     -0.00004
 23.64      0.03374      0.03399     -0.00017
 23.66      0.03313      0.03382     -0.00028
 23.68      0.03349      0.03366      0.00015
 23.70      0.03430      0.03350      0.00030
 23.72      0.03440      0.03333      0.00125
 23.74      0.03366      0.03317      0.00174
 23.76      0.03704      0.03301      0.00253
 23.78      0.03515      0.03284      0.00252
 23.80      0.03743      0.03268      0.00247
 23.82      0.03355      0.03251      0.00137
 23.84      0.03256      0.03235      0.00122
 23.86      0.03074      0.03218      0.00041
 23.88      0.03353      0.03201     -0.00045
 23.90      0.03254      0.03184     -0.00023
 23.92      0.02843      0.03168     -0.00040
 23.94      0.03281      0.03151     -0.00088
 23.96      0.02908      0.03134     -0.00165
 23.98      0.03027      0.03117     -0.00195
 24.00      0.02789      0.03100     -0.00278
 24.02      0.02608      0.03084     -0.00336
 24.04      0.02778      0.03067     -0.00358
 24.06      0.02534      0.03050     -0.00405
 24.08      0.02837      0.03033     -0.00387
 24.10      0.02466      0.03016     -0.00389
 24.12      0.02616      0.03000     -0.00381
 24.14      0.02684      0.02983     -0.00431
 24.16      0.02492      0.02967     -0.00456
 24.18      0.02503      0.02950     -0.00473
 24.20      0.02261      0.02934     -0.00504
 24.22      0.02448      0.02917     -0.00462
 24.24      0.02446      0.02901     -0.00419
 24.26      0.02620      0.02885     -0.00338
 24.28      0.02637      0.02869     -0.00334
 24.30      0.02585      0.02853     -0.00264
 24.32      0.02388      0.02836     -0.00236
 24.34      0.02712      0.02820     -0.00209
 24.36      0.02678      0.02804     -0.00157
 24.38      0.02695      0.02788     -0.00045
 24.40      0.02762      0.02772     -0.00035
 24.42      0.02866      0.02756     -0.00007
 24.44      0.02682      0.02739      0.00032
 24.46      0.02736      0.02723      0.00007
 24.48      0.02809      0.02707     -0.00014
 24.50      0.02557      0.02691      0.00031
 24.52      0.02680      0.02674      0.00043
 24.54      0.02827      0.02658      0.00057
 24.56      0.02713      0.02642      0.00092
 24.58      0.02798      0.02626      0.00122
 24.60      0.02652      0.02609      0.00092
 24.62      0.02750      0.02593      0.00076
 24.64      0.02592      0.02577      0.00032
 24.66      0.02553      0.02560      0.00010
 24.68      0.02495      0.02544     -0.00054
 24.70      0.02462      0.02528     -0.00065
 24.72      0.02349      0.02512     -0.00071
 24.74      0.02458      0.02496     -0.00060
 24.76      0.02438      0.02480     -0.00086
 24.78      0.02473      0.02464     -0.00040
 24.80      0.02255      0.02449     -0.00053
 24.82      0.02500      0.02433     -0.00049
 24.84      0.02313      0.02418     -0.00056
 24.86      0.02379      0.02402     -0.00004
 24.88      0.02358      0.02387      0.00013
 24.90      0.02443      0.02372      0.00044
 24.92      0.02508      0.02357      0.00056
 24.94      0.02390      0.02342      0.00035
 24.96      0.02363      0.02327      0.00035
 24.98      0.02178      0.02312      0.00041
 25.00      0.02372      0.02297      0.00036
 25.02      0.02461      0.02282      0.00043
 25.04      0.02288      0.02267      0.00091
 25.06      0.02323      0.02252      0.00076
 25.08      0.02346      0.02237      0.00062
 25.10      0.02222      0.02223      0.00110
 25.12      0.02318      0.02208      0.00141
 25.14      0.02456      0.02194      0.00158
 25.16      0.02405      0.02179      0.00192
 25.18      0.02355      0.02165      0.00219
 25.20      0.02323      0.02150      0.00202
 25.22      0.02381      0.02136      0.00226
 25.24      0.02295      0.02121      0.00222
 25.26      0.02456      0.02107      0.00232
 25.28      0.02261      0.02092      0.00246
 25.30      0.02301      0.02078      0.00291
 25.32      0.02378      0.02064      0.00268
 25.34      0.02448      0.02049      0.00305
 25.36      0.02272      0.02035      0.00312
 25.38      0.02372      0.02020      0.00282
 25.40      0.02262      0.02006      0.00279
 25.42      0.02158      0.01991      0.00293
 25.44      0.02361      0.01977      0.00239
 25.46      0.02269      0.01962      0.00206
 25.48      0.02027      0.01948      0.00187
 25.50      0.02026      0.01933      0.00125
 25.52      0.01988      0.01918      0.00076
 25.54      0.01981      0.01904      0.00066
 25.56      0.01949      0.01889      0.00005
 25.58      0.01906      0.01875     -0.00034
 25.60      0.01647      0.01861     -0.00079
 25.62      0.01724      0.01846     -0.00121
 25.64      0.01681      0.01832     -0.00164
 25.66      0.01667      0.01818     -0.00172
 25.68      0.01619      0.01804     -0.00186
 25.70      0.01540      0.01790     -0.00224
 25.72      0.01580      0.01776     -0.00238
 25.74      0.01425      0.01762     -0.00256
 25.76      0.01525      0.01748     -0.00243
 25.78      0.01458      0.01735     -0.00297
 25.80      0.01540      0.01721     -0.00297
 25.82      0.01243      0.01708     -0.00286
 25.84      0.01354      0.01695     -0.00272
 25.86      0.01513      0.01682     -0.00272
 25.88      0.01464      0.01669     -0.00187
 25.90      0.01475      0.01656     -0.00176
 25.92      0.01604      0.01643     -0.00169
 25.94      0.01343      0.01630     -0.00153
 25.96      0.01483      0.01617     -0.00139
 25.98      0.01482      0.01605     -0.00155
 26.00      0.01481      0.01592     -0.00152
 26.02      0.01457      0.01580     -0.00118
 26.04      0.01297      0.01567     -0.00120
 26.06      0.01589      0.01555     -0.00131
 26.08      0.01412      0.01542     -0.00117
 26.10      0.01364      0.01530     -0.00089
 26.12      0.01463      0.01518     -0.00138
 26.14      0.01374      0.01505     -0.00131
 26.16      0.01285      0.01493     -0.00142
 26.18      0.01383      0.01480     -0.00173
 26.20      0.01248      0.01468     -0.00169
 26.22      0.01247      0.01456     -0.00163
 26.24      0.01334      0.01444     -0.00164
 26.26      0.01251      0.01431     -0.00167
 26.28      0.01320      0.01419     -0.00167
 26.30      0.01168      0.01407     -0.00184
 26.32      0.01190      0.01395     -0.00181
 26.34      0.01184      0.01383     -0.00230
 26.36      0.01206      0.01371     -0.00201
 26.38      0.01014      0.01359     -0.00202
 26.40      0.01256      0.01347     -0.00202
 26.42      0.01122      0.01335     -0.00181
 26.44      0.01127      0.01323     -0.00166
 26.46      0.01247      0.01311     -0.00199
 26.48      0.01033      0.01299     -0.00196
 26.50      0.01032      0.01288     -0.00206
 26.52      0.01078      0.01276     -0.00228
 26.54      0.01019      0.01265     -0.00237
 26.56      0.01076      0.01253     -0.00207
 26.58      0.00931      0.01242     -0.00197
 26.60      0.01126      0.01230     -0.00144
 26.62      0.01074      0.01219     -0.00116
 26.64      0.01228      0.01208     -0.00037
 26.66      0.01158      0.01197     -0.00005
 26.68      0.01272      0.01186      0.00051
 26.70      0.01231      0.01175      0.00041
 26.72      0.01298      0.01164      0.00059
 26.74      0.01120      0.01153      0.00062
 26.76      0.01194      0.01142      0.00052
 26.78      0.01233      0.01131      0.00029
 26.80      0.01123      0.01120      0.00069
 26.82      0.01128      0.01109      0.00071
 26.84      0.01264      0.01098      0.00054
 26.86      0.01149      0.01087      0.00068
 26.88      0.01092      0.01076      0.00078
 26.90      0.01142      0.01065      0.00061
 26.92      0.01124      0.01054      0.00088
 26.94      0.01123      0.01043      0.00092
 26.96      0.01230      0.01032      0.00101
 26.98      0.01054      0.01021      0.00088
 27.00      0.01132      0.01010      0.00060
 27.02      0.01007      0.00999      0.00013
 27.04      0.00927      0.00989      0.00017
 27.06      0.00943      0.00978      0.00007
 27.08      0.01021      0.00967      0.00049
 27.10      0.01026      0.00956      0.00086
 27.12      0.01161      0.00946      0.00111
 27.14      0.01059      0.00935      0.00104
 27.16      0.01018      0.00925      0.00114
 27.18      0.00933      0.00914      0.00093
 27.20      0.01023      0.00903      0.00067
 27.22      0.00999      0.00893      0.00049
 27.24      0.00881      0.00882      0.00040
 27.26      0.00875      0.00872      0.00015
 27.28      0.00835      0.00862      0.00005
 27.30      0.00845      0.00852      0.00024
 27.32      0.00901      0.00841      0.00010
 27.34      0.00922      0.00831      0.00025
 27.36      0.00754      0.00821      0.00053
 27.38      0.00860      0.00811      0.00063
 27.40      0.00937      0.00801      0.00064
 27.42      0.00897      0.00792      0.00067
 27.44      0.00880      0.00782      0.00068
 27.46      0.00718      0.00772      0.00039
 27.48      0.00817      0.00762      0.00038
 27.50      0.00745      0.00753      0.00033
 27.52      0.00844      0.00743      0.00072
 27.54      0.00805      0.00734      0.00101
 27.56      0.00865      0.00725      0.00128
 27.58      0.00914      0.00715      0.00123
 27.60      0.00836      0.00706      0.00125
 27.62      0.00769      0.00696      0.00070
 27.64      0.00769      0.00687      0.00037
 27.66      0.00541      0.00678      0.00020
 27.68      0.00707      0.00668      0.00005
 27.70      0.00701      0.00659     -0.00017
 27.72      0.00651      0.00650      0.00007
 27.74      0.00612      0.00641      0.00006
 27.76      0.00617      0.00632     -0.00001
 27.78      0.00655      0.00622     -0.00011
 27.80      0.00621      0.00613     -0.00012
 27.82      0.00555      0.00604      0.00013
 27.84      0.00560      0.00595     -0.00007
 27.86      0.00697      0.00586     -0.00008
 27.88      0.00510      0.00577     -0.00004
 27.90      0.00570      0.00568     -0.00008
 27.92      0.00531      0.00559     -0.00027
 27.94      0.00492      0.00550     -0.00004
 27.96      0.00558      0.00541      0.00002
 27.98      0.00579      0.00533      0.00023
 28.00      0.00557      0.00524      0.00021
 28.02      0.00595      0.00515      0.00001
 28.04      0.00436      0.00506     -0.00019
 28.06      0.00414      0.00498     -0.00041
 28.08      0.00435      0.00489     -0.00056
 28.10      0.00402      0.00480     -0.00049
 28.12      0.00478      0.00472     -0.00045
 28.14      0.00429      0.00464     -0.00061
 28.16      0.00391      0.00455     -0.00075
 28.18      0.00315      0.00447     -0.00091
 28.20      0.00287      0.00439     -0.00118
 28.22      0.00357      0.00430     -0.00135
 28.24      0.00254      0.00422     -0.00128
 28.26      0.00265      0.00414     -0.00110
 28.28      0.00308      0.00406     -0.00122
 28.30      0.00335      0.00398     -0.00118
 28.32      0.00259      0.00390     -0.00137
 28.34      0.00232      0.00383     -0.00158
 28.36      0.00135      0.00375     -0.00171
 28.38      0.00162      0.00367     -0.00182
 28.40      0.00231      0.00360     -0.00183
 28.42      0.00167      0.00352     -0.00172
 28.44      0.00188      0.00345     -0.00154
 28.46      0.00150      0.00337     -0.00162
 28.48      0.00215      0.00330     -0.00160
 28.50      0.00156      0.00323     -0.00162
 28.52      0.00139      0.00316     -0.00156
 28.54      0.00145      0.00309     -0.00173
 28.56      0.00144      0.00302     -0.00166
 28.58      0.00096      0.00295     -0.00163
 28.60      0.00155      0.00288     -0.00159
 28.62      0.00117      0.00281     -0.00160
 28.64      0.00133      0.00275     -0.00155
 28.66      0.00107      0.00268     -0.00163
 28.68      0.00085      0.00262     -0.00165
 28.70      0.00085      0.00255     -0.00173
 28.72      0.00074      0.00249     -0.00175
 28.74      0.00058      0.00243     -0.00170
 28.76      0.00069      0.00237     -0.00173
 28.78      0.00080      0.00231     -0.00173
 28.80      0.00037      0.00225     -0.00168
 28.82      0.00048      0.00219     -0.00165
 28.84      0.00053      0.00214     -0.00170
 28.86      0.00053      0.00208     -0.00170
 28.88      0.00026      0.00203     -0.00154
 28.90      0.00011      0.00197     -0.00152
 28.92      0.00100      0.00192     -0.00139
 28.94      0.00037      0.00187     -0.00134
 28.96      0.00090      0.00182     -0.00122
 28.98      0.00026      0.00177     -0.00131
 29.00      0.00047      0.00172     -0.00121
 29.02      0.00032      0.00168     -0.00127
 29.04      0.00063      0.00163     -0.00117
 29.06      0.00037      0.00159     -0.00105
 29.08      0.00053      0.00154     -0.00093
 29.10      0.00084      0.00150     -0.00087
 29.12      0.00068      0.00146     -0.00079
 29.14      0.00073      0.00141     -0.00069
 29.16      0.00052      0.00137     -0.00061
 29.18      0.00084      0.00133     -0.00060
 29.20      0.00105      0.00129     -0.00053
 29.22      0.00052      0.00126     -0.00044
 29.24      0.00089      0.00122     -0.00036
 29.26      0.00078      0.00118     -0.00039
 29.28      0.00104      0.00115     -0.00027
 29.30      0.00073      0.00111     -0.00028
 29.32      0.00094      0.00108     -0.00029
 29.34      0.00068      0.00104     -0.00034
 29.36      0.00052      0.00101     -0.00029
 29.38      0.00062      0.00098     -0.00031
 29.40      0.00083      0.00094     -0.00036
 29.42      0.00068      0.00091     -0.00034
 29.44      0.00026      0.00088     -0.00032
 29.46      0.00047      0.00085     -0.00029
 29.48      0.00057      0.00083     -0.00030
 29.50      0.00083      0.00080     -0.00022
 29.52      0.00052      0.00077     -0.00020
 29.54      0.00052      0.00074     -0.00016
 29.56      0.00041      0.00072     -0.00025
 29.58      0.00062      0.00069     -0.00026
 29.60      0.00026      0.00067     -0.00026
 29.62      0.00036      0.00064     -0.00029
 29.64      0.00036      0.00062     -0.00036
 29.66      0.00015      0.00060     -0.00037
 29.68      0.00015      0.00058     -0.00038
 29.70      0.00010      0.00055     -0.00041
 29.72      0.00021      0.00053     -0.00039
 29.74      0.00010      0.00051     -0.00034
 29.76      0.00015      0.00049     -0.00032
 29.78      0.00031      0.00048     -0.00032
 29.80      0.00010      0.00046     -0.00030
 29.82      0.00010      0.00044     -0.00030
 29.84      0.00010      0.00042     -0.00034
 29.86      0.00010      0.00041     -0.00034
 29.88      0.00000      0.00039     -0.00032
 29.90      0.00005      0.00038     -0.00031
 29.92      0.00010      0.00036     -0.00028
 29.94      0.00005      0.00035     -0.00026
 29.96      0.00020      0.00033     -0.00025
 29.98      0.00005      0.00032     -0.00026
 30.00      0.00000      0.00031     -0.00026
 30.02      0.00000      0.00030     -0.00029
 30.04      0.00000      0.00028     -0.00028
 30.06      0.00000      0.00027     -0.00027
 30.08      0.00000      0.00026     -0.00025
 30.10      0.00000      0.00025     -0.00023
 30.12      0.00005      0.00024     -0.00022
 30.14      0.00005      0.00023     -0.00020
 30.16      0.00000      0.00022     -0.00019
 30.18      0.00005      0.00022     -0.00019
 30.20      0.00000      0.00021     -0.00018
 30.22      0.00005      0.00020     -0.00017
 30.24      0.00005      0.00019     -0.00017
 30.26      0.00000      0.00019     -0.00017
 30.28      0.00000      0.00018     -0.00017
 30.30      0.00000      0.00017     -0.00017
 30.32      0.00000      0.00017     -0.00017
 30.34      0.00000      0.00016     -0.00016
 30.36      0.00000      0.00015     -0.00015
 30.38      0.00000      0.00015     -0.00015
 30.40      0.00000      0.00014     -0.00014
 30.42      0.00000      0.00014     -0.00014
 30.44      0.00000      0.00013     -0.00013
 30.46      0.00000      0.00013     -0.00013
 30.48      0.00000      0.00012     -0.00012
 30.50      0.00000      0.00012     -0.00012
 30.52      0.00000      0.00011     -0.00011
 30.54      0.00000      0.00011     -0.00011
 30.56      0.00000      0.00011     -0.00011
 30.58      0.00000      0.00010     -0.00010
 30.60      0.00000      0.00010     -0.00010
 30.62      0.00000      0.00009     -0.00009
 30.64      0.00000      0.00009     -0.00009
 30.66      0.00000      0.00009     -0.00009
 30.68      0.00000      0.00008     -0.00008
 30.70      0.00000      0.00008     -0.00008
 30.72      0.00000      0.00008     -0.00008
 30.74      0.00000      0.00008     -0.00008
 30.76      0.00000      0.00007     -0.00007
 30.78      0.00000      0.00007     -0.00007
 30.80      0.00000      0.00007     -0.00007
 30.82      0.00000      0.00006     -0.00006
 30.84      0.00000      0.00006     -0.00006
 30.86      0.00000      0.00006     -0.00006
 30.88      0.00000      0.00006     -0.00006
 30.90      0.00000      0.00005     -0.00005
 30.92      0.00000      0.00005     -0.00005
 30.94      0.00000      0.00005     -0.00005
 30.96      0.00000      0.00005     -0.00005
 30.98      0.00000      0.00004     -0.00004
 31.00      0.00000      0.00004     -0.00004
 31.02      0.00000      0.00004     -0.00004
 31.04      0.00000      0.00004     -0.00004
 31.06      0.00000      0.00004     -0.00004
 31.08      0.00000      0.00003     -0.00003
 31.10      0.00000      0.00003     -0.00003
 31.12      0.00000      0.00003     -0.00003
 31.14      0.00000      0.00003     -0.00003
 31.16      0.00000      0.00003     -0.00003
 31.18      0.00000      0.00002     -0.00002
 31.20      0.00000      0.00002     -0.00002
 31.22      0.00000      0.00002     -0.00002
 31.24      0.00000      0.00002     -0.00002
 31.26      0.00000      0.00002     -0.00002
 31.28      0.00000      0.00002     -0.00002
 31.30      0.00000      0.00001     -0.00001
 31.32      0.00000      0.00001     -0.00001
 31.34      0.00000      0.00001     -0.00001
 31.36      0.00000      0.00001     -0.00001
 31.38      0.00000      0.00001     -0.00001
 31.40      0.00000      0.00001     -0.00001
 31.42      0.00000      0.00001     -0.00001
 31.44      0.00000      0.00001     -0.00001
 31.46      0.00000      0.00001     -0.00001
 31.48      0.00000      0.00001     -0.00001
 31.50      0.00000      0.00001     -0.00001
 31.52      0.00000      0.00000     -0.00000
 31.54      0.00000      0.00000     -0.00000
 31.56      0.00000      0.00000     -0.00000
 31.58      0.00000      0.00000     -0.00000
 31.60      0.00000      0.00000     -0.00000
 31.62      0.00000      0.00000     -0.00000
 31.64      0.00000      0.00000     -0.00000
 31.66      0.00000      0.00000     -0.00000
 31.68      0.00000      0.00000     -0.00000
 31.70      0.00000      0.00000     -0.00000
 31.72      0.00000      0.00000     -0.00000
 31.74      0.00000      0.00000     -0.00000
 31.76      0.00000      0.00000     -0.00000
 31.78      0.00000      0.00000     -0.00000
 31.80      0.00000      0.00000     -0.00000
 31.82      0.00000      0.00000     -0.00000
 31.84      0.00000      0.00000     -0.00000
 31.86      0.00000      0.00000     -0.00000
 31.88      0.00000      0.00000     -0.00000
 31.90      0.00000      0.00000     -0.00000
 31.92      0.00000      0.00000     -0.00000
 31.94      0.00000      0.00000     -0.00000
 31.96      0.00000      0.00000     -0.00000
 31.98      0.00000      0.00000     -0.00000
 32.00      0.00000      0.00000     -0.00000
