 #r(A)        G(r)
  0.02      0.00000
  0.04      0.00000
  0.06      0.00000
  0.08      0.00000
  0.10      0.00000
  0.12      0.00000
  0.14      0.00000
  0.16      0.00000
  0.18      0.00000
  0.20      0.00000
  0.22      0.00000
  0.24      0.00000
  0.26      0.00000
  0.28      0.00000
  0.30      0.00000
  0.32      0.00000
  0.34      0.00000
  0.36      0.00000
  0.38      0.00000
  0.40      0.00000
  0.42     -0.00000
  0.44     -0.00000
  0.46     -0.00000
  0.48     -0.00001
  0.50     -0.00001
  0.52     -0.00002
  0.54     -0.00004
  0.56     -0.00006
  0.58     -0.00010
  0.60     -0.00015
  0.62     -0.00023
  0.64     -0.00034
  0.66     -0.00048
  0.68     -0.00066
  0.70     -0.00089
  0.72     -0.00115
  0.74     -0.00146
  0.76     -0.00180
  0.78     -0.00217
  0.80     -0.00256
  0.82     -0.00298
  0.84     -0.00341
  0.86     -0.00385
  0.88     -0.00431
  0.90     -0.00477
  0.92     -0.00524
  0.94     -0.00571
  0.96     -0.00619
  0.98     -0.00666
  1.00     -0.00714
  1.02     -0.00762
  1.04     -0.00811
  1.06     -0.00859
  1.08     -0.00907
  1.10     -0.00956
  1.12     -0.01004
  1.14     -0.01053
  1.16     -0.01102
  1.18     -0.01150
  1.20     -0.01199
  1.22     -0.01248
  1.24     -0.01297
  1.26     -0.01346
  1.28     -0.01395
  1.30     -0.01444
  1.32     -0.01493
  1.34     -0.01542
  1.36     -0.01591
  1.38     -0.01640
  1.40     -0.01689
  1.42     -0.01738
  1.44     -0.01787
  1.46     -0.01836
  1.48     -0.01886
  1.50     -0.01935
  1.52     -0.01984
  1.54     -0.02034
  1.56     -0.02083
  1.58     -0.02132
  1.60     -0.02182
  1.62     -0.02232
  1.64     -0.02282
  1.66     -0.02332
  1.68     -0.02382
  1.70     -0.02433
  1.72     -0.02484
  1.74     -0.02536
  1.76     -0.02588
  1.78     -0.02642
  1.80     -0.02695
  1.82     -0.02750
  1.84     -0.02805
  1.86     -0.02861
  1.88     -0.02918
  1.90     -0.02976
  1.92     -0.03034
  1.94     -0.03094
  1.96     -0.03154
  1.98     -0.03215
  2.00     -0.03277
  2.02     -0.03340
  2.04     -0.03403
  2.06     -0.03466
  2.08     -0.03530
  2.10     -0.03594
  2.12     -0.03658
  2.14     -0.03722
  2.16     -0.03787
  2.18     -0.03851
  2.20     -0.03916
  2.22     -0.03981
  2.24     -0.04046
  2.26     -0.04111
  2.28     -0.04176
  2.30     -0.04242
  2.32     -0.04307
  2.34     -0.04372
  2.36     -0.04438
  2.38     -0.04458
  2.40     -0.04434
  2.42     -0.04299
  2.44     -0.04122
  2.46     -0.03487
  2.48     -0.03011
  2.50     -0.02002
  2.52     -0.00149
  2.54      0.01942
  2.56      0.04823
  2.58      0.08942
  2.60      0.13944
  2.62      0.18462
  2.64      0.23880
  2.66      0.28912
  2.68      0.32720
  2.70      0.34731
  2.72      0.35284
  2.74      0.33388
  2.76      0.29441
  2.78      0.24907
  2.80      0.19608
  2.82      0.15149
  2.84      0.11128
  2.86      0.07954
  2.88      0.05125
  2.90      0.02932
  2.92      0.00611
  2.94     -0.01002
  2.96     -0.02337
  2.98     -0.03398
  3.00     -0.03912
  3.02     -0.04343
  3.04     -0.04606
  3.06     -0.04812
  3.08     -0.04874
  3.10     -0.05043
  3.12     -0.05083
  3.14     -0.05193
  3.16     -0.05302
  3.18     -0.05447
  3.20     -0.05539
  3.22     -0.05612
  3.24     -0.05633
  3.26     -0.05670
  3.28     -0.05742
  3.30     -0.05831
  3.32     -0.05902
  3.34     -0.05974
  3.36     -0.06030
  3.38     -0.06086
  3.40     -0.06095
  3.42     -0.06041
  3.44     -0.06036
  3.46     -0.06017
  3.48     -0.05936
  3.50     -0.05920
  3.52     -0.05875
  3.54     -0.05846
  3.56     -0.05727
  3.58     -0.05671
  3.60     -0.05541
  3.62     -0.05173
  3.64     -0.04747
  3.66     -0.04163
  3.68     -0.03331
  3.70     -0.02549
  3.72     -0.01984
  3.74     -0.01202
  3.76     -0.00663
  3.78     -0.00217
  3.80     -0.00003
  3.82      0.00522
  3.84      0.00685
  3.86      0.01031
  3.88      0.01303
  3.90      0.01622
  3.92      0.01777
  3.94      0.01785
  3.96      0.01472
  3.98      0.00981
  4.00      0.00144
  4.02     -0.01088
  4.04     -0.02077
  4.06     -0.03086
  4.08     -0.04035
  4.10     -0.04582
  4.12     -0.04978
  4.14     -0.05175
  4.16     -0.05474
  4.18     -0.05655
  4.20     -0.05846
  4.22     -0.06025
  4.24     -0.06260
  4.26     -0.06387
  4.28     -0.06631
  4.30     -0.06758
  4.32     -0.06797
  4.34     -0.06877
  4.36     -0.06755
  4.38     -0.06583
  4.40     -0.06164
  4.42     -0.05774
  4.44     -0.05363
  4.46     -0.04845
  4.48     -0.04111
  4.50     -0.02973
  4.52     -0.01961
  4.54     -0.00379
  4.56      0.01852
  4.58      0.04390
  4.60      0.06869
  4.62      0.09706
  4.64      0.12435
  4.66      0.15336
  4.68      0.17818
  4.70      0.19929
  4.72      0.21541
  4.74      0.22964
  4.76      0.22791
  4.78      0.22355
  4.80      0.20667
  4.82      0.18631
  4.84      0.15527
  4.86      0.12517
  4.88      0.08998
  4.90      0.06074
  4.92      0.03430
  4.94      0.01242
  4.96     -0.00376
  4.98     -0.01600
  5.00     -0.02342
  5.02     -0.03085
  5.04     -0.03734
  5.06     -0.04489
  5.08     -0.04914
  5.10     -0.05608
  5.12     -0.06070
  5.14     -0.06253
  5.16     -0.06414
  5.18     -0.06579
  5.20     -0.06426
  5.22     -0.06086
  5.24     -0.05627
  5.26     -0.04922
  5.28     -0.04243
  5.30     -0.03313
  5.32     -0.02421
  5.34     -0.01129
  5.36     -0.00204
  5.38      0.00939
  5.40      0.01486
  5.42      0.02421
  5.44      0.02117
  5.46      0.02378
  5.48      0.01906
  5.50      0.01948
  5.52      0.01101
  5.54      0.00595
  5.56     -0.00240
  5.58     -0.00847
  5.60     -0.01631
  5.62     -0.02269
  5.64     -0.02918
  5.66     -0.03507
  5.68     -0.04090
  5.70     -0.04930
  5.72     -0.05543
  5.74     -0.05835
  5.76     -0.06205
  5.78     -0.06257
  5.80     -0.06146
  5.82     -0.05978
  5.84     -0.05654
  5.86     -0.05108
  5.88     -0.04417
  5.90     -0.03478
  5.92     -0.02062
  5.94     -0.01152
  5.96     -0.00286
  5.98      0.00537
  6.00      0.01546
  6.02      0.01917
  6.04      0.02916
  6.06      0.03386
  6.08      0.03979
  6.10      0.04608
  6.12      0.05391
  6.14      0.06221
  6.16      0.07259
  6.18      0.07928
  6.20      0.07910
  6.22      0.07639
  6.24      0.06953
  6.26      0.05816
  6.28      0.04520
  6.30      0.03225
  6.32      0.01652
  6.34     -0.00018
  6.36     -0.01235
  6.38     -0.02522
  6.40     -0.03776
  6.42     -0.04481
  6.44     -0.05174
  6.46     -0.05948
  6.48     -0.06454
  6.50     -0.06637
  6.52     -0.06887
  6.54     -0.06825
  6.56     -0.06387
  6.58     -0.05850
  6.60     -0.05269
  6.62     -0.04648
  6.64     -0.04099
  6.66     -0.03598
  6.68     -0.02904
  6.70     -0.02487
  6.72     -0.02090
  6.74     -0.02030
  6.76     -0.02259
  6.78     -0.02947
  6.80     -0.03666
  6.82     -0.04321
  6.84     -0.04990
  6.86     -0.05555
  6.88     -0.05846
  6.90     -0.06129
  6.92     -0.06438
  6.94     -0.06144
  6.96     -0.05656
  6.98     -0.04818
  7.00     -0.03848
  7.02     -0.02375
  7.04     -0.00600
  7.06      0.01361
  7.08      0.03481
  7.10      0.06044
  7.12      0.08695
  7.14      0.10624
  7.16      0.12699
  7.18      0.13832
  7.20      0.14815
  7.22      0.15442
  7.24      0.15875
  7.26      0.16093
  7.28      0.16530
  7.30      0.16636
  7.32      0.16008
  7.34      0.15546
  7.36      0.13916
  7.38      0.12020
  7.40      0.09941
  7.42      0.07676
  7.44      0.05207
  7.46      0.03169
  7.48      0.01406
  7.50     -0.00480
  7.52     -0.01886
  7.54     -0.03162
  7.56     -0.04160
  7.58     -0.05134
  7.60     -0.05871
  7.62     -0.06402
  7.64     -0.06846
  7.66     -0.07073
  7.68     -0.07149
  7.70     -0.07147
  7.72     -0.07288
  7.74     -0.07359
  7.76     -0.07360
  7.78     -0.07385
  7.80     -0.07256
  7.82     -0.07078
  7.84     -0.06615
  7.86     -0.06233
  7.88     -0.06041
  7.90     -0.05819
  7.92     -0.05507
  7.94     -0.05209
  7.96     -0.04789
  7.98     -0.03965
  8.00     -0.03475
  8.02     -0.02687
  8.04     -0.02111
  8.06     -0.01471
  8.08     -0.01096
  8.10     -0.00286
  8.12      0.00207
  8.14      0.00940
  8.16      0.01373
  8.18      0.02126
  8.20      0.02701
  8.22      0.03081
  8.24      0.03330
  8.26      0.03932
  8.28      0.04444
  8.30      0.04795
  8.32      0.05129
  8.34      0.05475
  8.36      0.04985
  8.38      0.04135
  8.40      0.03434
  8.42      0.02758
  8.44      0.01426
  8.46      0.00845
  8.48      0.00617
  8.50      0.00023
  8.52     -0.00561
  8.54     -0.00763
  8.56     -0.00922
  8.58     -0.01472
  8.60     -0.01603
  8.62     -0.01552
  8.64     -0.01227
  8.66     -0.01178
  8.68     -0.01057
  8.70     -0.01127
  8.72     -0.01146
  8.74     -0.01298
  8.76     -0.01526
  8.78     -0.01514
  8.80     -0.01482
  8.82     -0.01632
  8.84     -0.01880
  8.86     -0.02028
  8.88     -0.02225
  8.90     -0.02260
  8.92     -0.02220
  8.94     -0.01938
  8.96     -0.01430
  8.98     -0.00746
  9.00     -0.00142
  9.02      0.00474
  9.04      0.00862
  9.06      0.00837
  9.08      0.00767
  9.10      0.00710
  9.12      0.00304
  9.14     -0.00034
  9.16     -0.00496
  9.18     -0.01103
  9.20     -0.01807
  9.22     -0.02179
  9.24     -0.02701
  9.26     -0.02634
  9.28     -0.02806
  9.30     -0.03062
  9.32     -0.03248
  9.34     -0.03300
  9.36     -0.03199
  9.38     -0.03192
  9.40     -0.02941
  9.42     -0.02849
  9.44     -0.02434
  9.46     -0.02506
  9.48     -0.02062
  9.50     -0.01493
  9.52     -0.00739
  9.54     -0.00348
  9.56      0.00423
  9.58      0.01070
  9.60      0.01474
  9.62      0.02094
  9.64      0.02782
  9.66      0.03257
  9.68      0.03435
  9.70      0.03949
  9.72      0.04331
  9.74      0.04499
  9.76      0.04864
  9.78      0.05473
  9.80      0.06063
  9.82      0.06624
  9.84      0.07467
  9.86      0.08022
  9.88      0.08578
  9.90      0.08644
  9.92      0.08877
  9.94      0.08912
  9.96      0.08794
  9.98      0.08754
 10.00      0.08966
 10.02      0.08359
 10.04      0.07171
 10.06      0.06152
 10.08      0.04605
 10.10      0.02502
 10.12      0.00925
 10.14     -0.00042
 10.16     -0.01315
 10.18     -0.02399
 10.20     -0.03239
 10.22     -0.04062
 10.24     -0.04894
 10.26     -0.05359
 10.28     -0.05561
 10.30     -0.05628
 10.32     -0.05680
 10.34     -0.05637
 10.36     -0.05687
 10.38     -0.05680
 10.40     -0.05537
 10.42     -0.05348
 10.44     -0.05145
 10.46     -0.04702
 10.48     -0.04567
 10.50     -0.04071
 10.52     -0.03473
 10.54     -0.02710
 10.56     -0.01904
 10.58     -0.00958
 10.60     -0.00167
 10.62      0.00352
 10.64      0.00807
 10.66      0.01088
 10.68      0.01309
 10.70      0.01383
 10.72      0.01547
 10.74      0.01392
 10.76      0.01074
 10.78      0.00712
 10.80      0.00137
 10.82     -0.00427
 10.84     -0.01271
 10.86     -0.02042
 10.88     -0.02467
 10.90     -0.03127
 10.92     -0.03564
 10.94     -0.03731
 10.96     -0.03777
 10.98     -0.04060
 11.00     -0.04066
 11.02     -0.04143
 11.04     -0.04020
 11.06     -0.03914
 11.08     -0.03580
 11.10     -0.03142
 11.12     -0.02687
 11.14     -0.02194
 11.16     -0.01555
 11.18     -0.01302
 11.20     -0.00775
 11.22     -0.00255
 11.24      0.00102
 11.26      0.00462
 11.28      0.01214
 11.30      0.01598
 11.32      0.01583
 11.34      0.01652
 11.36      0.01435
 11.38      0.01058
 11.40      0.00678
 11.42      0.00441
 11.44      0.00389
 11.46      0.00247
 11.48      0.00186
 11.50     -0.00093
 11.52     -0.00126
 11.54     -0.00289
 11.56     -0.00260
 11.58     -0.00365
 11.60     -0.00339
 11.62     -0.00040
 11.64      0.00447
 11.66      0.00479
 11.68      0.00747
 11.70      0.01120
 11.72      0.01173
 11.74      0.01060
 11.76      0.01427
 11.78      0.01689
 11.80      0.01973
 11.82      0.02396
 11.84      0.02598
 11.86      0.03032
 11.88      0.03227
 11.90      0.03635
 11.92      0.04007
 11.94      0.04528
 11.96      0.04921
 11.98      0.05577
 12.00      0.05858
 12.02      0.06025
 12.04      0.06141
 12.06      0.05713
 12.08      0.04894
 12.10      0.04200
 12.12      0.03549
 12.14      0.02772
 12.16      0.02122
 12.18      0.01475
 12.20      0.01078
 12.22      0.00528
 12.24     -0.00016
 12.26     -0.00350
 12.28     -0.00104
 12.30     -0.00379
 12.32     -0.00238
 12.34      0.00114
 12.36      0.00505
 12.38      0.00538
 12.40      0.00596
 12.42      0.00142
 12.44     -0.00262
 12.46     -0.00674
 12.48     -0.01143
 12.50     -0.01266
 12.52     -0.01140
 12.54     -0.01227
 12.56     -0.01313
 12.58     -0.01380
 12.60     -0.01409
 12.62     -0.01481
 12.64     -0.01475
 12.66     -0.01512
 12.68     -0.01441
 12.70     -0.01392
 12.72     -0.01469
 12.74     -0.01606
 12.76     -0.01467
 12.78     -0.01569
 12.80     -0.01590
 12.82     -0.01567
 12.84     -0.01364
 12.86     -0.01457
 12.88     -0.01280
 12.90     -0.01226
 12.92     -0.01279
 12.94     -0.01433
 12.96     -0.01438
 12.98     -0.01612
 13.00     -0.01607
 13.02     -0.01749
 13.04     -0.01864
 13.06     -0.01983
 13.08     -0.02042
 13.10     -0.02110
 13.12     -0.01903
 13.14     -0.01775
 13.16     -0.01777
 13.18     -0.01833
 13.20     -0.01803
 13.22     -0.01956
 13.24     -0.02083
 13.26     -0.02106
 13.28     -0.02096
 13.30     -0.02435
 13.32     -0.02475
 13.34     -0.02643
 13.36     -0.02804
 13.38     -0.02990
 13.40     -0.02990
 13.42     -0.02972
 13.44     -0.02891
 13.46     -0.02795
 13.48     -0.02577
 13.50     -0.02372
 13.52     -0.02059
 13.54     -0.01689
 13.56     -0.01386
 13.58     -0.00799
 13.60     -0.00336
 13.62      0.00117
 13.64      0.00663
 13.66      0.01349
 13.68      0.01770
 13.70      0.02444
 13.72      0.02719
 13.74      0.03033
 13.76      0.03195
 13.78      0.03264
 13.80      0.02766
 13.82      0.02656
 13.84      0.02444
 13.86      0.01889
 13.88      0.01384
 13.90      0.01269
 13.92      0.00778
 13.94      0.00267
 13.96      0.00188
 13.98     -0.00163
 14.00     -0.00242
 14.02     -0.00051
 14.04      0.00411
 14.06      0.00408
 14.08      0.00829
 14.10      0.01317
 14.12      0.01784
 14.14      0.02140
 14.16      0.02980
 14.18      0.03810
 14.20      0.04149
 14.22      0.04542
 14.24      0.05067
 14.26      0.05756
 14.28      0.05990
 14.30      0.06376
 14.32      0.06612
 14.34      0.06568
 14.36      0.06075
 14.38      0.06011
 14.40      0.05485
 14.42      0.04801
 14.44      0.04138
 14.46      0.03539
 14.48      0.02742
 14.50      0.02372
 14.52      0.02106
 14.54      0.01736
 14.56      0.01325
 14.58      0.00772
 14.60      0.00397
 14.62     -0.00168
 14.64     -0.00394
 14.66     -0.00630
 14.68     -0.00856
 14.70     -0.01309
 14.72     -0.01695
 14.74     -0.02345
 14.76     -0.02866
 14.78     -0.03066
 14.80     -0.03425
 14.82     -0.03650
 14.84     -0.03845
 14.86     -0.04159
 14.88     -0.04463
 14.90     -0.04515
 14.92     -0.04696
 14.94     -0.04766
 14.96     -0.04756
 14.98     -0.04883
 15.00     -0.04941
 15.02     -0.04947
 15.04     -0.04793
 15.06     -0.04625
 15.08     -0.04276
 15.10     -0.04026
 15.12     -0.03634
 15.14     -0.03365
 15.16     -0.02838
 15.18     -0.02599
 15.20     -0.02306
 15.22     -0.01909
 15.24     -0.01488
 15.26     -0.01418
 15.28     -0.01106
 15.30     -0.00755
 15.32     -0.00567
 15.34     -0.00361
 15.36     -0.00200
 15.38      0.00027
 15.40      0.00126
 15.42      0.00026
 15.44     -0.00053
 15.46     -0.00052
 15.48     -0.00483
 15.50     -0.00617
 15.52     -0.00596
 15.54     -0.00740
 15.56     -0.00730
 15.58     -0.00237
 15.60      0.00066
 15.62      0.00457
 15.64      0.00849
 15.66      0.01282
 15.68      0.01335
 15.70      0.01468
 15.72      0.01622
 15.74      0.01832
 15.76      0.01870
 15.78      0.01919
 15.80      0.01996
 15.82      0.01947
 15.84      0.01901
 15.86      0.02130
 15.88      0.02322
 15.90      0.02367
 15.92      0.02360
 15.94      0.02540
 15.96      0.02298
 15.98      0.02030
 16.00      0.01907
 16.02      0.01741
 16.04      0.01374
 16.06      0.01075
 16.08      0.01024
 16.10      0.00561
 16.12      0.00124
 16.14     -0.00340
 16.16     -0.00608
 16.18     -0.00949
 16.20     -0.01091
 16.22     -0.00937
 16.24     -0.00927
 16.26     -0.00897
 16.28     -0.00763
 16.30     -0.00633
 16.32     -0.00563
 16.34     -0.00327
 16.36      0.00089
 16.38      0.00244
 16.40      0.00543
 16.42      0.00857
 16.44      0.01067
 16.46      0.01036
 16.48      0.01254
 16.50      0.01321
 16.52      0.01354
 16.54      0.01641
 16.56      0.01694
 16.58      0.01780
 16.60      0.01999
 16.62      0.02209
 16.64      0.02308
 16.66      0.02640
 16.68      0.02791
 16.70      0.03017
 16.72      0.03105
 16.74      0.03075
 16.76      0.02793
 16.78      0.02663
 16.80      0.02402
 16.82      0.02097
 16.84      0.01705
 16.86      0.01421
 16.88      0.01107
 16.90      0.00476
 16.92      0.00064
 16.94     -0.00332
 16.96     -0.00610
 16.98     -0.00887
 17.00     -0.00912
 17.02     -0.01090
 17.04     -0.01269
 17.06     -0.01448
 17.08     -0.01685
 17.10     -0.01847
 17.12     -0.01963
 17.14     -0.02153
 17.16     -0.02278
 17.18     -0.02473
 17.20     -0.02810
 17.22     -0.03005
 17.24     -0.02980
 17.26     -0.03047
 17.28     -0.03070
 17.30     -0.02927
 17.32     -0.02798
 17.34     -0.02647
 17.36     -0.02494
 17.38     -0.02243
 17.40     -0.02078
 17.42     -0.01952
 17.44     -0.01915
 17.46     -0.01686
 17.48     -0.01669
 17.50     -0.01762
 17.52     -0.01796
 17.54     -0.01732
 17.56     -0.01745
 17.58     -0.01641
 17.60     -0.01490
 17.62     -0.01324
 17.64     -0.01352
 17.66     -0.01393
 17.68     -0.01366
 17.70     -0.01267
 17.72     -0.01216
 17.74     -0.01056
 17.76     -0.00772
 17.78     -0.00375
 17.80      0.00220
 17.82      0.00714
 17.84      0.01196
 17.86      0.01628
 17.88      0.01993
 17.90      0.02118
 17.92      0.02206
 17.94      0.02321
 17.96      0.02161
 17.98      0.01969
 18.00      0.01852
 18.02      0.01659
 18.04      0.01445
 18.06      0.01457
 18.08      0.01479
 18.10      0.01346
 18.12      0.01402
 18.14      0.01255
 18.16      0.01147
 18.18      0.00824
 18.20      0.00799
 18.22      0.00759
 18.24      0.00950
 18.26      0.01086
 18.28      0.01208
 18.30      0.01215
 18.32      0.01267
 18.34      0.01325
 18.36      0.01293
 18.38      0.01403
 18.40      0.01366
 18.42      0.01183
 18.44      0.00968
 18.46      0.00800
 18.48      0.00559
 18.50      0.00458
 18.52      0.00254
 18.54      0.00101
 18.56     -0.00073
 18.58     -0.00376
 18.60     -0.00529
 18.62     -0.00503
 18.64     -0.00534
 18.66     -0.00343
 18.68     -0.00070
 18.70      0.00041
 18.72      0.00156
 18.74      0.00375
 18.76      0.00430
 18.78      0.00445
 18.80      0.00474
 18.82      0.00292
 18.84      0.00034
 18.86     -0.00388
 18.88     -0.00552
 18.90     -0.00737
 18.92     -0.00711
 18.94     -0.00721
 18.96     -0.00634
 18.98     -0.00515
 19.00     -0.00374
 19.02     -0.00306
 19.04     -0.00009
 19.06      0.00268
 19.08      0.00466
 19.10      0.00592
 19.12      0.00885
 19.14      0.00895
 19.16      0.00937
 19.18      0.00781
 19.20      0.00706
 19.22      0.00534
 19.24      0.00451
 19.26      0.00194
 19.28      0.00190
 19.30      0.00067
 19.32     -0.00105
 19.34     -0.00347
 19.36     -0.00375
 19.38     -0.00443
 19.40     -0.00547
 19.42     -0.00517
 19.44     -0.00569
 19.46     -0.00666
 19.48     -0.00673
 19.50     -0.00657
 19.52     -0.00822
 19.54     -0.00846
 19.56     -0.00976
 19.58     -0.01089
 19.60     -0.01059
 19.62     -0.01012
 19.64     -0.01027
 19.66     -0.00870
 19.68     -0.00789
 19.70     -0.00693
 19.72     -0.00618
 19.74     -0.00577
 19.76     -0.00583
 19.78     -0.00673
 19.80     -0.00825
 19.82     -0.00940
 19.84     -0.00913
 19.86     -0.00875
 19.88     -0.00748
 19.90     -0.00539
 19.92     -0.00436
 19.94     -0.00258
 19.96     -0.00047
 19.98      0.00110
 20.00      0.00146
 20.02      0.00322
 20.04      0.00347
 20.06      0.00319
 20.08      0.00385
 20.10      0.00442
 20.12      0.00379
 20.14      0.00569
 20.16      0.00769
 20.18      0.00602
 20.20      0.00733
 20.22      0.00868
 20.24      0.00892
 20.26      0.00847
 20.28      0.01028
 20.30      0.00928
 20.32      0.00896
 20.34      0.00726
 20.36      0.00560
 20.38      0.00247
 20.40      0.00135
 20.42     -0.00141
 20.44     -0.00288
 20.46     -0.00453
 20.48     -0.00554
 20.50     -0.00840
 20.52     -0.00854
 20.54     -0.00845
 20.56     -0.00897
 20.58     -0.00903
 20.60     -0.00848
 20.62     -0.00775
 20.64     -0.00775
 20.66     -0.00555
 20.68     -0.00437
 20.70     -0.00292
 20.72     -0.00172
 20.74     -0.00114
 20.76     -0.00220
 20.78     -0.00045
 20.80      0.00014
 20.82      0.00090
 20.84      0.00095
 20.86      0.00225
 20.88      0.00298
 20.90      0.00222
 20.92      0.00175
 20.94      0.00230
 20.96      0.00320
 20.98      0.00299
 21.00      0.00660
 21.02      0.00651
 21.04      0.00730
 21.06      0.00679
 21.08      0.00811
 21.10      0.00726
 21.12      0.00966
 21.14      0.00947
 21.16      0.00996
 21.18      0.01014
 21.20      0.00914
 21.22      0.00755
 21.24      0.00693
 21.26      0.00595
 21.28      0.00297
 21.30      0.00183
 21.32      0.00049
 21.34      0.00124
 21.36      0.00143
 21.38      0.00229
 21.40      0.00487
 21.42      0.00612
 21.44      0.00568
 21.46      0.00662
 21.48      0.00765
 21.50      0.00525
 21.52      0.00595
 21.54      0.00610
 21.56      0.00473
 21.58      0.00398
 21.60      0.00413
 21.62      0.00362
 21.64      0.00277
 21.66      0.00364
 21.68      0.00291
 21.70      0.00299
 21.72      0.00147
 21.74      0.00067
 21.76     -0.00108
 21.78     -0.00074
 21.80     -0.00045
 21.82     -0.00123
 21.84     -0.00162
 21.86     -0.00223
 21.88     -0.00303
 21.90     -0.00594
 21.92     -0.00758
 21.94     -0.00968
 21.96     -0.01034
 21.98     -0.01266
 22.00     -0.01307
 22.02     -0.01330
 22.04     -0.01321
 22.06     -0.01428
 22.08     -0.01322
 22.10     -0.01364
 22.12     -0.01262
 22.14     -0.01199
 22.16     -0.01090
 22.18     -0.01061
 22.20     -0.00805
 22.22     -0.00724
 22.24     -0.00532
 22.26     -0.00306
 22.28     -0.00206
 22.30     -0.00151
 22.32     -0.00019
 22.34     -0.00004
 22.36     -0.00061
 22.38     -0.00141
 22.40     -0.00173
 22.42     -0.00129
 22.44     -0.00057
 22.46     -0.00049
 22.48      0.00180
 22.50      0.00252
 22.52      0.00238
 22.54      0.00439
 22.56      0.00582
 22.58      0.00507
 22.60      0.00587
 22.62      0.00584
 22.64      0.00424
 22.66      0.00287
 22.68      0.00341
 22.70      0.00176
 22.72      0.00122
 22.74      0.00018
 22.76      0.00043
 22.78     -0.00015
 22.80     -0.00023
 22.82     -0.00083
 22.84     -0.00135
 22.86     -0.00219
 22.88     -0.00322
 22.90     -0.00335
 22.92     -0.00248
 22.94     -0.00153
 22.96     -0.00172
 22.98     -0.00132
 23.00     -0.00156
 23.02     -0.00239
 23.04     -0.00387
 23.06     -0.00430
 23.08     -0.00532
 23.10     -0.00540
 23.12     -0.00583
 23.14     -0.00552
 23.16     -0.00364
 23.18     -0.00170
 23.20     -0.00054
 23.22      0.00185
 23.24      0.00350
 23.26      0.00519
 23.28      0.00638
 23.30      0.00797
 23.32      0.00857
 23.34      0.00950
 23.36      0.00841
 23.38      0.00791
 23.40      0.00716
 23.42      0.00632
 23.44      0.00547
 23.46      0.00445
 23.48      0.00367
 23.50      0.00272
 23.52      0.00260
 23.54      0.00304
 23.56      0.00406
 23.58      0.00467
 23.60      0.00599
 23.62      0.00583
 23.64      0.00666
 23.66      0.00628
 23.68      0.00637
 23.70      0.00560
 23.72      0.00653
 23.74      0.00576
 23.76      0.00513
 23.78      0.00506
 23.80      0.00481
 23.82      0.00349
 23.84      0.00236
 23.86      0.00350
 23.88      0.00240
 23.90      0.00254
 23.92      0.00239
 23.94      0.00162
 23.96      0.00015
 23.98     -0.00030
 24.00     -0.00074
 24.02     -0.00107
 24.04     -0.00135
 24.06     -0.00165
 24.08     -0.00163
 24.10     -0.00271
 24.12     -0.00422
 24.14     -0.00459
 24.16     -0.00534
 24.18     -0.00582
 24.20     -0.00593
 24.22     -0.00549
 24.24     -0.00565
 24.26     -0.00657
 24.28     -0.00703
 24.30     -0.00789
 24.32     -0.00820
 24.34     -0.00807
 24.36     -0.00752
 24.38     -0.00707
 24.40     -0.00665
 24.42     -0.00645
 24.44     -0.00621
 24.46     -0.00650
 24.48     -0.00649
 24.50     -0.00555
 24.52     -0.00505
 24.54     -0.00461
 24.56     -0.00296
 24.58     -0.00163
 24.60     -0.00149
 24.62     -0.00070
 24.64     -0.00023
 24.66     -0.00020
 24.68     -0.00092
 24.70     -0.00167
 24.72     -0.00272
 24.74     -0.00335
 24.76     -0.00399
 24.78     -0.00437
 24.80     -0.00353
 24.82     -0.00288
 24.84     -0.00240
 24.86     -0.00147
 24.88     -0.00109
 24.90      0.00001
 24.92      0.00060
 24.94      0.00073
 24.96      0.00082
 24.98      0.00172
 25.00      0.00057
 25.02      0.00102
 25.04      0.00164
 25.06      0.00203
 25.08      0.00170
 25.10      0.00240
 25.12      0.00242
 25.14      0.00237
 25.16      0.00213
 25.18      0.00270
 25.20      0.00279
 25.22      0.00218
 25.24      0.00277
 25.26      0.00286
 25.28      0.00275
 25.30      0.00223
 25.32      0.00228
 25.34      0.00102
 25.36      0.00065
 25.38     -0.00063
 25.40     -0.00081
 25.42     -0.00102
 25.44     -0.00072
 25.46     -0.00118
 25.48     -0.00077
 25.50     -0.00016
 25.52     -0.00015
 25.54     -0.00039
 25.56      0.00039
 25.58      0.00098
 25.60      0.00096
 25.62      0.00138
 25.64      0.00196
 25.66      0.00221
 25.68      0.00200
 25.70      0.00206
 25.72      0.00229
 25.74      0.00271
 25.76      0.00257
 25.78      0.00363
 25.80      0.00342
 25.82      0.00284
 25.84      0.00225
 25.86      0.00171
 25.88      0.00069
 25.90      0.00026
 25.92      0.00069
 25.94      0.00038
 25.96      0.00048
 25.98     -0.00030
 26.00      0.00029
 26.02      0.00008
 26.04      0.00064
 26.06      0.00065
 26.08      0.00134
 26.10      0.00084
 26.12      0.00056
 26.14      0.00010
 26.16      0.00021
 26.18      0.00001
 26.20     -0.00033
 26.22     -0.00043
 26.24     -0.00096
 26.26     -0.00165
 26.28     -0.00245
 26.30     -0.00255
 26.32     -0.00274
 26.34     -0.00240
 26.36     -0.00217
 26.38     -0.00143
 26.40     -0.00148
 26.42     -0.00155
 26.44     -0.00160
 26.46     -0.00175
 26.48     -0.00226
 26.50     -0.00227
 26.52     -0.00227
 26.54     -0.00257
 26.56     -0.00266
 26.58     -0.00217
 26.60     -0.00183
 26.62     -0.00171
 26.64     -0.00147
 26.66     -0.00111
 26.68     -0.00116
 26.70     -0.00111
 26.72     -0.00118
 26.74     -0.00092
 26.76     -0.00108
 26.78     -0.00169
 26.80     -0.00147
 26.82     -0.00126
 26.84     -0.00172
 26.86     -0.00169
 26.88     -0.00100
 26.90     -0.00114
 26.92     -0.00123
 26.94     -0.00092
 26.96     -0.00034
 26.98     -0.00043
 27.00     -0.00037
 27.02      0.00011
 27.04      0.00048
 27.06      0.00050
 27.08      0.00104
 27.10      0.00086
 27.12      0.00066
 27.14      0.00007
 27.16     -0.00023
 27.18     -0.00054
 27.20     -0.00047
 27.22     -0.00055
 27.24     -0.00037
 27.26     -0.00067
 27.28     -0.00082
 27.30     -0.00078
 27.32     -0.00086
 27.34     -0.00084
 27.36     -0.00097
 27.38     -0.00113
 27.40     -0.00108
 27.42     -0.00106
 27.44     -0.00099
 27.46     -0.00067
 27.48     -0.00044
 27.50     -0.00039
 27.52     -0.00042
 27.54     -0.00046
 27.56     -0.00049
 27.58     -0.00060
 27.60     -0.00079
 27.62     -0.00106
 27.64     -0.00113
 27.66     -0.00128
 27.68     -0.00140
 27.70     -0.00123
 27.72     -0.00101
 27.74     -0.00084
 27.76     -0.00068
 27.78     -0.00040
 27.80     -0.00020
 27.82      0.00014
 27.84      0.00020
 27.86      0.00063
 27.88      0.00073
 27.90      0.00070
 27.92      0.00037
 27.94      0.00058
 27.96      0.00034
 27.98      0.00027
 28.00      0.00029
 28.02      0.00068
 28.04      0.00079
 28.06      0.00066
 28.08      0.00060
 28.10      0.00077
 28.12      0.00076
 28.14      0.00059
 28.16      0.00064
 28.18      0.00083
 28.20      0.00064
 28.22      0.00022
 28.24     -0.00012
 28.26     -0.00017
 28.28     -0.00065
 28.30     -0.00086
 28.32     -0.00073
 28.34     -0.00067
 28.36     -0.00084
 28.38     -0.00079
 28.40     -0.00084
 28.42     -0.00090
 28.44     -0.00097
 28.46     -0.00079
 28.48     -0.00079
 28.50     -0.00079
 28.52     -0.00084
 28.54     -0.00076
 28.56     -0.00092
 28.58     -0.00072
 28.60     -0.00068
 28.62     -0.00063
 28.64     -0.00082
 28.66     -0.00073
 28.68     -0.00088
 28.70     -0.00098
 28.72     -0.00114
 28.74     -0.00107
 28.76     -0.00124
 28.78     -0.00132
 28.80     -0.00141
 28.82     -0.00145
 28.84     -0.00152
 28.86     -0.00149
 28.88     -0.00153
 28.90     -0.00151
 28.92     -0.00140
 28.94     -0.00135
 28.96     -0.00137
 28.98     -0.00130
 29.00     -0.00130
 29.02     -0.00129
 29.04     -0.00129
 29.06     -0.00125
 29.08     -0.00119
 29.10     -0.00117
 29.12     -0.00115
 29.14     -0.00111
 29.16     -0.00109
 29.18     -0.00110
 29.20     -0.00106
 29.22     -0.00103
 29.24     -0.00097
 29.26     -0.00092
 29.28     -0.00087
 29.30     -0.00084
 29.32     -0.00079
 29.34     -0.00078
 29.36     -0.00077
 29.38     -0.00076
 29.40     -0.00073
 29.42     -0.00072
 29.44     -0.00072
 29.46     -0.00069
 29.48     -0.00066
 29.50     -0.00064
 29.52     -0.00061
 29.54     -0.00059
 29.56     -0.00057
 29.58     -0.00054
 29.60     -0.00052
 29.62     -0.00050
 29.64     -0.00048
 29.66     -0.00046
 29.68     -0.00044
 29.70     -0.00042
 29.72     -0.00040
 29.74     -0.00038
 29.76     -0.00036
 29.78     -0.00035
 29.80     -0.00033
 29.82     -0.00031
 29.84     -0.00030
 29.86     -0.00028
 29.88     -0.00027
 29.90     -0.00025
 29.92     -0.00024
 29.94     -0.00022
 29.96     -0.00021
 29.98     -0.00020
 30.00     -0.00019
 30.02     -0.00017
 30.04     -0.00016
 30.06     -0.00015
 30.08     -0.00014
 30.10     -0.00013
 30.12     -0.00012
 30.14     -0.00012
 30.16     -0.00011
 30.18     -0.00010
 30.20     -0.00009
 30.22     -0.00009
 30.24     -0.00008
 30.26     -0.00007
 30.28     -0.00007
 30.30     -0.00006
 30.32     -0.00006
 30.34     -0.00005
 30.36     -0.00005
 30.38     -0.00005
 30.40     -0.00004
 30.42     -0.00004
 30.44     -0.00003
 30.46     -0.00003
 30.48     -0.00003
 30.50     -0.00003
 30.52     -0.00002
 30.54     -0.00002
 30.56     -0.00002
 30.58     -0.00002
 30.60     -0.00001
 30.62     -0.00001
 30.64     -0.00001
 30.66     -0.00001
 30.68     -0.00001
 30.70     -0.00001
 30.72     -0.00001
 30.74     -0.00001
 30.76     -0.00001
 30.78     -0.00000
 30.80     -0.00000
 30.82     -0.00000
 30.84     -0.00000
 30.86     -0.00000
 30.88     -0.00000
 30.90     -0.00000
 30.92     -0.00000
 30.94     -0.00000
 30.96     -0.00000
 30.98     -0.00000
 31.00     -0.00000
 31.02     -0.00000
 31.04     -0.00000
 31.06     -0.00000
 31.08     -0.00000
 31.10     -0.00000
 31.12     -0.00000
 31.14     -0.00000
 31.16     -0.00000
 31.18     -0.00000
 31.20     -0.00000
 31.22     -0.00000
 31.24     -0.00000
 31.26     -0.00000
 31.28     -0.00000
 31.30     -0.00000
 31.32     -0.00000
 31.34     -0.00000
 31.36     -0.00000
 31.38     -0.00000
 31.40      0.00000
 31.42      0.00000
 31.44      0.00000
 31.46      0.00000
 31.48      0.00000
 31.50      0.00000
 31.52      0.00000
 31.54      0.00000
 31.56      0.00000
 31.58      0.00000
 31.60      0.00000
 31.62      0.00000
 31.64      0.00000
 31.66      0.00000
 31.68      0.00000
 31.70      0.00000
 31.72      0.00000
 31.74      0.00000
 31.76      0.00000
 31.78      0.00000
 31.80      0.00000
 31.82      0.00000
 31.84      0.00000
 31.86      0.00000
 31.88      0.00000
 31.90      0.00000
 31.92      0.00000
 31.94      0.00000
 31.96      0.00000
 31.98      0.00000
 32.00      0.00000
