 #r(A)        G(r)
  0.02      0.00000
  0.04      0.00000
  0.06      0.00000
  0.08      0.00000
  0.10      0.00000
  0.12      0.00000
  0.14      0.00000
  0.16      0.00000
  0.18      0.00000
  0.20      0.00000
  0.22      0.00000
  0.24      0.00000
  0.26      0.00000
  0.28      0.00000
  0.30      0.00000
  0.32      0.00000
  0.34      0.00000
  0.36      0.00000
  0.38     -0.00000
  0.40     -0.00000
  0.42     -0.00000
  0.44     -0.00001
  0.46     -0.00001
  0.48     -0.00002
  0.50     -0.00005
  0.52     -0.00008
  0.54     -0.00013
  0.56     -0.00021
  0.58     -0.00031
  0.60     -0.00043
  0.62     -0.00060
  0.64     -0.00079
  0.66     -0.00101
  0.68     -0.00126
  0.70     -0.00153
  0.72     -0.00183
  0.74     -0.00216
  0.76     -0.00250
  0.78     -0.00286
  0.80     -0.00324
  0.82     -0.00363
  0.84     -0.00404
  0.86     -0.00445
  0.88     -0.00488
  0.90     -0.00531
  0.92     -0.00576
  0.94     -0.00620
  0.96     -0.00666
  0.98     -0.00712
  1.00     -0.00758
  1.02     -0.00805
  1.04     -0.00852
  1.06     -0.00899
  1.08     -0.00947
  1.10     -0.00995
  1.12     -0.01043
  1.14     -0.01091
  1.16     -0.01140
  1.18     -0.01188
  1.20     -0.01237
  1.22     -0.01286
  1.24     -0.01335
  1.26     -0.01385
  1.28     -0.01434
  1.30     -0.01484
  1.32     -0.01534
  1.34     -0.01584
  1.36     -0.01634
  1.38     -0.01684
  1.40     -0.01735
  1.42     -0.01785
  1.44     -0.01836
  1.46     -0.01887
  1.48     -0.01939
  1.50     -0.01990
  1.52     -0.02042
  1.54     -0.02094
  1.56     -0.02147
  1.58     -0.02200
  1.60     -0.02253
  1.62     -0.02306
  1.64     -0.02360
  1.66     -0.02415
  1.68     -0.02469
  1.70     -0.02524
  1.72     -0.02579
  1.74     -0.02635
  1.76     -0.02691
  1.78     -0.02748
  1.80     -0.02805
  1.82     -0.02862
  1.84     -0.02920
  1.86     -0.02978
  1.88     -0.03036
  1.90     -0.03095
  1.92     -0.03154
  1.94     -0.03214
  1.96     -0.03275
  1.98     -0.03335
  2.00     -0.03397
  2.02     -0.03458
  2.04     -0.03521
  2.06     -0.03583
  2.08     -0.03646
  2.10     -0.03710
  2.12     -0.03774
  2.14     -0.03839
  2.16     -0.03904
  2.18     -0.03969
  2.20     -0.04035
  2.22     -0.04102
  2.24     -0.04169
  2.26     -0.04236
  2.28     -0.04304
  2.30     -0.04373
  2.32     -0.04442
  2.34     -0.04485
  2.36     -0.04529
  2.38     -0.04359
  2.40     -0.03951
  2.42     -0.03310
  2.44     -0.02468
  2.46     -0.00851
  2.48      0.01494
  2.50      0.04834
  2.52      0.08471
  2.54      0.13133
  2.56      0.16479
  2.58      0.20584
  2.60      0.22692
  2.62      0.24622
  2.64      0.24503
  2.66      0.24892
  2.68      0.22946
  2.70      0.20975
  2.72      0.18937
  2.74      0.17018
  2.76      0.14835
  2.78      0.12694
  2.80      0.11446
  2.82      0.09379
  2.84      0.07329
  2.86      0.05709
  2.88      0.04299
  2.90      0.02587
  2.92      0.01324
  2.94      0.00704
  2.96     -0.00177
  2.98     -0.00866
  3.00     -0.01329
  3.02     -0.01851
  3.04     -0.02432
  3.06     -0.02942
  3.08     -0.03173
  3.10     -0.03528
  3.12     -0.03794
  3.14     -0.03892
  3.16     -0.04132
  3.18     -0.04414
  3.20     -0.04511
  3.22     -0.04647
  3.24     -0.04825
  3.26     -0.04759
  3.28     -0.04795
  3.30     -0.04814
  3.32     -0.04714
  3.34     -0.04599
  3.36     -0.04620
  3.38     -0.04468
  3.40     -0.04568
  3.42     -0.04518
  3.44     -0.04526
  3.46     -0.04421
  3.48     -0.04301
  3.50     -0.04104
  3.52     -0.03969
  3.54     -0.03762
  3.56     -0.03557
  3.58     -0.03519
  3.60     -0.03300
  3.62     -0.03281
  3.64     -0.03441
  3.66     -0.03442
  3.68     -0.03319
  3.70     -0.03287
  3.72     -0.03183
  3.74     -0.03111
  3.76     -0.03044
  3.78     -0.03151
  3.80     -0.03274
  3.82     -0.03379
  3.84     -0.03210
  3.86     -0.03046
  3.88     -0.03097
  3.90     -0.02784
  3.92     -0.02636
  3.94     -0.02558
  3.96     -0.02680
  3.98     -0.02614
  4.00     -0.02800
  4.02     -0.02965
  4.04     -0.02891
  4.06     -0.03038
  4.08     -0.02929
  4.10     -0.02821
  4.12     -0.02617
  4.14     -0.02716
  4.16     -0.02608
  4.18     -0.02951
  4.20     -0.02880
  4.22     -0.02868
  4.24     -0.02811
  4.26     -0.02722
  4.28     -0.01901
  4.30     -0.01456
  4.32     -0.00876
  4.34     -0.00597
  4.36     -0.00126
  4.38      0.00557
  4.40      0.01131
  4.42      0.01497
  4.44      0.02364
  4.46      0.03094
  4.48      0.03201
  4.50      0.03162
  4.52      0.03459
  4.54      0.03778
  4.56      0.03882
  4.58      0.04168
  4.60      0.04708
  4.62      0.04890
  4.64      0.04882
  4.66      0.05238
  4.68      0.05601
  4.70      0.05558
  4.72      0.05503
  4.74      0.05228
  4.76      0.04745
  4.78      0.04027
  4.80      0.03398
  4.82      0.03205
  4.84      0.03162
  4.86      0.03118
  4.88      0.02929
  4.90      0.02876
  4.92      0.02885
  4.94      0.02433
  4.96      0.02455
  4.98      0.02441
  5.00      0.02272
  5.02      0.02370
  5.04      0.02630
  5.06      0.02933
  5.08      0.03315
  5.10      0.03929
  5.12      0.04379
  5.14      0.04771
  5.16      0.04587
  5.18      0.04759
  5.20      0.04669
  5.22      0.03826
  5.24      0.03937
  5.26      0.03938
  5.28      0.03678
  5.30      0.03449
  5.32      0.03217
  5.34      0.02635
  5.36      0.02194
  5.38      0.01900
  5.40      0.01383
  5.42      0.01080
  5.44      0.00487
  5.46      0.00006
  5.48     -0.00819
  5.50     -0.01326
  5.52     -0.01534
  5.54     -0.02045
  5.56     -0.02753
  5.58     -0.02931
  5.60     -0.03083
  5.62     -0.03642
  5.64     -0.03710
  5.66     -0.03763
  5.68     -0.04119
  5.70     -0.04302
  5.72     -0.04253
  5.74     -0.04376
  5.76     -0.04306
  5.78     -0.04338
  5.80     -0.04584
  5.82     -0.04573
  5.84     -0.04606
  5.86     -0.04619
  5.88     -0.04387
  5.90     -0.04176
  5.92     -0.04113
  5.94     -0.04181
  5.96     -0.04152
  5.98     -0.04431
  6.00     -0.04479
  6.02     -0.04453
  6.04     -0.04317
  6.06     -0.04259
  6.08     -0.04018
  6.10     -0.03779
  6.12     -0.03713
  6.14     -0.03465
  6.16     -0.03232
  6.18     -0.03325
  6.20     -0.03356
  6.22     -0.03210
  6.24     -0.02899
  6.26     -0.02840
  6.28     -0.02104
  6.30     -0.01660
  6.32     -0.01221
  6.34     -0.01155
  6.36     -0.00801
  6.38     -0.00984
  6.40     -0.00981
  6.42     -0.01081
  6.44     -0.00755
  6.46     -0.00422
  6.48      0.00082
  6.50      0.00475
  6.52      0.00856
  6.54      0.00923
  6.56      0.01424
  6.58      0.01627
  6.60      0.02116
  6.62      0.02221
  6.64      0.02658
  6.66      0.02490
  6.68      0.02746
  6.70      0.02697
  6.72      0.03166
  6.74      0.03726
  6.76      0.03775
  6.78      0.04100
  6.80      0.04493
  6.82      0.04311
  6.84      0.04057
  6.86      0.04268
  6.88      0.04227
  6.90      0.04338
  6.92      0.04784
  6.94      0.04774
  6.96      0.04728
  6.98      0.04663
  7.00      0.04317
  7.02      0.03993
  7.04      0.03874
  7.06      0.03638
  7.08      0.03281
  7.10      0.03075
  7.12      0.02732
  7.14      0.02062
  7.16      0.01769
  7.18      0.01621
  7.20      0.01265
  7.22      0.01444
  7.24      0.01625
  7.26      0.01552
  7.28      0.01316
  7.30      0.01217
  7.32      0.00758
  7.34      0.00497
  7.36      0.00388
  7.38      0.00386
  7.40      0.00173
  7.42      0.00013
  7.44     -0.00068
  7.46     -0.00158
  7.48     -0.00702
  7.50     -0.00564
  7.52     -0.00591
  7.54     -0.00982
  7.56     -0.00984
  7.58     -0.00647
  7.60     -0.00941
  7.62     -0.00934
  7.64     -0.00683
  7.66     -0.00770
  7.68     -0.00695
  7.70     -0.00744
  7.72     -0.00660
  7.74     -0.00574
  7.76     -0.00624
  7.78     -0.00641
  7.80     -0.00370
  7.82     -0.00244
  7.84     -0.00341
  7.86     -0.00172
  7.88     -0.00211
  7.90     -0.00505
  7.92     -0.00503
  7.94     -0.00381
  7.96     -0.00787
  7.98     -0.01181
  8.00     -0.01262
  8.02     -0.01720
  8.04     -0.02151
  8.06     -0.02132
  8.08     -0.02274
  8.10     -0.02367
  8.12     -0.02677
  8.14     -0.02665
  8.16     -0.02734
  8.18     -0.02673
  8.20     -0.02469
  8.22     -0.02280
  8.24     -0.02189
  8.26     -0.02311
  8.28     -0.02376
  8.30     -0.02475
  8.32     -0.02424
  8.34     -0.02420
  8.36     -0.02329
  8.38     -0.02067
  8.40     -0.02211
  8.42     -0.02177
  8.44     -0.02112
  8.46     -0.02255
  8.48     -0.02607
  8.50     -0.02427
  8.52     -0.02203
  8.54     -0.02203
  8.56     -0.01826
  8.58     -0.01305
  8.60     -0.01078
  8.62     -0.01072
  8.64     -0.00779
  8.66     -0.00375
  8.68     -0.00416
  8.70     -0.00270
  8.72     -0.00116
  8.74     -0.00076
  8.76     -0.00210
  8.78     -0.00014
  8.80      0.00084
  8.82      0.00366
  8.84      0.00573
  8.86      0.00786
  8.88      0.01241
  8.90      0.01562
  8.92      0.01953
  8.94      0.02090
  8.96      0.02181
  8.98      0.02466
  9.00      0.02497
  9.02      0.02359
  9.04      0.02500
  9.06      0.03014
  9.08      0.02740
  9.10      0.02936
  9.12      0.03116
  9.14      0.03233
  9.16      0.03182
  9.18      0.03526
  9.20      0.03704
  9.22      0.03784
  9.24      0.03914
  9.26      0.03874
  9.28      0.03609
  9.30      0.03429
  9.32      0.03334
  9.34      0.03226
  9.36      0.02902
  9.38      0.02763
  9.40      0.02305
  9.42      0.02040
  9.44      0.01647
  9.46      0.01552
  9.48      0.01664
  9.50      0.01717
  9.52      0.01521
  9.54      0.01382
  9.56      0.00840
  9.58      0.00393
  9.60      0.00120
  9.62     -0.00058
  9.64     -0.00133
  9.66      0.00025
  9.68      0.00032
  9.70      0.00073
  9.72     -0.00215
  9.74     -0.00408
  9.76     -0.00347
  9.78     -0.00781
  9.80     -0.00820
  9.82     -0.00937
  9.84     -0.00875
  9.86     -0.01226
  9.88     -0.01117
  9.90     -0.01203
  9.92     -0.01114
  9.94     -0.01258
  9.96     -0.01262
  9.98     -0.01384
 10.00     -0.01494
 10.02     -0.01375
 10.04     -0.01373
 10.06     -0.01468
 10.08     -0.01277
 10.10     -0.01379
 10.12     -0.01449
 10.14     -0.01614
 10.16     -0.01693
 10.18     -0.01852
 10.20     -0.01861
 10.22     -0.01789
 10.24     -0.01650
 10.26     -0.01448
 10.28     -0.01526
 10.30     -0.01459
 10.32     -0.01526
 10.34     -0.01535
 10.36     -0.01700
 10.38     -0.01645
 10.40     -0.01603
 10.42     -0.01674
 10.44     -0.01495
 10.46     -0.01227
 10.48     -0.00991
 10.50     -0.01223
 10.52     -0.01044
 10.54     -0.01232
 10.56     -0.01253
 10.58     -0.01181
 10.60     -0.00798
 10.62     -0.01003
 10.64     -0.00838
 10.66     -0.00722
 10.68     -0.00939
 10.70     -0.01032
 10.72     -0.00910
 10.74     -0.01052
 10.76     -0.01114
 10.78     -0.00885
 10.80     -0.00705
 10.82     -0.00640
 10.84     -0.00339
 10.86     -0.00094
 10.88     -0.00078
 10.90     -0.00009
 10.92      0.00168
 10.94      0.00207
 10.96      0.00406
 10.98      0.00462
 11.00      0.00429
 11.02      0.00384
 11.04      0.00699
 11.06      0.00675
 11.08      0.00671
 11.10      0.01009
 11.12      0.01252
 11.14      0.00975
 11.16      0.00840
 11.18      0.01058
 11.20      0.01062
 11.22      0.01032
 11.24      0.01387
 11.26      0.01950
 11.28      0.01961
 11.30      0.02092
 11.32      0.02224
 11.34      0.02222
 11.36      0.01976
 11.38      0.02234
 11.40      0.02265
 11.42      0.02373
 11.44      0.02633
 11.46      0.02751
 11.48      0.02488
 11.50      0.02310
 11.52      0.02281
 11.54      0.02149
 11.56      0.01871
 11.58      0.01923
 11.60      0.01779
 11.62      0.01498
 11.64      0.01078
 11.66      0.01053
 11.68      0.01178
 11.70      0.01243
 11.72      0.01432
 11.74      0.01698
 11.76      0.01502
 11.78      0.01277
 11.80      0.01282
 11.82      0.01214
 11.84      0.00721
 11.86      0.00470
 11.88      0.00173
 11.90     -0.00282
 11.92     -0.00813
 11.94     -0.00837
 11.96     -0.00647
 11.98     -0.00808
 12.00     -0.00722
 12.02     -0.00740
 12.04     -0.00834
 12.06     -0.00875
 12.08     -0.00849
 12.10     -0.00937
 12.12     -0.00900
 12.14     -0.01105
 12.16     -0.01339
 12.18     -0.01490
 12.20     -0.01577
 12.22     -0.01717
 12.24     -0.01584
 12.26     -0.01574
 12.28     -0.01515
 12.30     -0.01623
 12.32     -0.01549
 12.34     -0.01677
 12.36     -0.01467
 12.38     -0.01483
 12.40     -0.01357
 12.42     -0.01306
 12.44     -0.01174
 12.46     -0.01203
 12.48     -0.01067
 12.50     -0.00781
 12.52     -0.00828
 12.54     -0.00777
 12.56     -0.00840
 12.58     -0.00742
 12.60     -0.01077
 12.62     -0.01138
 12.64     -0.00890
 12.66     -0.00746
 12.68     -0.00886
 12.70     -0.00885
 12.72     -0.00566
 12.74     -0.00747
 12.76     -0.00840
 12.78     -0.00921
 12.80     -0.00940
 12.82     -0.00782
 12.84     -0.00695
 12.86     -0.00771
 12.88     -0.00419
 12.90      0.00049
 12.92     -0.00008
 12.94      0.00154
 12.96      0.00326
 12.98      0.00276
 13.00      0.00205
 13.02      0.00295
 13.04      0.00034
 13.06      0.00305
 13.08      0.00496
 13.10      0.00517
 13.12      0.00382
 13.14      0.00713
 13.16      0.00573
 13.18      0.00310
 13.20      0.00356
 13.22      0.00436
 13.24      0.00145
 13.26      0.00323
 13.28      0.00493
 13.30      0.00601
 13.32      0.00793
 13.34      0.01211
 13.36      0.01000
 13.38      0.01333
 13.40      0.01171
 13.42      0.01161
 13.44      0.00990
 13.46      0.01102
 13.48      0.00834
 13.50      0.00965
 13.52      0.00824
 13.54      0.00882
 13.56      0.00838
 13.58      0.01006
 13.60      0.00875
 13.62      0.00784
 13.64      0.00841
 13.66      0.00960
 13.68      0.00691
 13.70      0.00830
 13.72      0.01231
 13.74      0.01377
 13.76      0.01234
 13.78      0.01610
 13.80      0.01714
 13.82      0.01272
 13.84      0.00964
 13.86      0.00800
 13.88      0.00568
 13.90      0.00154
 13.92      0.00273
 13.94      0.00322
 13.96      0.00474
 13.98      0.00555
 14.00      0.00786
 14.02      0.00840
 14.04      0.00744
 14.06      0.00640
 14.08      0.00382
 14.10      0.00316
 14.12      0.00023
 14.14      0.00087
 14.16      0.00101
 14.18      0.00078
 14.20     -0.00023
 14.22      0.00185
 14.24      0.00158
 14.26      0.00026
 14.28     -0.00146
 14.30     -0.00067
 14.32     -0.00303
 14.34     -0.00652
 14.36     -0.00581
 14.38     -0.00527
 14.40     -0.00793
 14.42     -0.00858
 14.44     -0.00885
 14.46     -0.01139
 14.48     -0.01316
 14.50     -0.01502
 14.52     -0.01399
 14.54     -0.01372
 14.56     -0.01112
 14.58     -0.01027
 14.60     -0.00865
 14.62     -0.01023
 14.64     -0.01001
 14.66     -0.01154
 14.68     -0.00999
 14.70     -0.01021
 14.72     -0.01066
 14.74     -0.01084
 14.76     -0.01120
 14.78     -0.01215
 14.80     -0.01105
 14.82     -0.00968
 14.84     -0.00871
 14.86     -0.00762
 14.88     -0.00626
 14.90     -0.00583
 14.92     -0.00684
 14.94     -0.00632
 14.96     -0.00628
 14.98     -0.00708
 15.00     -0.00801
 15.02     -0.00509
 15.04     -0.00449
 15.06     -0.00367
 15.08     -0.00316
 15.10     -0.00221
 15.12     -0.00231
 15.14     -0.00167
 15.16     -0.00052
 15.18     -0.00066
 15.20      0.00277
 15.22      0.00216
 15.24      0.00292
 15.26      0.00294
 15.28      0.00499
 15.30      0.00454
 15.32      0.00561
 15.34      0.00704
 15.36      0.00857
 15.38      0.00924
 15.40      0.00790
 15.42      0.00943
 15.44      0.00874
 15.46      0.00766
 15.48      0.01019
 15.50      0.01015
 15.52      0.01094
 15.54      0.00926
 15.56      0.01060
 15.58      0.00685
 15.60      0.00757
 15.62      0.00538
 15.64      0.00640
 15.66      0.00665
 15.68      0.00657
 15.70      0.00724
 15.72      0.00925
 15.74      0.00976
 15.76      0.01021
 15.78      0.01051
 15.80      0.01023
 15.82      0.00862
 15.84      0.00917
 15.86      0.00624
 15.88      0.00555
 15.90      0.00634
 15.92      0.00578
 15.94      0.00436
 15.96      0.00388
 15.98      0.00338
 16.00      0.00171
 16.02      0.00194
 16.04      0.00143
 16.06      0.00182
 16.08      0.00282
 16.10      0.00110
 16.12     -0.00010
 16.14      0.00106
 16.16     -0.00102
 16.18     -0.00144
 16.20      0.00045
 16.22      0.00249
 16.24      0.00183
 16.26      0.00348
 16.28      0.00439
 16.30      0.00265
 16.32      0.00095
 16.34     -0.00058
 16.36     -0.00151
 16.38     -0.00399
 16.40     -0.00264
 16.42     -0.00332
 16.44     -0.00228
 16.46     -0.00060
 16.48      0.00032
 16.50      0.00040
 16.52     -0.00090
 16.54     -0.00124
 16.56     -0.00206
 16.58     -0.00390
 16.60     -0.00539
 16.62     -0.00524
 16.64     -0.00546
 16.66     -0.00572
 16.68     -0.00518
 16.70     -0.00571
 16.72     -0.00626
 16.74     -0.00553
 16.76     -0.00594
 16.78     -0.00649
 16.80     -0.00744
 16.82     -0.00689
 16.84     -0.00858
 16.86     -0.00936
 16.88     -0.00786
 16.90     -0.00693
 16.92     -0.00698
 16.94     -0.00621
 16.96     -0.00672
 16.98     -0.00723
 17.00     -0.00762
 17.02     -0.00797
 17.04     -0.00810
 17.06     -0.00779
 17.08     -0.00585
 17.10     -0.00513
 17.12     -0.00158
 17.14     -0.00197
 17.16     -0.00060
 17.18     -0.00206
 17.20     -0.00074
 17.22     -0.00235
 17.24     -0.00103
 17.26     -0.00164
 17.28     -0.00123
 17.30     -0.00064
 17.32     -0.00057
 17.34      0.00029
 17.36      0.00183
 17.38      0.00246
 17.40      0.00338
 17.42      0.00334
 17.44      0.00209
 17.46      0.00204
 17.48      0.00162
 17.50      0.00082
 17.52      0.00290
 17.54      0.00406
 17.56      0.00502
 17.58      0.00758
 17.60      0.00630
 17.62      0.00652
 17.64      0.00692
 17.66      0.00743
 17.68      0.00605
 17.70      0.00775
 17.72      0.00833
 17.74      0.00608
 17.76      0.00564
 17.78      0.00549
 17.80      0.00465
 17.82      0.00343
 17.84      0.00458
 17.86      0.00619
 17.88      0.00620
 17.90      0.00580
 17.92      0.00654
 17.94      0.00648
 17.96      0.00364
 17.98      0.00430
 18.00      0.00402
 18.02      0.00192
 18.04      0.00227
 18.06      0.00145
 18.08      0.00121
 18.10      0.00040
 18.12      0.00251
 18.14      0.00336
 18.16      0.00389
 18.18      0.00293
 18.20      0.00382
 18.22      0.00229
 18.24      0.00127
 18.26      0.00090
 18.28      0.00121
 18.30      0.00098
 18.32      0.00097
 18.34      0.00064
 18.36      0.00017
 18.38     -0.00166
 18.40     -0.00071
 18.42     -0.00079
 18.44     -0.00286
 18.46     -0.00318
 18.48     -0.00346
 18.50     -0.00531
 18.52     -0.00614
 18.54     -0.00430
 18.56     -0.00392
 18.58     -0.00266
 18.60     -0.00052
 18.62      0.00060
 18.64     -0.00018
 18.66     -0.00022
 18.68     -0.00156
 18.70     -0.00314
 18.72     -0.00574
 18.74     -0.00403
 18.76     -0.00232
 18.78     -0.00086
 18.80     -0.00062
 18.82      0.00151
 18.84      0.00050
 18.86     -0.00040
 18.88     -0.00023
 18.90     -0.00036
 18.92     -0.00077
 18.94     -0.00142
 18.96     -0.00186
 18.98     -0.00285
 19.00     -0.00284
 19.02     -0.00276
 19.04     -0.00240
 19.06     -0.00290
 19.08     -0.00137
 19.10     -0.00166
 19.12     -0.00178
 19.14     -0.00135
 19.16     -0.00198
 19.18     -0.00295
 19.20     -0.00296
 19.22     -0.00236
 19.24     -0.00084
 19.26      0.00078
 19.28      0.00040
 19.30      0.00076
 19.32      0.00051
 19.34     -0.00140
 19.36     -0.00086
 19.38      0.00001
 19.40     -0.00074
 19.42     -0.00193
 19.44     -0.00247
 19.46     -0.00315
 19.48     -0.00470
 19.50     -0.00367
 19.52     -0.00273
 19.54     -0.00163
 19.56     -0.00304
 19.58     -0.00060
 19.60      0.00039
 19.62      0.00055
 19.64      0.00178
 19.66      0.00264
 19.68      0.00173
 19.70      0.00029
 19.72      0.00052
 19.74     -0.00053
 19.76     -0.00066
 19.78     -0.00031
 19.80      0.00038
 19.82      0.00070
 19.84      0.00095
 19.86      0.00144
 19.88      0.00071
 19.90      0.00090
 19.92      0.00049
 19.94      0.00147
 19.96      0.00281
 19.98      0.00211
 20.00      0.00142
 20.02      0.00219
 20.04      0.00182
 20.06      0.00135
 20.08      0.00197
 20.10      0.00287
 20.12      0.00235
 20.14      0.00195
 20.16      0.00233
 20.18      0.00317
 20.20      0.00251
 20.22      0.00377
 20.24      0.00418
 20.26      0.00356
 20.28      0.00298
 20.30      0.00356
 20.32      0.00307
 20.34      0.00290
 20.36      0.00284
 20.38      0.00297
 20.40      0.00332
 20.42      0.00217
 20.44      0.00278
 20.46      0.00323
 20.48      0.00356
 20.50      0.00279
 20.52      0.00389
 20.54      0.00338
 20.56      0.00422
 20.58      0.00296
 20.60      0.00253
 20.62      0.00073
 20.64      0.00027
 20.66     -0.00137
 20.68     -0.00008
 20.70     -0.00031
 20.72      0.00062
 20.74     -0.00059
 20.76     -0.00139
 20.78     -0.00225
 20.80     -0.00113
 20.82     -0.00108
 20.84     -0.00118
 20.86     -0.00059
 20.88     -0.00063
 20.90     -0.00174
 20.92     -0.00275
 20.94     -0.00244
 20.96     -0.00289
 20.98     -0.00240
 21.00     -0.00190
 21.02     -0.00250
 21.04     -0.00188
 21.06     -0.00145
 21.08     -0.00267
 21.10     -0.00355
 21.12     -0.00333
 21.14     -0.00334
 21.16     -0.00446
 21.18     -0.00381
 21.20     -0.00332
 21.22     -0.00299
 21.24     -0.00244
 21.26     -0.00219
 21.28     -0.00189
 21.30     -0.00248
 21.32     -0.00203
 21.34     -0.00265
 21.36     -0.00238
 21.38     -0.00187
 21.40     -0.00279
 21.42     -0.00258
 21.44     -0.00335
 21.46     -0.00223
 21.48     -0.00254
 21.50     -0.00047
 21.52     -0.00066
 21.54     -0.00051
 21.56     -0.00027
 21.58     -0.00052
 21.60     -0.00150
 21.62     -0.00178
 21.64     -0.00093
 21.66     -0.00154
 21.68     -0.00134
 21.70     -0.00031
 21.72      0.00059
 21.74      0.00016
 21.76     -0.00051
 21.78      0.00048
 21.80      0.00012
 21.82     -0.00121
 21.84     -0.00115
 21.86     -0.00097
 21.88     -0.00143
 21.90     -0.00095
 21.92     -0.00012
 21.94      0.00021
 21.96      0.00149
 21.98      0.00190
 22.00      0.00115
 22.02      0.00248
 22.04      0.00331
 22.06      0.00366
 22.08      0.00283
 22.10      0.00363
 22.12      0.00374
 22.14      0.00303
 22.16      0.00264
 22.18      0.00267
 22.20      0.00303
 22.22      0.00161
 22.24      0.00135
 22.26      0.00155
 22.28      0.00141
 22.30      0.00047
 22.32      0.00141
 22.34      0.00106
 22.36      0.00042
 22.38      0.00115
 22.40      0.00127
 22.42      0.00150
 22.44      0.00244
 22.46      0.00267
 22.48      0.00183
 22.50      0.00128
 22.52      0.00070
 22.54     -0.00026
 22.56      0.00020
 22.58      0.00050
 22.60      0.00163
 22.62      0.00131
 22.64      0.00215
 22.66      0.00091
 22.68      0.00065
 22.70      0.00040
 22.72      0.00031
 22.74      0.00005
 22.76     -0.00034
 22.78     -0.00034
 22.80     -0.00076
 22.82     -0.00056
 22.84     -0.00024
 22.86      0.00017
 22.88     -0.00028
 22.90      0.00018
 22.92     -0.00116
 22.94     -0.00258
 22.96     -0.00243
 22.98     -0.00231
 23.00     -0.00270
 23.02     -0.00201
 23.04     -0.00117
 23.06     -0.00190
 23.08     -0.00127
 23.10     -0.00217
 23.12     -0.00211
 23.14     -0.00289
 23.16     -0.00206
 23.18     -0.00248
 23.20     -0.00103
 23.22     -0.00127
 23.24     -0.00036
 23.26     -0.00091
 23.28     -0.00020
 23.30     -0.00064
 23.32     -0.00018
 23.34     -0.00071
 23.36     -0.00039
 23.38     -0.00088
 23.40     -0.00135
 23.42     -0.00100
 23.44     -0.00088
 23.46     -0.00131
 23.48     -0.00161
 23.50     -0.00143
 23.52     -0.00136
 23.54     -0.00137
 23.56     -0.00053
 23.58     -0.00010
 23.60     -0.00011
 23.62     -0.00060
 23.64     -0.00031
 23.66     -0.00057
 23.68     -0.00117
 23.70     -0.00160
 23.72     -0.00109
 23.74     -0.00083
 23.76     -0.00051
 23.78     -0.00042
 23.80      0.00026
 23.82     -0.00017
 23.84     -0.00013
 23.86     -0.00040
 23.88      0.00055
 23.90      0.00037
 23.92      0.00027
 23.94      0.00020
 23.96     -0.00038
 23.98     -0.00087
 24.00     -0.00028
 24.02      0.00014
 24.04      0.00023
 24.06      0.00060
 24.08      0.00015
 24.10      0.00032
 24.12      0.00014
 24.14     -0.00051
 24.16      0.00043
 24.18      0.00144
 24.20      0.00112
 24.22      0.00096
 24.24      0.00116
 24.26      0.00054
 24.28      0.00038
 24.30      0.00106
 24.32      0.00155
 24.34      0.00220
 24.36      0.00224
 24.38      0.00173
 24.40      0.00096
 24.42      0.00026
 24.44      0.00035
 24.46     -0.00002
 24.48      0.00038
 24.50      0.00039
 24.52      0.00082
 24.54      0.00039
 24.56      0.00088
 24.58      0.00131
 24.60      0.00109
 24.62      0.00094
 24.64      0.00017
 24.66      0.00017
 24.68     -0.00110
 24.70     -0.00118
 24.72     -0.00116
 24.74      0.00001
 24.76     -0.00005
 24.78      0.00024
 24.80      0.00032
 24.82     -0.00018
 24.84     -0.00090
 24.86     -0.00093
 24.88     -0.00143
 24.90     -0.00133
 24.92     -0.00096
 24.94     -0.00118
 24.96     -0.00155
 24.98     -0.00098
 25.00     -0.00140
 25.02     -0.00188
 25.04     -0.00172
 25.06     -0.00191
 25.08     -0.00263
 25.10     -0.00203
 25.12     -0.00159
 25.14     -0.00160
 25.16     -0.00182
 25.18     -0.00128
 25.20     -0.00165
 25.22     -0.00189
 25.24     -0.00159
 25.26     -0.00118
 25.28     -0.00083
 25.30     -0.00055
 25.32     -0.00064
 25.34     -0.00107
 25.36     -0.00118
 25.38     -0.00199
 25.40     -0.00244
 25.42     -0.00302
 25.44     -0.00311
 25.46     -0.00317
 25.48     -0.00269
 25.50     -0.00255
 25.52     -0.00185
 25.54     -0.00145
 25.56     -0.00072
 25.58     -0.00058
 25.60     -0.00064
 25.62     -0.00114
 25.64     -0.00134
 25.66     -0.00158
 25.68     -0.00183
 25.70     -0.00177
 25.72     -0.00099
 25.74     -0.00111
 25.76     -0.00128
 25.78     -0.00124
 25.80     -0.00073
 25.82     -0.00082
 25.84     -0.00074
 25.86     -0.00085
 25.88     -0.00069
 25.90     -0.00145
 25.92     -0.00126
 25.94     -0.00072
 25.96     -0.00039
 25.98     -0.00005
 26.00      0.00096
 26.02      0.00150
 26.04      0.00120
 26.06      0.00106
 26.08      0.00084
 26.10      0.00074
 26.12      0.00027
 26.14      0.00038
 26.16      0.00108
 26.18      0.00149
 26.20      0.00102
 26.22      0.00078
 26.24      0.00121
 26.26      0.00087
 26.28      0.00077
 26.30      0.00065
 26.32      0.00091
 26.34      0.00069
 26.36      0.00094
 26.38      0.00065
 26.40      0.00120
 26.42      0.00084
 26.44      0.00077
 26.46      0.00048
 26.48      0.00083
 26.50      0.00086
 26.52      0.00145
 26.54      0.00183
 26.56      0.00159
 26.58      0.00142
 26.60      0.00135
 26.62      0.00135
 26.64      0.00109
 26.66      0.00161
 26.68      0.00188
 26.70      0.00206
 26.72      0.00226
 26.74      0.00221
 26.76      0.00214
 26.78      0.00168
 26.80      0.00115
 26.82      0.00079
 26.84      0.00079
 26.86      0.00080
 26.88      0.00083
 26.90      0.00105
 26.92      0.00115
 26.94      0.00091
 26.96      0.00034
 26.98      0.00003
 27.00     -0.00014
 27.02     -0.00038
 27.04     -0.00025
 27.06     -0.00015
 27.08     -0.00041
 27.10     -0.00058
 27.12     -0.00077
 27.14     -0.00094
 27.16     -0.00084
 27.18     -0.00045
 27.20     -0.00059
 27.22     -0.00064
 27.24     -0.00066
 27.26     -0.00064
 27.28     -0.00073
 27.30     -0.00093
 27.32     -0.00107
 27.34     -0.00114
 27.36     -0.00153
 27.38     -0.00160
 27.40     -0.00165
 27.42     -0.00161
 27.44     -0.00195
 27.46     -0.00203
 27.48     -0.00225
 27.50     -0.00225
 27.52     -0.00226
 27.54     -0.00217
 27.56     -0.00211
 27.58     -0.00214
 27.60     -0.00203
 27.62     -0.00219
 27.64     -0.00220
 27.66     -0.00226
 27.68     -0.00211
 27.70     -0.00210
 27.72     -0.00204
 27.74     -0.00206
 27.76     -0.00208
 27.78     -0.00205
 27.80     -0.00209
 27.82     -0.00202
 27.84     -0.00202
 27.86     -0.00197
 27.88     -0.00202
 27.90     -0.00197
 27.92     -0.00192
 27.94     -0.00183
 27.96     -0.00170
 27.98     -0.00163
 28.00     -0.00166
 28.02     -0.00167
 28.04     -0.00156
 28.06     -0.00159
 28.08     -0.00153
 28.10     -0.00140
 28.12     -0.00139
 28.14     -0.00148
 28.16     -0.00147
 28.18     -0.00146
 28.20     -0.00148
 28.22     -0.00142
 28.24     -0.00135
 28.26     -0.00128
 28.28     -0.00123
 28.30     -0.00118
 28.32     -0.00111
 28.34     -0.00109
 28.36     -0.00107
 28.38     -0.00103
 28.40     -0.00096
 28.42     -0.00095
 28.44     -0.00091
 28.46     -0.00087
 28.48     -0.00083
 28.50     -0.00082
 28.52     -0.00078
 28.54     -0.00075
 28.56     -0.00071
 28.58     -0.00068
 28.60     -0.00065
 28.62     -0.00062
 28.64     -0.00059
 28.66     -0.00056
 28.68     -0.00053
 28.70     -0.00050
 28.72     -0.00048
 28.74     -0.00045
 28.76     -0.00043
 28.78     -0.00041
 28.80     -0.00039
 28.82     -0.00036
 28.84     -0.00034
 28.86     -0.00033
 28.88     -0.00031
 28.90     -0.00029
 28.92     -0.00027
 28.94     -0.00026
 28.96     -0.00024
 28.98     -0.00023
 29.00     -0.00021
 29.02     -0.00020
 29.04     -0.00019
 29.06     -0.00018
 29.08     -0.00016
 29.10     -0.00015
 29.12     -0.00014
 29.14     -0.00013
 29.16     -0.00012
 29.18     -0.00012
 29.20     -0.00011
 29.22     -0.00010
 29.24     -0.00009
 29.26     -0.00009
 29.28     -0.00008
 29.30     -0.00007
 29.32     -0.00007
 29.34     -0.00006
 29.36     -0.00006
 29.38     -0.00005
 29.40     -0.00005
 29.42     -0.00005
 29.44     -0.00004
 29.46     -0.00004
 29.48     -0.00004
 29.50     -0.00003
 29.52     -0.00003
 29.54     -0.00003
 29.56     -0.00003
 29.58     -0.00002
 29.60     -0.00002
 29.62     -0.00002
 29.64     -0.00002
 29.66     -0.00002
 29.68     -0.00001
 29.70     -0.00001
 29.72     -0.00001
 29.74     -0.00001
 29.76     -0.00001
 29.78     -0.00001
 29.80     -0.00001
 29.82     -0.00001
 29.84     -0.00001
 29.86     -0.00001
 29.88     -0.00000
 29.90     -0.00000
 29.92     -0.00000
 29.94     -0.00000
 29.96     -0.00000
 29.98     -0.00000
 30.00     -0.00000
 30.02     -0.00000
 30.04     -0.00000
 30.06     -0.00000
 30.08     -0.00000
 30.10     -0.00000
 30.12     -0.00000
 30.14     -0.00000
 30.16     -0.00000
 30.18     -0.00000
 30.20     -0.00000
 30.22     -0.00000
 30.24     -0.00000
 30.26     -0.00000
 30.28     -0.00000
 30.30     -0.00000
 30.32     -0.00000
 30.34     -0.00000
 30.36     -0.00000
 30.38     -0.00000
 30.40     -0.00000
 30.42     -0.00000
 30.44     -0.00000
 30.46      0.00000
 30.48      0.00000
 30.50      0.00000
 30.52      0.00000
 30.54      0.00000
 30.56      0.00000
 30.58      0.00000
 30.60      0.00000
 30.62      0.00000
 30.64      0.00000
 30.66      0.00000
 30.68      0.00000
 30.70      0.00000
 30.72      0.00000
 30.74      0.00000
 30.76      0.00000
 30.78      0.00000
 30.80      0.00000
 30.82      0.00000
 30.84      0.00000
 30.86      0.00000
 30.88      0.00000
 30.90      0.00000
 30.92      0.00000
 30.94      0.00000
 30.96      0.00000
 30.98      0.00000
 31.00      0.00000
 31.02      0.00000
 31.04      0.00000
 31.06      0.00000
 31.08      0.00000
 31.10      0.00000
 31.12      0.00000
 31.14      0.00000
 31.16      0.00000
 31.18      0.00000
 31.20      0.00000
 31.22      0.00000
 31.24      0.00000
 31.26      0.00000
 31.28      0.00000
 31.30      0.00000
 31.32      0.00000
 31.34      0.00000
 31.36      0.00000
 31.38      0.00000
 31.40      0.00000
 31.42      0.00000
 31.44      0.00000
 31.46      0.00000
 31.48      0.00000
 31.50      0.00000
 31.52      0.00000
 31.54      0.00000
 31.56      0.00000
 31.58      0.00000
 31.60      0.00000
 31.62      0.00000
 31.64      0.00000
 31.66      0.00000
 31.68      0.00000
 31.70      0.00000
 31.72      0.00000
 31.74      0.00000
 31.76      0.00000
 31.78      0.00000
 31.80      0.00000
 31.82      0.00000
 31.84      0.00000
 31.86      0.00000
 31.88      0.00000
 31.90      0.00000
 31.92      0.00000
 31.94      0.00000
 31.96      0.00000
 31.98      0.00000
 32.00      0.00000
