 #r(A)        G(r)
  0.02      0.00000
  0.04      0.00000
  0.06      0.00000
  0.08     -0.00000
  0.10     -0.00000
  0.12     -0.00000
  0.14     -0.00000
  0.16     -0.00000
  0.18     -0.00001
  0.20     -0.00002
  0.22     -0.00003
  0.24     -0.00006
  0.26     -0.00009
  0.28     -0.00014
  0.30     -0.00021
  0.32     -0.00029
  0.34     -0.00039
  0.36     -0.00051
  0.38     -0.00064
  0.40     -0.00079
  0.42     -0.00096
  0.44     -0.00114
  0.46     -0.00134
  0.48     -0.00155
  0.50     -0.00178
  0.52     -0.00202
  0.54     -0.00227
  0.56     -0.00254
  0.58     -0.00281
  0.60     -0.00310
  0.62     -0.00340
  0.64     -0.00371
  0.66     -0.00406
  0.68     -0.00444
  0.70     -0.00485
  0.72     -0.00529
  0.74     -0.00575
  0.76     -0.00623
  0.78     -0.00673
  0.80     -0.00725
  0.82     -0.00777
  0.84     -0.00830
  0.86     -0.00884
  0.88     -0.00937
  0.90     -0.00991
  0.92     -0.01046
  0.94     -0.01100
  0.96     -0.01154
  0.98     -0.01209
  1.00     -0.01264
  1.02     -0.01319
  1.04     -0.01374
  1.06     -0.01429
  1.08     -0.01484
  1.10     -0.01540
  1.12     -0.01595
  1.14     -0.01651
  1.16     -0.01707
  1.18     -0.01764
  1.20     -0.01820
  1.22     -0.01877
  1.24     -0.01933
  1.26     -0.01991
  1.28     -0.02048
  1.30     -0.02105
  1.32     -0.02163
  1.34     -0.02221
  1.36     -0.02279
  1.38     -0.02338
  1.40     -0.02397
  1.42     -0.02456
  1.44     -0.02515
  1.46     -0.02575
  1.48     -0.02636
  1.50     -0.02696
  1.52     -0.02757
  1.54     -0.02819
  1.56     -0.02880
  1.58     -0.02943
  1.60     -0.03005
  1.62     -0.03068
  1.64     -0.03132
  1.66     -0.03196
  1.68     -0.03260
  1.70     -0.03325
  1.72     -0.03391
  1.74     -0.03457
  1.76     -0.03524
  1.78     -0.03591
  1.80     -0.03660
  1.82     -0.03730
  1.84     -0.03802
  1.86     -0.03874
  1.88     -0.03947
  1.90     -0.04022
  1.92     -0.04097
  1.94     -0.04174
  1.96     -0.04251
  1.98     -0.04330
  2.00     -0.04409
  2.02     -0.04489
  2.04     -0.04534
  2.06     -0.04579
  2.08     -0.04626
  2.10     -0.04604
  2.12     -0.04495
  2.14     -0.04076
  2.16     -0.03335
  2.18     -0.02139
  2.20     -0.00435
  2.22      0.01620
  2.24      0.04080
  2.26      0.06087
  2.28      0.07669
  2.30      0.09203
  2.32      0.10750
  2.34      0.10985
  2.36      0.11449
  2.38      0.11840
  2.40      0.11769
  2.42      0.10733
  2.44      0.09922
  2.46      0.09028
  2.48      0.08387
  2.50      0.07647
  2.52      0.06949
  2.54      0.06174
  2.56      0.05635
  2.58      0.05185
  2.60      0.06607
  2.62      0.09732
  2.64      0.14412
  2.66      0.18239
  2.68      0.22234
  2.70      0.22839
  2.72      0.21185
  2.74      0.18042
  2.76      0.14446
  2.78      0.09973
  2.80      0.06246
  2.82      0.03355
  2.84      0.00361
  2.86     -0.01787
  2.88     -0.03516
  2.90     -0.04470
  2.92     -0.05260
  2.94     -0.05498
  2.96     -0.05627
  2.98     -0.05879
  3.00     -0.05957
  3.02     -0.05956
  3.04     -0.06134
  3.06     -0.06171
  3.08     -0.06007
  3.10     -0.05843
  3.12     -0.05876
  3.14     -0.05677
  3.16     -0.05801
  3.18     -0.05858
  3.20     -0.05799
  3.22     -0.05704
  3.24     -0.05772
  3.26     -0.05663
  3.28     -0.05607
  3.30     -0.05645
  3.32     -0.05717
  3.34     -0.05546
  3.36     -0.05199
  3.38     -0.05013
  3.40     -0.05072
  3.42     -0.04778
  3.44     -0.04771
  3.46     -0.04738
  3.48     -0.04619
  3.50     -0.04430
  3.52     -0.04622
  3.54     -0.04419
  3.56     -0.04417
  3.58     -0.04450
  3.60     -0.04105
  3.62     -0.04110
  3.64     -0.04357
  3.66     -0.03930
  3.68     -0.03483
  3.70     -0.03476
  3.72     -0.02873
  3.74     -0.02177
  3.76     -0.01156
  3.78     -0.00040
  3.80      0.01426
  3.82      0.02048
  3.84      0.02584
  3.86      0.02571
  3.88      0.02116
  3.90      0.01660
  3.92      0.01356
  3.94      0.01257
  3.96      0.00480
  3.98      0.00084
  4.00     -0.00580
  4.02     -0.00210
  4.04     -0.00439
  4.06     -0.00343
  4.08     -0.00243
  4.10     -0.00466
  4.12     -0.00851
  4.14     -0.01169
  4.16     -0.01165
  4.18     -0.01494
  4.20     -0.01553
  4.22     -0.01958
  4.24     -0.01608
  4.26     -0.01676
  4.28     -0.01384
  4.30     -0.01131
  4.32     -0.00574
  4.34     -0.00432
  4.36     -0.00190
  4.38      0.00378
  4.40      0.00880
  4.42      0.00751
  4.44      0.01194
  4.46      0.01680
  4.48      0.01658
  4.50      0.02259
  4.52      0.03514
  4.54      0.03750
  4.56      0.04685
  4.58      0.06298
  4.60      0.07987
  4.62      0.09715
  4.64      0.11904
  4.66      0.14087
  4.68      0.15673
  4.70      0.16529
  4.72      0.15834
  4.74      0.14326
  4.76      0.12955
  4.78      0.10263
  4.80      0.07315
  4.82      0.05586
  4.84      0.04087
  4.86      0.01366
  4.88      0.00179
  4.90     -0.01132
  4.92     -0.02244
  4.94     -0.03016
  4.96     -0.03364
  4.98     -0.04068
  5.00     -0.04031
  5.02     -0.04198
  5.04     -0.04264
  5.06     -0.04480
  5.08     -0.04585
  5.10     -0.04569
  5.12     -0.04756
  5.14     -0.04889
  5.16     -0.05020
  5.18     -0.04897
  5.20     -0.05242
  5.22     -0.05237
  5.24     -0.05281
  5.26     -0.05028
  5.28     -0.04799
  5.30     -0.03867
  5.32     -0.02886
  5.34     -0.01921
  5.36     -0.00787
  5.38     -0.00048
  5.40      0.00088
  5.42      0.00206
  5.44      0.00645
  5.46      0.00188
  5.48     -0.00064
  5.50     -0.00521
  5.52     -0.01330
  5.54     -0.02005
  5.56     -0.02522
  5.58     -0.02771
  5.60     -0.03028
  5.62     -0.02933
  5.64     -0.03591
  5.66     -0.03776
  5.68     -0.04143
  5.70     -0.04202
  5.72     -0.04113
  5.74     -0.03730
  5.76     -0.03399
  5.78     -0.03335
  5.80     -0.03030
  5.82     -0.02931
  5.84     -0.02875
  5.86     -0.02843
  5.88     -0.02122
  5.90     -0.01610
  5.92     -0.00941
  5.94     -0.00108
  5.96      0.01106
  5.98      0.02256
  6.00      0.03507
  6.02      0.05311
  6.04      0.07054
  6.06      0.08094
  6.08      0.08296
  6.10      0.08835
  6.12      0.08145
  6.14      0.06990
  6.16      0.05489
  6.18      0.04330
  6.20      0.02414
  6.22      0.01086
  6.24     -0.00141
  6.26     -0.00853
  6.28     -0.01523
  6.30     -0.01984
  6.32     -0.02577
  6.34     -0.02749
  6.36     -0.02985
  6.38     -0.02973
  6.40     -0.02805
  6.42     -0.02656
  6.44     -0.02581
  6.46     -0.02493
  6.48     -0.02154
  6.50     -0.01788
  6.52     -0.01694
  6.54     -0.01303
  6.56     -0.00753
  6.58     -0.00508
  6.60     -0.00242
  6.62      0.00338
  6.64      0.00777
  6.66      0.01348
  6.68      0.01113
  6.70      0.00799
  6.72      0.00736
  6.74      0.00643
  6.76      0.00196
  6.78      0.00551
  6.80      0.00633
  6.82      0.00522
  6.84      0.00478
  6.86      0.00614
  6.88      0.00266
  6.90      0.00480
  6.92      0.00584
  6.94      0.00379
  6.96      0.00312
  6.98      0.00522
  7.00      0.00464
  7.02      0.00850
  7.04      0.00736
  7.06      0.01524
  7.08      0.02299
  7.10      0.03082
  7.12      0.03859
  7.14      0.05366
  7.16      0.06615
  7.18      0.07242
  7.20      0.08093
  7.22      0.07263
  7.24      0.06323
  7.26      0.05200
  7.28      0.04002
  7.30      0.02628
  7.32      0.02051
  7.34      0.01100
  7.36     -0.00564
  7.38     -0.01474
  7.40     -0.02732
  7.42     -0.03322
  7.44     -0.03516
  7.46     -0.03813
  7.48     -0.03975
  7.50     -0.03947
  7.52     -0.03911
  7.54     -0.04099
  7.56     -0.04151
  7.58     -0.04115
  7.60     -0.03983
  7.62     -0.03853
  7.64     -0.03570
  7.66     -0.03312
  7.68     -0.03085
  7.70     -0.02819
  7.72     -0.02602
  7.74     -0.02211
  7.76     -0.01587
  7.78     -0.01632
  7.80     -0.01518
  7.82     -0.01602
  7.84     -0.01809
  7.86     -0.01945
  7.88     -0.01506
  7.90     -0.01350
  7.92     -0.01195
  7.94     -0.01064
  7.96     -0.00998
  7.98     -0.00787
  8.00     -0.00348
  8.02      0.00144
  8.04      0.00341
  8.06      0.00745
  8.08      0.01058
  8.10      0.01761
  8.12      0.02814
  8.14      0.03713
  8.16      0.04410
  8.18      0.04911
  8.20      0.04592
  8.22      0.03620
  8.24      0.03279
  8.26      0.02920
  8.28      0.02220
  8.30      0.01484
  8.32      0.01237
  8.34      0.00615
  8.36     -0.00191
  8.38     -0.00646
  8.40     -0.00832
  8.42     -0.01296
  8.44     -0.01081
  8.46     -0.01027
  8.48     -0.00857
  8.50     -0.00184
  8.52      0.00179
  8.54      0.00272
  8.56      0.00502
  8.58      0.00793
  8.60      0.00576
  8.62      0.00556
  8.64      0.00684
  8.66      0.00851
  8.68      0.00552
  8.70      0.00284
  8.72      0.00186
  8.74     -0.00364
  8.76     -0.00750
  8.78     -0.00888
  8.80     -0.01147
  8.82     -0.01326
  8.84     -0.01269
  8.86     -0.01173
  8.88     -0.01025
  8.90     -0.00796
  8.92     -0.00446
  8.94     -0.00312
  8.96     -0.00041
  8.98      0.00385
  9.00      0.00782
  9.02      0.01070
  9.04      0.00938
  9.06      0.01006
  9.08      0.00718
  9.10      0.00524
  9.12      0.00307
  9.14      0.00653
  9.16      0.00248
  9.18     -0.00098
  9.20     -0.00165
  9.22     -0.00375
  9.24     -0.00672
  9.26     -0.00672
  9.28     -0.00335
  9.30     -0.00137
  9.32     -0.00149
  9.34      0.00101
  9.36      0.00323
  9.38      0.00572
  9.40      0.00598
  9.42      0.01042
  9.44      0.01060
  9.46      0.01253
  9.48      0.01046
  9.50      0.00949
  9.52      0.00515
  9.54      0.00411
  9.56      0.00391
  9.58      0.00537
  9.60      0.00339
  9.62      0.00493
  9.64      0.00455
  9.66      0.00393
  9.68     -0.00039
  9.70     -0.00015
  9.72      0.00698
  9.74      0.01137
  9.76      0.01449
  9.78      0.02265
  9.80      0.02698
  9.82      0.02072
  9.84      0.02484
  9.86      0.02151
  9.88      0.01916
  9.90      0.01816
  9.92      0.01756
  9.94      0.00622
  9.96      0.00513
  9.98     -0.00089
 10.00     -0.00717
 10.02     -0.01234
 10.04     -0.01399
 10.06     -0.01774
 10.08     -0.01892
 10.10     -0.02028
 10.12     -0.01809
 10.14     -0.01562
 10.16     -0.01506
 10.18     -0.01260
 10.20     -0.00935
 10.22     -0.01141
 10.24     -0.01275
 10.26     -0.01005
 10.28     -0.00803
 10.30     -0.00599
 10.32     -0.00271
 10.34     -0.00105
 10.36     -0.00416
 10.38     -0.00610
 10.40     -0.00721
 10.42     -0.00512
 10.44     -0.00500
 10.46     -0.00482
 10.48     -0.00404
 10.50     -0.00430
 10.52     -0.00460
 10.54     -0.00209
 10.56      0.00310
 10.58      0.00491
 10.60      0.00440
 10.62      0.00419
 10.64      0.00149
 10.66     -0.00060
 10.68     -0.00145
 10.70     -0.00412
 10.72     -0.00398
 10.74     -0.00254
 10.76     -0.00749
 10.78     -0.00969
 10.80     -0.01051
 10.82     -0.00988
 10.84     -0.01027
 10.86     -0.00630
 10.88     -0.00542
 10.90      0.00063
 10.92     -0.00293
 10.94     -0.00210
 10.96     -0.00057
 10.98      0.00199
 11.00     -0.00142
 11.02      0.00242
 11.04      0.00235
 11.06      0.00398
 11.08      0.00147
 11.10      0.00368
 11.12      0.00342
 11.14      0.00503
 11.16      0.00341
 11.18      0.00607
 11.20      0.00745
 11.22      0.00808
 11.24      0.01047
 11.26      0.01233
 11.28      0.01344
 11.30      0.01221
 11.32      0.01373
 11.34      0.01066
 11.36      0.00952
 11.38      0.00689
 11.40      0.01024
 11.42      0.01106
 11.44      0.00941
 11.46      0.00936
 11.48      0.01159
 11.50      0.00971
 11.52      0.00586
 11.54      0.00967
 11.56      0.01194
 11.58      0.01209
 11.60      0.01085
 11.62      0.01428
 11.64      0.01168
 11.66      0.00873
 11.68      0.00746
 11.70      0.00786
 11.72      0.00397
 11.74      0.00480
 11.76      0.00464
 11.78      0.00321
 11.80      0.00320
 11.82      0.00316
 11.84      0.00171
 11.86      0.00139
 11.88      0.00297
 11.90      0.00119
 11.92      0.00202
 11.94      0.00166
 11.96      0.00316
 11.98      0.00399
 12.00      0.00583
 12.02      0.00479
 12.04      0.00464
 12.06      0.00196
 12.08     -0.00138
 12.10     -0.00445
 12.12     -0.00830
 12.14     -0.01063
 12.16     -0.01100
 12.18     -0.01208
 12.20     -0.01092
 12.22     -0.01007
 12.24     -0.00860
 12.26     -0.00799
 12.28     -0.00722
 12.30     -0.00658
 12.32     -0.00571
 12.34     -0.00506
 12.36     -0.00473
 12.38     -0.00590
 12.40     -0.00543
 12.42     -0.00325
 12.44     -0.00463
 12.46     -0.00459
 12.48     -0.00489
 12.50     -0.00385
 12.52     -0.00458
 12.54     -0.00364
 12.56     -0.00518
 12.58     -0.00536
 12.60     -0.00843
 12.62     -0.00915
 12.64     -0.00812
 12.66     -0.00558
 12.68     -0.00422
 12.70     -0.00310
 12.72     -0.00274
 12.74     -0.00354
 12.76     -0.00607
 12.78     -0.00737
 12.80     -0.00889
 12.82     -0.00711
 12.84     -0.00636
 12.86     -0.00659
 12.88     -0.00533
 12.90     -0.00372
 12.92     -0.00348
 12.94     -0.00388
 12.96     -0.00211
 12.98     -0.00109
 13.00      0.00140
 13.02      0.00061
 13.04      0.00152
 13.06      0.00386
 13.08      0.00512
 13.10      0.00299
 13.12      0.00239
 13.14      0.00071
 13.16     -0.00071
 13.18     -0.00192
 13.20     -0.00213
 13.22      0.00013
 13.24      0.00580
 13.26      0.00696
 13.28      0.00818
 13.30      0.00908
 13.32      0.01056
 13.34      0.00707
 13.36      0.00677
 13.38      0.00654
 13.40      0.00747
 13.42      0.00486
 13.44      0.00569
 13.46      0.00604
 13.48      0.00696
 13.50      0.00744
 13.52      0.00956
 13.54      0.01331
 13.56      0.01185
 13.58      0.01233
 13.60      0.01495
 13.62      0.01543
 13.64      0.01344
 13.66      0.01497
 13.68      0.01404
 13.70      0.01121
 13.72      0.00973
 13.74      0.00738
 13.76      0.00508
 13.78      0.00254
 13.80      0.00274
 13.82      0.00282
 13.84      0.00221
 13.86      0.00451
 13.88      0.00591
 13.90      0.00623
 13.92      0.00663
 13.94      0.00696
 13.96      0.00755
 13.98      0.00790
 14.00      0.00457
 14.02      0.00331
 14.04      0.00375
 14.06      0.00184
 14.08      0.00069
 14.10      0.00050
 14.12     -0.00237
 14.14     -0.00432
 14.16     -0.00774
 14.18     -0.00689
 14.20     -0.00800
 14.22     -0.00708
 14.24     -0.00873
 14.26     -0.00750
 14.28     -0.01012
 14.30     -0.01112
 14.32     -0.01252
 14.34     -0.01137
 14.36     -0.01225
 14.38     -0.01155
 14.40     -0.01018
 14.42     -0.00672
 14.44     -0.00805
 14.46     -0.00808
 14.48     -0.00736
 14.50     -0.00615
 14.52     -0.00763
 14.54     -0.00652
 14.56     -0.00564
 14.58     -0.00403
 14.60     -0.00402
 14.62     -0.00354
 14.64     -0.00256
 14.66     -0.00230
 14.68     -0.00475
 14.70     -0.00322
 14.72     -0.00366
 14.74     -0.00282
 14.76     -0.00156
 14.78      0.00088
 14.80      0.00187
 14.82      0.00156
 14.84      0.00241
 14.86      0.00253
 14.88      0.00042
 14.90     -0.00171
 14.92     -0.00202
 14.94     -0.00296
 14.96     -0.00509
 14.98     -0.00353
 15.00     -0.00401
 15.02     -0.00257
 15.04     -0.00354
 15.06     -0.00084
 15.08      0.00003
 15.10      0.00008
 15.12     -0.00039
 15.14      0.00133
 15.16      0.00119
 15.18      0.00120
 15.20      0.00184
 15.22      0.00291
 15.24      0.00188
 15.26      0.00401
 15.28      0.00525
 15.30      0.00556
 15.32      0.00598
 15.34      0.00858
 15.36      0.00701
 15.38      0.00519
 15.40      0.00554
 15.42      0.00714
 15.44      0.00533
 15.46      0.00453
 15.48      0.00496
 15.50      0.00475
 15.52      0.00215
 15.54      0.00324
 15.56      0.00367
 15.58      0.00339
 15.60      0.00505
 15.62      0.00685
 15.64      0.00602
 15.66      0.00682
 15.68      0.00698
 15.70      0.00466
 15.72      0.00278
 15.74      0.00325
 15.76      0.00237
 15.78      0.00131
 15.80      0.00338
 15.82      0.00196
 15.84      0.00118
 15.86      0.00040
 15.88      0.00213
 15.90      0.00136
 15.92      0.00325
 15.94      0.00266
 15.96      0.00159
 15.98      0.00133
 16.00      0.00373
 16.02      0.00248
 16.04      0.00367
 16.06      0.00646
 16.08      0.00492
 16.10      0.00185
 16.12      0.00127
 16.14     -0.00013
 16.16     -0.00254
 16.18     -0.00153
 16.20     -0.00161
 16.22     -0.00222
 16.24     -0.00245
 16.26     -0.00242
 16.28     -0.00189
 16.30     -0.00236
 16.32     -0.00093
 16.34     -0.00148
 16.36     -0.00262
 16.38     -0.00359
 16.40     -0.00483
 16.42     -0.00577
 16.44     -0.00536
 16.46     -0.00393
 16.48     -0.00506
 16.50     -0.00303
 16.52     -0.00313
 16.54     -0.00303
 16.56     -0.00439
 16.58     -0.00313
 16.60     -0.00443
 16.62     -0.00380
 16.64     -0.00283
 16.66     -0.00120
 16.68     -0.00314
 16.70     -0.00247
 16.72     -0.00184
 16.74     -0.00290
 16.76     -0.00212
 16.78     -0.00110
 16.80     -0.00090
 16.82     -0.00092
 16.84     -0.00182
 16.86     -0.00201
 16.88     -0.00173
 16.90     -0.00227
 16.92     -0.00464
 16.94     -0.00380
 16.96     -0.00529
 16.98     -0.00454
 17.00     -0.00352
 17.02     -0.00184
 17.04     -0.00211
 17.06     -0.00106
 17.08     -0.00231
 17.10     -0.00252
 17.12     -0.00176
 17.14      0.00057
 17.16      0.00115
 17.18      0.00305
 17.20      0.00160
 17.22      0.00165
 17.24      0.00142
 17.26      0.00152
 17.28     -0.00034
 17.30      0.00076
 17.32      0.00065
 17.34      0.00061
 17.36     -0.00071
 17.38      0.00120
 17.40      0.00097
 17.42      0.00132
 17.44      0.00011
 17.46     -0.00003
 17.48     -0.00015
 17.50     -0.00015
 17.52      0.00150
 17.54      0.00283
 17.56      0.00345
 17.58      0.00310
 17.60      0.00336
 17.62      0.00261
 17.64      0.00130
 17.66      0.00150
 17.68      0.00172
 17.70      0.00204
 17.72      0.00146
 17.74      0.00251
 17.76      0.00184
 17.78      0.00073
 17.80      0.00108
 17.82      0.00051
 17.84     -0.00114
 17.86      0.00031
 17.88      0.00088
 17.90      0.00074
 17.92      0.00016
 17.94      0.00111
 17.96      0.00105
 17.98      0.00162
 18.00      0.00121
 18.02      0.00279
 18.04      0.00254
 18.06      0.00251
 18.08      0.00209
 18.10      0.00249
 18.12      0.00294
 18.14      0.00400
 18.16      0.00401
 18.18      0.00458
 18.20      0.00476
 18.22      0.00311
 18.24      0.00217
 18.26      0.00127
 18.28      0.00010
 18.30     -0.00016
 18.32      0.00078
 18.34     -0.00013
 18.36      0.00011
 18.38      0.00142
 18.40      0.00189
 18.42      0.00040
 18.44      0.00126
 18.46      0.00162
 18.48     -0.00023
 18.50     -0.00061
 18.52      0.00096
 18.54     -0.00002
 18.56      0.00062
 18.58      0.00131
 18.60      0.00064
 18.62     -0.00061
 18.64     -0.00080
 18.66     -0.00287
 18.68     -0.00287
 18.70     -0.00325
 18.72     -0.00398
 18.74     -0.00340
 18.76     -0.00329
 18.78     -0.00395
 18.80     -0.00400
 18.82     -0.00405
 18.84     -0.00407
 18.86     -0.00314
 18.88     -0.00330
 18.90     -0.00386
 18.92     -0.00351
 18.94     -0.00327
 18.96     -0.00389
 18.98     -0.00318
 19.00     -0.00241
 19.02     -0.00196
 19.04     -0.00235
 19.06     -0.00255
 19.08     -0.00328
 19.10     -0.00348
 19.12     -0.00369
 19.14     -0.00441
 19.16     -0.00294
 19.18     -0.00240
 19.20     -0.00294
 19.22     -0.00270
 19.24     -0.00165
 19.26     -0.00287
 19.28     -0.00279
 19.30     -0.00232
 19.32     -0.00194
 19.34     -0.00235
 19.36     -0.00224
 19.38     -0.00166
 19.40     -0.00089
 19.42     -0.00083
 19.44     -0.00019
 19.46      0.00048
 19.48      0.00007
 19.50      0.00033
 19.52     -0.00084
 19.54     -0.00095
 19.56     -0.00094
 19.58      0.00075
 19.60      0.00119
 19.62      0.00267
 19.64      0.00343
 19.66      0.00357
 19.68      0.00170
 19.70      0.00173
 19.72      0.00131
 19.74      0.00103
 19.76      0.00065
 19.78      0.00107
 19.80      0.00020
 19.82      0.00027
 19.84     -0.00025
 19.86     -0.00045
 19.88      0.00050
 19.90      0.00131
 19.92      0.00111
 19.94      0.00150
 19.96      0.00226
 19.98      0.00131
 20.00      0.00070
 20.02      0.00054
 20.04      0.00059
 20.06     -0.00019
 20.08     -0.00052
 20.10     -0.00137
 20.12     -0.00139
 20.14     -0.00147
 20.16     -0.00159
 20.18     -0.00152
 20.20     -0.00058
 20.22     -0.00097
 20.24     -0.00176
 20.26     -0.00119
 20.28     -0.00082
 20.30     -0.00144
 20.32     -0.00078
 20.34     -0.00062
 20.36     -0.00110
 20.38     -0.00156
 20.40     -0.00077
 20.42     -0.00139
 20.44     -0.00185
 20.46     -0.00131
 20.48     -0.00145
 20.50     -0.00165
 20.52     -0.00025
 20.54      0.00058
 20.56     -0.00008
 20.58      0.00065
 20.60     -0.00005
 20.62     -0.00038
 20.64     -0.00036
 20.66     -0.00055
 20.68     -0.00071
 20.70     -0.00059
 20.72     -0.00098
 20.74     -0.00129
 20.76     -0.00056
 20.78     -0.00050
 20.80     -0.00031
 20.82     -0.00016
 20.84     -0.00072
 20.86     -0.00092
 20.88     -0.00119
 20.90     -0.00049
 20.92     -0.00132
 20.94     -0.00075
 20.96     -0.00089
 20.98     -0.00050
 21.00     -0.00113
 21.02     -0.00152
 21.04     -0.00059
 21.06      0.00002
 21.08     -0.00065
 21.10     -0.00084
 21.12     -0.00035
 21.14     -0.00109
 21.16     -0.00116
 21.18     -0.00097
 21.20     -0.00089
 21.22     -0.00050
 21.24     -0.00068
 21.26     -0.00089
 21.28     -0.00082
 21.30     -0.00031
 21.32      0.00029
 21.34      0.00068
 21.36      0.00074
 21.38      0.00055
 21.40     -0.00005
 21.42     -0.00088
 21.44     -0.00126
 21.46     -0.00124
 21.48     -0.00075
 21.50     -0.00038
 21.52     -0.00007
 21.54      0.00021
 21.56      0.00029
 21.58      0.00038
 21.60      0.00004
 21.62      0.00033
 21.64      0.00031
 21.66      0.00010
 21.68      0.00048
 21.70      0.00044
 21.72      0.00039
 21.74      0.00059
 21.76      0.00074
 21.78      0.00055
 21.80      0.00102
 21.82      0.00074
 21.84      0.00059
 21.86      0.00069
 21.88      0.00040
 21.90      0.00069
 21.92      0.00052
 21.94      0.00074
 21.96      0.00061
 21.98      0.00103
 22.00      0.00022
 22.02      0.00039
 22.04     -0.00016
 22.06     -0.00008
 22.08     -0.00051
 22.10      0.00002
 22.12      0.00038
 22.14      0.00067
 22.16      0.00031
 22.18      0.00039
 22.20      0.00045
 22.22      0.00046
 22.24      0.00045
 22.26      0.00022
 22.28      0.00032
 22.30     -0.00043
 22.32     -0.00054
 22.34     -0.00044
 22.36     -0.00000
 22.38     -0.00023
 22.40      0.00074
 22.42      0.00092
 22.44      0.00048
 22.46      0.00044
 22.48      0.00003
 22.50     -0.00059
 22.52     -0.00130
 22.54     -0.00108
 22.56     -0.00090
 22.58     -0.00089
 22.60     -0.00093
 22.62     -0.00061
 22.64     -0.00035
 22.66     -0.00078
 22.68      0.00006
 22.70      0.00002
 22.72     -0.00024
 22.74     -0.00027
 22.76     -0.00051
 22.78     -0.00072
 22.80     -0.00039
 22.82     -0.00045
 22.84     -0.00029
 22.86      0.00015
 22.88     -0.00042
 22.90     -0.00067
 22.92     -0.00071
 22.94     -0.00117
 22.96     -0.00080
 22.98     -0.00064
 23.00     -0.00093
 23.02     -0.00087
 23.04     -0.00121
 23.06     -0.00162
 23.08     -0.00170
 23.10     -0.00106
 23.12     -0.00063
 23.14     -0.00011
 23.16      0.00001
 23.18     -0.00008
 23.20     -0.00014
 23.22     -0.00030
 23.24     -0.00031
 23.26     -0.00061
 23.28     -0.00057
 23.30     -0.00086
 23.32     -0.00099
 23.34     -0.00113
 23.36     -0.00129
 23.38     -0.00142
 23.40     -0.00106
 23.42     -0.00101
 23.44     -0.00053
 23.46     -0.00051
 23.48     -0.00040
 23.50     -0.00043
 23.52      0.00027
 23.54     -0.00059
 23.56     -0.00061
 23.58     -0.00015
 23.60     -0.00048
 23.62     -0.00092
 23.64     -0.00024
 23.66     -0.00008
 23.68     -0.00048
 23.70     -0.00040
 23.72     -0.00058
 23.74     -0.00120
 23.76     -0.00122
 23.78     -0.00115
 23.80     -0.00122
 23.82     -0.00097
 23.84     -0.00034
 23.86     -0.00001
 23.88     -0.00013
 23.90     -0.00019
 23.92     -0.00049
 23.94     -0.00056
 23.96     -0.00122
 23.98     -0.00082
 24.00     -0.00084
 24.02     -0.00101
 24.04     -0.00138
 24.06     -0.00085
 24.08     -0.00111
 24.10     -0.00121
 24.12     -0.00081
 24.14     -0.00008
 24.16     -0.00019
 24.18     -0.00002
 24.20      0.00027
 24.22     -0.00035
 24.24     -0.00043
 24.26     -0.00054
 24.28     -0.00041
 24.30     -0.00006
 24.32      0.00042
 24.34      0.00035
 24.36      0.00065
 24.38      0.00064
 24.40      0.00046
 24.42      0.00023
 24.44      0.00045
 24.46      0.00021
 24.48     -0.00001
 24.50     -0.00006
 24.52      0.00001
 24.54     -0.00057
 24.56     -0.00062
 24.58     -0.00057
 24.60     -0.00065
 24.62     -0.00003
 24.64     -0.00008
 24.66      0.00021
 24.68      0.00042
 24.70      0.00062
 24.72      0.00013
 24.74      0.00049
 24.76      0.00057
 24.78      0.00044
 24.80      0.00032
 24.82      0.00038
 24.84      0.00068
 24.86      0.00056
 24.88      0.00035
 24.90      0.00029
 24.92      0.00009
 24.94     -0.00024
 24.96     -0.00064
 24.98     -0.00005
 25.00     -0.00009
 25.02      0.00020
 25.04     -0.00007
 25.06      0.00041
 25.08     -0.00003
 25.10      0.00006
 25.12     -0.00021
 25.14     -0.00015
 25.16     -0.00013
 25.18     -0.00000
 25.20     -0.00000
 25.22      0.00005
 25.24      0.00032
 25.26      0.00031
 25.28      0.00032
 25.30      0.00026
 25.32      0.00037
 25.34      0.00036
 25.36      0.00015
 25.38      0.00012
 25.40     -0.00011
 25.42      0.00027
 25.44     -0.00011
 25.46      0.00006
 25.48      0.00010
 25.50      0.00042
 25.52      0.00001
 25.54      0.00010
 25.56     -0.00001
 25.58     -0.00022
 25.60     -0.00038
 25.62     -0.00042
 25.64     -0.00046
 25.66     -0.00065
 25.68     -0.00060
 25.70     -0.00074
 25.72     -0.00082
 25.74     -0.00091
 25.76     -0.00104
 25.78     -0.00110
 25.80     -0.00115
 25.82     -0.00132
 25.84     -0.00133
 25.86     -0.00107
 25.88     -0.00106
 25.90     -0.00089
 25.92     -0.00087
 25.94     -0.00065
 25.96     -0.00084
 25.98     -0.00093
 26.00     -0.00099
 26.02     -0.00096
 26.04     -0.00128
 26.06     -0.00121
 26.08     -0.00120
 26.10     -0.00107
 26.12     -0.00107
 26.14     -0.00087
 26.16     -0.00099
 26.18     -0.00092
 26.20     -0.00098
 26.22     -0.00088
 26.24     -0.00094
 26.26     -0.00083
 26.28     -0.00075
 26.30     -0.00083
 26.32     -0.00078
 26.34     -0.00080
 26.36     -0.00081
 26.38     -0.00096
 26.40     -0.00099
 26.42     -0.00119
 26.44     -0.00115
 26.46     -0.00121
 26.48     -0.00112
 26.50     -0.00105
 26.52     -0.00101
 26.54     -0.00104
 26.56     -0.00099
 26.58     -0.00100
 26.60     -0.00101
 26.62     -0.00103
 26.64     -0.00099
 26.66     -0.00090
 26.68     -0.00085
 26.70     -0.00090
 26.72     -0.00083
 26.74     -0.00089
 26.76     -0.00097
 26.78     -0.00112
 26.80     -0.00105
 26.82     -0.00103
 26.84     -0.00101
 26.86     -0.00086
 26.88     -0.00081
 26.90     -0.00084
 26.92     -0.00086
 26.94     -0.00083
 26.96     -0.00094
 26.98     -0.00092
 27.00     -0.00090
 27.02     -0.00081
 27.04     -0.00080
 27.06     -0.00075
 27.08     -0.00074
 27.10     -0.00072
 27.12     -0.00072
 27.14     -0.00070
 27.16     -0.00074
 27.18     -0.00071
 27.20     -0.00072
 27.22     -0.00075
 27.24     -0.00073
 27.26     -0.00070
 27.28     -0.00062
 27.30     -0.00061
 27.32     -0.00058
 27.34     -0.00053
 27.36     -0.00050
 27.38     -0.00054
 27.40     -0.00048
 27.42     -0.00048
 27.44     -0.00047
 27.46     -0.00046
 27.48     -0.00041
 27.50     -0.00042
 27.52     -0.00040
 27.54     -0.00041
 27.56     -0.00039
 27.58     -0.00042
 27.60     -0.00041
 27.62     -0.00036
 27.64     -0.00034
 27.66     -0.00033
 27.68     -0.00031
 27.70     -0.00030
 27.72     -0.00032
 27.74     -0.00031
 27.76     -0.00028
 27.78     -0.00027
 27.80     -0.00026
 27.82     -0.00025
 27.84     -0.00022
 27.86     -0.00023
 27.88     -0.00021
 27.90     -0.00020
 27.92     -0.00019
 27.94     -0.00020
 27.96     -0.00018
 27.98     -0.00017
 28.00     -0.00014
 28.02     -0.00014
 28.04     -0.00013
 28.06     -0.00013
 28.08     -0.00013
 28.10     -0.00013
 28.12     -0.00013
 28.14     -0.00012
 28.16     -0.00011
 28.18     -0.00011
 28.20     -0.00010
 28.22     -0.00010
 28.24     -0.00009
 28.26     -0.00009
 28.28     -0.00008
 28.30     -0.00008
 28.32     -0.00007
 28.34     -0.00007
 28.36     -0.00006
 28.38     -0.00006
 28.40     -0.00006
 28.42     -0.00005
 28.44     -0.00005
 28.46     -0.00005
 28.48     -0.00004
 28.50     -0.00004
 28.52     -0.00004
 28.54     -0.00004
 28.56     -0.00003
 28.58     -0.00003
 28.60     -0.00003
 28.62     -0.00003
 28.64     -0.00003
 28.66     -0.00002
 28.68     -0.00002
 28.70     -0.00002
 28.72     -0.00002
 28.74     -0.00002
 28.76     -0.00002
 28.78     -0.00002
 28.80     -0.00002
 28.82     -0.00001
 28.84     -0.00001
 28.86     -0.00001
 28.88     -0.00001
 28.90     -0.00001
 28.92     -0.00001
 28.94     -0.00001
 28.96     -0.00001
 28.98     -0.00001
 29.00     -0.00001
 29.02     -0.00001
 29.04     -0.00001
 29.06     -0.00001
 29.08     -0.00001
 29.10     -0.00000
 29.12     -0.00000
 29.14     -0.00000
 29.16     -0.00000
 29.18     -0.00000
 29.20     -0.00000
 29.22     -0.00000
 29.24     -0.00000
 29.26     -0.00000
 29.28     -0.00000
 29.30     -0.00000
 29.32     -0.00000
 29.34     -0.00000
 29.36     -0.00000
 29.38     -0.00000
 29.40     -0.00000
 29.42     -0.00000
 29.44     -0.00000
 29.46     -0.00000
 29.48     -0.00000
 29.50     -0.00000
 29.52     -0.00000
 29.54     -0.00000
 29.56     -0.00000
 29.58     -0.00000
 29.60     -0.00000
 29.62     -0.00000
 29.64     -0.00000
 29.66     -0.00000
 29.68     -0.00000
 29.70     -0.00000
 29.72     -0.00000
 29.74     -0.00000
 29.76     -0.00000
 29.78     -0.00000
 29.80     -0.00000
 29.82     -0.00000
 29.84     -0.00000
 29.86     -0.00000
 29.88     -0.00000
 29.90     -0.00000
 29.92     -0.00000
 29.94     -0.00000
 29.96     -0.00000
 29.98     -0.00000
 30.00     -0.00000
 30.02     -0.00000
 30.04     -0.00000
 30.06      0.00000
 30.08      0.00000
 30.10      0.00000
 30.12      0.00000
 30.14      0.00000
 30.16      0.00000
 30.18      0.00000
 30.20      0.00000
 30.22      0.00000
 30.24      0.00000
 30.26      0.00000
 30.28      0.00000
 30.30      0.00000
 30.32      0.00000
 30.34      0.00000
 30.36      0.00000
 30.38      0.00000
 30.40      0.00000
 30.42      0.00000
 30.44      0.00000
 30.46      0.00000
 30.48      0.00000
 30.50      0.00000
 30.52      0.00000
 30.54      0.00000
 30.56      0.00000
 30.58      0.00000
 30.60      0.00000
 30.62      0.00000
 30.64      0.00000
 30.66      0.00000
 30.68      0.00000
 30.70      0.00000
 30.72      0.00000
 30.74      0.00000
 30.76      0.00000
 30.78      0.00000
 30.80      0.00000
 30.82      0.00000
 30.84      0.00000
 30.86      0.00000
 30.88      0.00000
 30.90      0.00000
 30.92      0.00000
 30.94      0.00000
 30.96      0.00000
 30.98      0.00000
 31.00      0.00000
