 #r(A)        G(r)
  0.02      0.00000
  0.04      0.00000
  0.06      0.00000
  0.08      0.00000
  0.10      0.00000
  0.12      0.00000
  0.14      0.00000
  0.16      0.00000
  0.18      0.00000
  0.20      0.00000
  0.22      0.00000
  0.24      0.00000
  0.26      0.00000
  0.28      0.00000
  0.30      0.00000
  0.32      0.00000
  0.34      0.00000
  0.36      0.00000
  0.38     -0.00000
  0.40     -0.00000
  0.42     -0.00000
  0.44     -0.00000
  0.46     -0.00000
  0.48     -0.00001
  0.50     -0.00001
  0.52     -0.00003
  0.54     -0.00005
  0.56     -0.00007
  0.58     -0.00012
  0.60     -0.00018
  0.62     -0.00026
  0.64     -0.00037
  0.66     -0.00051
  0.68     -0.00069
  0.70     -0.00092
  0.72     -0.00118
  0.74     -0.00148
  0.76     -0.00182
  0.78     -0.00219
  0.80     -0.00259
  0.82     -0.00301
  0.84     -0.00344
  0.86     -0.00389
  0.88     -0.00434
  0.90     -0.00480
  0.92     -0.00527
  0.94     -0.00574
  0.96     -0.00622
  0.98     -0.00669
  1.00     -0.00717
  1.02     -0.00766
  1.04     -0.00814
  1.06     -0.00863
  1.08     -0.00912
  1.10     -0.00960
  1.12     -0.01009
  1.14     -0.01058
  1.16     -0.01108
  1.18     -0.01157
  1.20     -0.01206
  1.22     -0.01256
  1.24     -0.01305
  1.26     -0.01355
  1.28     -0.01404
  1.30     -0.01454
  1.32     -0.01503
  1.34     -0.01553
  1.36     -0.01603
  1.38     -0.01652
  1.40     -0.01702
  1.42     -0.01752
  1.44     -0.01802
  1.46     -0.01852
  1.48     -0.01902
  1.50     -0.01952
  1.52     -0.02002
  1.54     -0.02052
  1.56     -0.02103
  1.58     -0.02153
  1.60     -0.02204
  1.62     -0.02255
  1.64     -0.02306
  1.66     -0.02357
  1.68     -0.02408
  1.70     -0.02460
  1.72     -0.02512
  1.74     -0.02564
  1.76     -0.02617
  1.78     -0.02671
  1.80     -0.02725
  1.82     -0.02780
  1.84     -0.02836
  1.86     -0.02893
  1.88     -0.02951
  1.90     -0.03010
  1.92     -0.03070
  1.94     -0.03131
  1.96     -0.03193
  1.98     -0.03255
  2.00     -0.03318
  2.02     -0.03382
  2.04     -0.03445
  2.06     -0.03509
  2.08     -0.03574
  2.10     -0.03639
  2.12     -0.03703
  2.14     -0.03768
  2.16     -0.03834
  2.18     -0.03899
  2.20     -0.03965
  2.22     -0.04030
  2.24     -0.04096
  2.26     -0.04162
  2.28     -0.04228
  2.30     -0.04295
  2.32     -0.04361
  2.34     -0.04404
  2.36     -0.04447
  2.38     -0.04490
  2.40     -0.04439
  2.42     -0.04295
  2.44     -0.04037
  2.46     -0.03457
  2.48     -0.02629
  2.50     -0.01173
  2.52      0.00586
  2.54      0.02887
  2.56      0.05739
  2.58      0.08937
  2.60      0.13535
  2.62      0.17564
  2.64      0.22645
  2.66      0.27854
  2.68      0.30999
  2.70      0.32990
  2.72      0.34410
  2.74      0.33132
  2.76      0.29903
  2.78      0.26486
  2.80      0.21510
  2.82      0.16231
  2.84      0.11486
  2.86      0.07089
  2.88      0.04113
  2.90      0.01415
  2.92     -0.00110
  2.94     -0.01336
  2.96     -0.02069
  2.98     -0.02577
  3.00     -0.03072
  3.02     -0.03491
  3.04     -0.03921
  3.06     -0.04327
  3.08     -0.04711
  3.10     -0.04639
  3.12     -0.04924
  3.14     -0.05075
  3.16     -0.05077
  3.18     -0.05117
  3.20     -0.05288
  3.22     -0.05311
  3.24     -0.05371
  3.26     -0.05486
  3.28     -0.05618
  3.30     -0.05717
  3.32     -0.05816
  3.34     -0.05829
  3.36     -0.05877
  3.38     -0.05857
  3.40     -0.05857
  3.42     -0.05824
  3.44     -0.05827
  3.46     -0.05763
  3.48     -0.05784
  3.50     -0.05791
  3.52     -0.05749
  3.54     -0.05709
  3.56     -0.05574
  3.58     -0.05422
  3.60     -0.05273
  3.62     -0.05142
  3.64     -0.04886
  3.66     -0.04651
  3.68     -0.04291
  3.70     -0.03731
  3.72     -0.02943
  3.74     -0.02209
  3.76     -0.01434
  3.78     -0.00451
  3.80      0.00475
  3.82      0.01060
  3.84      0.01806
  3.86      0.02336
  3.88      0.02487
  3.90      0.02531
  3.92      0.02358
  3.94      0.01596
  3.96      0.00710
  3.98     -0.00198
  4.00     -0.01303
  4.02     -0.02353
  4.04     -0.03146
  4.06     -0.03747
  4.08     -0.04356
  4.10     -0.04917
  4.12     -0.05261
  4.14     -0.05379
  4.16     -0.05691
  4.18     -0.05737
  4.20     -0.05824
  4.22     -0.05774
  4.24     -0.05931
  4.26     -0.05827
  4.28     -0.05928
  4.30     -0.05759
  4.32     -0.05754
  4.34     -0.05549
  4.36     -0.05319
  4.38     -0.04905
  4.40     -0.04261
  4.42     -0.03527
  4.44     -0.02500
  4.46     -0.01880
  4.48     -0.01189
  4.50     -0.00637
  4.52      0.00129
  4.54      0.00653
  4.56      0.01713
  4.58      0.02929
  4.60      0.04699
  4.62      0.06505
  4.64      0.08711
  4.66      0.11088
  4.68      0.13756
  4.70      0.15277
  4.72      0.16602
  4.74      0.16923
  4.76      0.16555
  4.78      0.15364
  4.80      0.13801
  4.82      0.11691
  4.84      0.09944
  4.86      0.07556
  4.88      0.05006
  4.90      0.02798
  4.92      0.01161
  4.94     -0.00609
  4.96     -0.01503
  4.98     -0.02120
  5.00     -0.02381
  5.02     -0.02736
  5.04     -0.02765
  5.06     -0.02851
  5.08     -0.02401
  5.10     -0.01601
  5.12     -0.00570
  5.14      0.00557
  5.16      0.01793
  5.18      0.02992
  5.20      0.04092
  5.22      0.05060
  5.24      0.05480
  5.26      0.06329
  5.28      0.06739
  5.30      0.06653
  5.32      0.06087
  5.34      0.06149
  5.36      0.05620
  5.38      0.04483
  5.40      0.03624
  5.42      0.03192
  5.44      0.02492
  5.46      0.01797
  5.48      0.01351
  5.50      0.00686
  5.52     -0.00165
  5.54     -0.01358
  5.56     -0.02615
  5.58     -0.03601
  5.60     -0.04507
  5.62     -0.05356
  5.64     -0.06125
  5.66     -0.06580
  5.68     -0.06888
  5.70     -0.07174
  5.72     -0.07396
  5.74     -0.07433
  5.76     -0.07602
  5.78     -0.07722
  5.80     -0.07670
  5.82     -0.07560
  5.84     -0.07451
  5.86     -0.07282
  5.88     -0.06900
  5.90     -0.06591
  5.92     -0.06275
  5.94     -0.05863
  5.96     -0.05210
  5.98     -0.04721
  6.00     -0.03964
  6.02     -0.03134
  6.04     -0.01944
  6.06     -0.01105
  6.08     -0.00138
  6.10      0.00499
  6.12      0.01067
  6.14      0.01194
  6.16      0.01492
  6.18      0.01233
  6.20      0.00715
  6.22     -0.00221
  6.24     -0.00920
  6.26     -0.01960
  6.28     -0.02762
  6.30     -0.03133
  6.32     -0.03313
  6.34     -0.03743
  6.36     -0.03684
  6.38     -0.03370
  6.40     -0.03122
  6.42     -0.02675
  6.44     -0.01912
  6.46     -0.01389
  6.48     -0.00755
  6.50      0.00019
  6.52      0.00505
  6.54      0.00968
  6.56      0.01572
  6.58      0.01745
  6.60      0.01950
  6.62      0.02490
  6.64      0.02605
  6.66      0.02317
  6.68      0.02240
  6.70      0.02037
  6.72      0.01495
  6.74      0.01240
  6.76      0.01091
  6.78      0.00546
  6.80      0.00085
  6.82      0.00035
  6.84     -0.00212
  6.86     -0.00365
  6.88      0.00000
  6.90      0.00336
  6.92      0.00542
  6.94      0.00774
  6.96      0.01398
  6.98      0.02276
  7.00      0.02884
  7.02      0.03673
  7.04      0.04593
  7.06      0.05458
  7.08      0.06251
  7.10      0.07338
  7.12      0.08339
  7.14      0.09664
  7.16      0.10805
  7.18      0.11746
  7.20      0.12378
  7.22      0.12855
  7.24      0.12865
  7.26      0.12683
  7.28      0.11601
  7.30      0.10596
  7.32      0.09121
  7.34      0.07137
  7.36      0.05367
  7.38      0.03674
  7.40      0.01860
  7.42      0.00394
  7.44     -0.00437
  7.46     -0.01446
  7.48     -0.02066
  7.50     -0.02798
  7.52     -0.03596
  7.54     -0.04463
  7.56     -0.05319
  7.58     -0.05873
  7.60     -0.06346
  7.62     -0.06549
  7.64     -0.06843
  7.66     -0.07083
  7.68     -0.07301
  7.70     -0.07389
  7.72     -0.07455
  7.74     -0.07377
  7.76     -0.07098
  7.78     -0.06986
  7.80     -0.06673
  7.82     -0.06288
  7.84     -0.05726
  7.86     -0.05317
  7.88     -0.04805
  7.90     -0.04098
  7.92     -0.03563
  7.94     -0.03172
  7.96     -0.03058
  7.98     -0.02523
  8.00     -0.02689
  8.02     -0.02609
  8.04     -0.02781
  8.06     -0.02720
  8.08     -0.02902
  8.10     -0.02683
  8.12     -0.02790
  8.14     -0.02410
  8.16     -0.02207
  8.18     -0.01944
  8.20     -0.01760
  8.22     -0.01377
  8.24     -0.01239
  8.26     -0.01028
  8.28     -0.01282
  8.30     -0.01472
  8.32     -0.01795
  8.34     -0.01880
  8.36     -0.01998
  8.38     -0.01691
  8.40     -0.01287
  8.42     -0.00422
  8.44      0.00136
  8.46      0.00949
  8.48      0.01751
  8.50      0.02748
  8.52      0.03460
  8.54      0.04558
  8.56      0.05700
  8.58      0.06343
  8.60      0.06781
  8.62      0.06926
  8.64      0.06396
  8.66      0.05732
  8.68      0.04974
  8.70      0.04083
  8.72      0.03589
  8.74      0.03100
  8.76      0.02360
  8.78      0.02129
  8.80      0.01734
  8.82      0.00850
  8.84      0.00293
  8.86     -0.00030
  8.88     -0.00440
  8.90     -0.00787
  8.92     -0.00917
  8.94     -0.01014
  8.96     -0.00994
  8.98     -0.00788
  9.00     -0.00594
  9.02     -0.00356
  9.04     -0.00285
  9.06     -0.00127
  9.08     -0.00400
  9.10     -0.00225
  9.12     -0.00146
  9.14      0.00093
  9.16      0.00036
  9.18      0.00260
  9.20      0.00220
  9.22      0.00211
  9.24      0.00239
  9.26      0.00694
  9.28      0.01126
  9.30      0.01219
  9.32      0.01618
  9.34      0.02076
  9.36      0.02479
  9.38      0.02615
  9.40      0.03229
  9.42      0.03372
  9.44      0.03316
  9.46      0.03043
  9.48      0.02792
  9.50      0.02401
  9.52      0.01927
  9.54      0.01663
  9.56      0.00980
  9.58      0.00695
  9.60      0.00163
  9.62     -0.00069
  9.64     -0.00458
  9.66     -0.00541
  9.68     -0.00921
  9.70     -0.01051
  9.72     -0.00995
  9.74     -0.00773
  9.76     -0.00478
  9.78     -0.00022
  9.80      0.00422
  9.82      0.00721
  9.84      0.00794
  9.86      0.00992
  9.88      0.01119
  9.90      0.00788
  9.92      0.00417
  9.94     -0.00011
  9.96     -0.00737
  9.98     -0.01560
 10.00     -0.02081
 10.02     -0.02542
 10.04     -0.03123
 10.06     -0.03667
 10.08     -0.04192
 10.10     -0.04455
 10.12     -0.04799
 10.14     -0.04928
 10.16     -0.04907
 10.18     -0.04812
 10.20     -0.04752
 10.22     -0.04754
 10.24     -0.04735
 10.26     -0.04625
 10.28     -0.04560
 10.30     -0.04436
 10.32     -0.04119
 10.34     -0.03646
 10.36     -0.03119
 10.38     -0.02486
 10.40     -0.01934
 10.42     -0.01383
 10.44     -0.00713
 10.46     -0.00028
 10.48      0.00538
 10.50      0.01275
 10.52      0.01910
 10.54      0.02536
 10.56      0.02790
 10.58      0.03363
 10.60      0.03593
 10.62      0.03488
 10.64      0.03589
 10.66      0.03582
 10.68      0.03159
 10.70      0.03265
 10.72      0.03651
 10.74      0.03252
 10.76      0.03197
 10.78      0.03533
 10.80      0.03402
 10.82      0.03373
 10.84      0.03429
 10.86      0.03458
 10.88      0.03068
 10.90      0.02957
 10.92      0.02629
 10.94      0.02420
 10.96      0.01884
 10.98      0.01462
 11.00      0.00785
 11.02     -0.00053
 11.04     -0.00498
 11.06     -0.00771
 11.08     -0.01176
 11.10     -0.01437
 11.12     -0.01445
 11.14     -0.01696
 11.16     -0.01789
 11.18     -0.01590
 11.20     -0.01523
 11.22     -0.01191
 11.24     -0.01083
 11.26     -0.00960
 11.28     -0.00886
 11.30     -0.00688
 11.32     -0.00797
 11.34     -0.00668
 11.36     -0.00771
 11.38     -0.00977
 11.40     -0.01240
 11.42     -0.01207
 11.44     -0.01277
 11.46     -0.01158
 11.48     -0.00837
 11.50     -0.00361
 11.52     -0.00059
 11.54      0.00566
 11.56      0.01244
 11.58      0.01735
 11.60      0.02460
 11.62      0.02914
 11.64      0.03255
 11.66      0.03641
 11.68      0.03844
 11.70      0.03377
 11.72      0.03104
 11.74      0.02761
 11.76      0.02305
 11.78      0.01986
 11.80      0.01981
 11.82      0.01834
 11.84      0.01771
 11.86      0.01788
 11.88      0.01688
 11.90      0.01598
 11.92      0.01560
 11.94      0.01321
 11.96      0.01004
 11.98      0.00642
 12.00     -0.00225
 12.02     -0.00667
 12.04     -0.01311
 12.06     -0.02127
 12.08     -0.02685
 12.10     -0.02824
 12.12     -0.03355
 12.14     -0.03524
 12.16     -0.03648
 12.18     -0.03968
 12.20     -0.04101
 12.22     -0.04086
 12.24     -0.04154
 12.26     -0.04093
 12.28     -0.03831
 12.30     -0.03686
 12.32     -0.03536
 12.34     -0.03454
 12.36     -0.03132
 12.38     -0.03177
 12.40     -0.03031
 12.42     -0.02871
 12.44     -0.02539
 12.46     -0.02318
 12.48     -0.01711
 12.50     -0.01192
 12.52     -0.00790
 12.54     -0.00488
 12.56     -0.00123
 12.58      0.00311
 12.60      0.00600
 12.62      0.00851
 12.64      0.00950
 12.66      0.01025
 12.68      0.00993
 12.70      0.00852
 12.72      0.00867
 12.74      0.01057
 12.76      0.01022
 12.78      0.00882
 12.80      0.00930
 12.82      0.01196
 12.84      0.01017
 12.86      0.00906
 12.88      0.00887
 12.90      0.00904
 12.92      0.00652
 12.94      0.00850
 12.96      0.00939
 12.98      0.01136
 13.00      0.01247
 13.02      0.01272
 13.04      0.01445
 13.06      0.01770
 13.08      0.01992
 13.10      0.02196
 13.12      0.02400
 13.14      0.02657
 13.16      0.02780
 13.18      0.02952
 13.20      0.03001
 13.22      0.03403
 13.24      0.03421
 13.26      0.03654
 13.28      0.03668
 13.30      0.03784
 13.32      0.03768
 13.34      0.03835
 13.36      0.03657
 13.38      0.03686
 13.40      0.03594
 13.42      0.03185
 13.44      0.02695
 13.46      0.02059
 13.48      0.01348
 13.50      0.00535
 13.52     -0.00156
 13.54     -0.00809
 13.56     -0.01400
 13.58     -0.01939
 13.60     -0.02390
 13.62     -0.02617
 13.64     -0.02700
 13.66     -0.02671
 13.68     -0.02703
 13.70     -0.02602
 13.72     -0.02571
 13.74     -0.02661
 13.76     -0.02623
 13.78     -0.02573
 13.80     -0.02532
 13.82     -0.02699
 13.84     -0.02820
 13.86     -0.02908
 13.88     -0.03050
 13.90     -0.03072
 13.92     -0.02909
 13.94     -0.02664
 13.96     -0.02441
 13.98     -0.01955
 14.00     -0.01580
 14.02     -0.01243
 14.04     -0.00945
 14.06     -0.00540
 14.08     -0.00297
 14.10      0.00012
 14.12      0.00312
 14.14      0.00381
 14.16      0.00594
 14.18      0.00964
 14.20      0.01284
 14.22      0.01621
 14.24      0.01842
 14.26      0.01914
 14.28      0.01762
 14.30      0.01525
 14.32      0.01298
 14.34      0.01464
 14.36      0.01282
 14.38      0.01222
 14.40      0.01216
 14.42      0.01102
 14.44      0.00706
 14.46      0.00433
 14.48      0.00411
 14.50      0.00091
 14.52     -0.00115
 14.54     -0.00262
 14.56     -0.00541
 14.58     -0.01046
 14.60     -0.01300
 14.62     -0.01682
 14.64     -0.02000
 14.66     -0.02221
 14.68     -0.02459
 14.70     -0.02684
 14.72     -0.02855
 14.74     -0.02989
 14.76     -0.02836
 14.78     -0.02861
 14.80     -0.02655
 14.82     -0.02579
 14.84     -0.02499
 14.86     -0.02281
 14.88     -0.02027
 14.90     -0.01858
 14.92     -0.01576
 14.94     -0.01134
 14.96     -0.00871
 14.98     -0.00510
 15.00     -0.00027
 15.02      0.00257
 15.04      0.00548
 15.06      0.00807
 15.08      0.00976
 15.10      0.01001
 15.12      0.01655
 15.14      0.02080
 15.16      0.02572
 15.18      0.03219
 15.20      0.03699
 15.22      0.03955
 15.24      0.04287
 15.26      0.04539
 15.28      0.04725
 15.30      0.04943
 15.32      0.04925
 15.34      0.04952
 15.36      0.04673
 15.38      0.04413
 15.40      0.04140
 15.42      0.03845
 15.44      0.03306
 15.46      0.02886
 15.48      0.02490
 15.50      0.01904
 15.52      0.01285
 15.54      0.00913
 15.56      0.00587
 15.58      0.00063
 15.60     -0.00163
 15.62     -0.00254
 15.64     -0.00456
 15.66     -0.00520
 15.68     -0.00560
 15.70     -0.00696
 15.72     -0.00781
 15.74     -0.00809
 15.76     -0.00749
 15.78     -0.00766
 15.80     -0.00598
 15.82     -0.00611
 15.84     -0.00395
 15.86     -0.00431
 15.88     -0.00348
 15.90     -0.00372
 15.92     -0.00344
 15.94     -0.00613
 15.96     -0.00808
 15.98     -0.00838
 16.00     -0.01105
 16.02     -0.01327
 16.04     -0.01396
 16.06     -0.01538
 16.08     -0.01829
 16.10     -0.02082
 16.12     -0.02328
 16.14     -0.02538
 16.16     -0.02733
 16.18     -0.02842
 16.20     -0.02943
 16.22     -0.02987
 16.24     -0.03074
 16.26     -0.03205
 16.28     -0.03373
 16.30     -0.03286
 16.32     -0.03160
 16.34     -0.03161
 16.36     -0.03069
 16.38     -0.02884
 16.40     -0.02623
 16.42     -0.02357
 16.44     -0.02143
 16.46     -0.01754
 16.48     -0.01312
 16.50     -0.01081
 16.52     -0.00967
 16.54     -0.00511
 16.56     -0.00211
 16.58     -0.00018
 16.60      0.00348
 16.62      0.00745
 16.64      0.00972
 16.66      0.01196
 16.68      0.01298
 16.70      0.01459
 16.72      0.01589
 16.74      0.01650
 16.76      0.01562
 16.78      0.01763
 16.80      0.01627
 16.82      0.01538
 16.84      0.01476
 16.86      0.01524
 16.88      0.01561
 16.90      0.01678
 16.92      0.01682
 16.94      0.01800
 16.96      0.02022
 16.98      0.01838
 17.00      0.01871
 17.02      0.02090
 17.04      0.01980
 17.06      0.01877
 17.08      0.02046
 17.10      0.02047
 17.12      0.02051
 17.14      0.01976
 17.16      0.01927
 17.18      0.01889
 17.20      0.01773
 17.22      0.01240
 17.24      0.01102
 17.26      0.00703
 17.28      0.00294
 17.30     -0.00020
 17.32     -0.00067
 17.34     -0.00293
 17.36     -0.00441
 17.38     -0.00573
 17.40     -0.00726
 17.42     -0.00909
 17.44     -0.01115
 17.46     -0.01151
 17.48     -0.01218
 17.50     -0.01109
 17.52     -0.01104
 17.54     -0.00895
 17.56     -0.00781
 17.58     -0.00694
 17.60     -0.00645
 17.62     -0.00432
 17.64     -0.00317
 17.66     -0.00099
 17.68      0.00181
 17.70      0.00398
 17.72      0.00690
 17.74      0.00949
 17.76      0.01079
 17.78      0.01163
 17.80      0.01201
 17.82      0.01220
 17.84      0.01210
 17.86      0.01265
 17.88      0.01301
 17.90      0.01135
 17.92      0.01074
 17.94      0.01072
 17.96      0.01034
 17.98      0.00688
 18.00      0.00610
 18.02      0.00457
 18.04      0.00227
 18.06     -0.00099
 18.08      0.00006
 18.10     -0.00141
 18.12     -0.00342
 18.14     -0.00578
 18.16     -0.00633
 18.18     -0.00967
 18.20     -0.01233
 18.22     -0.01418
 18.24     -0.01509
 18.26     -0.01793
 18.28     -0.01817
 18.30     -0.01776
 18.32     -0.01809
 18.34     -0.01845
 18.36     -0.01754
 18.38     -0.01653
 18.40     -0.01419
 18.42     -0.01224
 18.44     -0.01037
 18.46     -0.00876
 18.48     -0.00767
 18.50     -0.00679
 18.52     -0.00667
 18.54     -0.00580
 18.56     -0.00611
 18.58     -0.00559
 18.60     -0.00559
 18.62     -0.00582
 18.64     -0.00557
 18.66     -0.00370
 18.68     -0.00458
 18.70     -0.00493
 18.72     -0.00409
 18.74     -0.00298
 18.76     -0.00290
 18.78     -0.00086
 18.80     -0.00050
 18.82      0.00048
 18.84      0.00028
 18.86      0.00069
 18.88      0.00114
 18.90      0.00204
 18.92      0.00215
 18.94      0.00142
 18.96      0.00222
 18.98      0.00017
 19.00      0.00008
 19.02     -0.00059
 19.04      0.00030
 19.06     -0.00169
 19.08     -0.00177
 19.10     -0.00294
 19.12     -0.00172
 19.14     -0.00182
 19.16     -0.00122
 19.18      0.00090
 19.20      0.00171
 19.22      0.00181
 19.24      0.00297
 19.26      0.00374
 19.28      0.00562
 19.30      0.00805
 19.32      0.01005
 19.34      0.01066
 19.36      0.01237
 19.38      0.01093
 19.40      0.01160
 19.42      0.01125
 19.44      0.01190
 19.46      0.01066
 19.48      0.01185
 19.50      0.01104
 19.52      0.01161
 19.54      0.01110
 19.56      0.01303
 19.58      0.01316
 19.60      0.01192
 19.62      0.01119
 19.64      0.01163
 19.66      0.01157
 19.68      0.01011
 19.70      0.01071
 19.72      0.00935
 19.74      0.00933
 19.76      0.00824
 19.78      0.00733
 19.80      0.00643
 19.82      0.00544
 19.84      0.00424
 19.86      0.00358
 19.88      0.00350
 19.90      0.00267
 19.92      0.00292
 19.94      0.00161
 19.96     -0.00031
 19.98     -0.00164
 20.00     -0.00302
 20.02     -0.00444
 20.04     -0.00664
 20.06     -0.00555
 20.08     -0.00603
 20.10     -0.00555
 20.12     -0.00571
 20.14     -0.00497
 20.16     -0.00629
 20.18     -0.00564
 20.20     -0.00508
 20.22     -0.00475
 20.24     -0.00384
 20.26     -0.00365
 20.28     -0.00444
 20.30     -0.00534
 20.32     -0.00530
 20.34     -0.00554
 20.36     -0.00558
 20.38     -0.00607
 20.40     -0.00647
 20.42     -0.00733
 20.44     -0.00825
 20.46     -0.00960
 20.48     -0.00863
 20.50     -0.00917
 20.52     -0.00920
 20.54     -0.00952
 20.56     -0.00878
 20.58     -0.00972
 20.60     -0.00910
 20.62     -0.00938
 20.64     -0.01032
 20.66     -0.00948
 20.68     -0.00988
 20.70     -0.00955
 20.72     -0.00938
 20.74     -0.00837
 20.76     -0.00872
 20.78     -0.00572
 20.80     -0.00503
 20.82     -0.00411
 20.84     -0.00282
 20.86     -0.00247
 20.88     -0.00190
 20.90     -0.00188
 20.92     -0.00122
 20.94     -0.00103
 20.96      0.00116
 20.98      0.00076
 21.00      0.00217
 21.02      0.00247
 21.04      0.00341
 21.06      0.00223
 21.08      0.00333
 21.10      0.00374
 21.12      0.00448
 21.14      0.00470
 21.16      0.00581
 21.18      0.00531
 21.20      0.00544
 21.22      0.00553
 21.24      0.00498
 21.26      0.00543
 21.28      0.00507
 21.30      0.00513
 21.32      0.00492
 21.34      0.00578
 21.36      0.00578
 21.38      0.00581
 21.40      0.00497
 21.42      0.00481
 21.44      0.00504
 21.46      0.00273
 21.48      0.00246
 21.50      0.00301
 21.52      0.00342
 21.54      0.00314
 21.56      0.00348
 21.58      0.00410
 21.60      0.00291
 21.62      0.00220
 21.64      0.00174
 21.66      0.00339
 21.68      0.00351
 21.70      0.00437
 21.72      0.00585
 21.74      0.00633
 21.76      0.00619
 21.78      0.00548
 21.80      0.00639
 21.82      0.00561
 21.84      0.00446
 21.86      0.00405
 21.88      0.00427
 21.90      0.00283
 21.92      0.00269
 21.94      0.00294
 21.96      0.00195
 21.98      0.00185
 22.00      0.00127
 22.02      0.00042
 22.04      0.00029
 22.06     -0.00033
 22.08     -0.00049
 22.10     -0.00127
 22.12     -0.00165
 22.14     -0.00256
 22.16     -0.00242
 22.18     -0.00323
 22.20     -0.00124
 22.22     -0.00020
 22.24     -0.00037
 22.26      0.00072
 22.28      0.00074
 22.30      0.00023
 22.32     -0.00057
 22.34      0.00039
 22.36     -0.00053
 22.38     -0.00002
 22.40      0.00002
 22.42     -0.00001
 22.44     -0.00020
 22.46     -0.00072
 22.48     -0.00168
 22.50     -0.00277
 22.52     -0.00316
 22.54     -0.00293
 22.56     -0.00357
 22.58     -0.00374
 22.60     -0.00431
 22.62     -0.00513
 22.64     -0.00652
 22.66     -0.00612
 22.68     -0.00676
 22.70     -0.00657
 22.72     -0.00726
 22.74     -0.00774
 22.76     -0.00719
 22.78     -0.00787
 22.80     -0.00856
 22.82     -0.00835
 22.84     -0.00752
 22.86     -0.00824
 22.88     -0.00782
 22.90     -0.00693
 22.92     -0.00593
 22.94     -0.00570
 22.96     -0.00484
 22.98     -0.00395
 23.00     -0.00332
 23.02     -0.00272
 23.04     -0.00265
 23.06     -0.00296
 23.08     -0.00289
 23.10     -0.00351
 23.12     -0.00284
 23.14     -0.00214
 23.16     -0.00121
 23.18     -0.00027
 23.20      0.00186
 23.22      0.00222
 23.24      0.00269
 23.26      0.00320
 23.28      0.00424
 23.30      0.00405
 23.32      0.00364
 23.34      0.00410
 23.36      0.00381
 23.38      0.00345
 23.40      0.00304
 23.42      0.00410
 23.44      0.00535
 23.46      0.00649
 23.48      0.00697
 23.50      0.00764
 23.52      0.00763
 23.54      0.00645
 23.56      0.00590
 23.58      0.00500
 23.60      0.00529
 23.62      0.00390
 23.64      0.00377
 23.66      0.00352
 23.68      0.00362
 23.70      0.00214
 23.72      0.00233
 23.74      0.00204
 23.76      0.00110
 23.78      0.00058
 23.80      0.00066
 23.82      0.00068
 23.84      0.00078
 23.86      0.00143
 23.88      0.00160
 23.90      0.00182
 23.92      0.00333
 23.94      0.00325
 23.96      0.00227
 23.98      0.00198
 24.00      0.00108
 24.02     -0.00080
 24.04     -0.00178
 24.06     -0.00187
 24.08     -0.00161
 24.10     -0.00135
 24.12     -0.00113
 24.14     -0.00092
 24.16     -0.00075
 24.18     -0.00095
 24.20     -0.00085
 24.22     -0.00141
 24.24     -0.00115
 24.26     -0.00086
 24.28     -0.00094
 24.30     -0.00104
 24.32     -0.00046
 24.34     -0.00042
 24.36     -0.00098
 24.38     -0.00148
 24.40     -0.00161
 24.42     -0.00192
 24.44     -0.00276
 24.46     -0.00234
 24.48     -0.00213
 24.50     -0.00254
 24.52     -0.00271
 24.54     -0.00203
 24.56     -0.00203
 24.58     -0.00190
 24.60     -0.00145
 24.62     -0.00091
 24.64     -0.00057
 24.66     -0.00005
 24.68      0.00006
 24.70      0.00008
 24.72     -0.00030
 24.74     -0.00088
 24.76     -0.00166
 24.78     -0.00117
 24.80     -0.00065
 24.82     -0.00058
 24.84     -0.00054
 24.86      0.00026
 24.88     -0.00073
 24.90     -0.00145
 24.92     -0.00183
 24.94     -0.00166
 24.96     -0.00194
 24.98     -0.00173
 25.00     -0.00126
 25.02     -0.00051
 25.04     -0.00099
 25.06     -0.00160
 25.08     -0.00227
 25.10     -0.00313
 25.12     -0.00357
 25.14     -0.00408
 25.16     -0.00385
 25.18     -0.00310
 25.20     -0.00245
 25.22     -0.00234
 25.24     -0.00155
 25.26     -0.00188
 25.28     -0.00179
 25.30     -0.00145
 25.32     -0.00129
 25.34     -0.00102
 25.36     -0.00062
 25.38     -0.00083
 25.40     -0.00130
 25.42     -0.00119
 25.44     -0.00084
 25.46      0.00021
 25.48      0.00047
 25.50      0.00064
 25.52      0.00106
 25.54      0.00139
 25.56      0.00069
 25.58      0.00113
 25.60      0.00137
 25.62      0.00117
 25.64      0.00067
 25.66      0.00088
 25.68      0.00129
 25.70      0.00155
 25.72      0.00164
 25.74      0.00128
 25.76      0.00122
 25.78      0.00120
 25.80      0.00109
 25.82      0.00109
 25.84      0.00110
 25.86      0.00108
 25.88      0.00112
 25.90      0.00086
 25.92      0.00057
 25.94      0.00111
 25.96      0.00098
 25.98      0.00051
 26.00      0.00085
 26.02      0.00103
 26.04      0.00087
 26.06      0.00130
 26.08      0.00103
 26.10      0.00072
 26.12      0.00023
 26.14     -0.00026
 26.16     -0.00071
 26.18     -0.00113
 26.20     -0.00079
 26.22     -0.00086
 26.24     -0.00046
 26.26     -0.00045
 26.28      0.00024
 26.30     -0.00010
 26.32      0.00010
 26.34     -0.00034
 26.36     -0.00069
 26.38     -0.00078
 26.40     -0.00089
 26.42     -0.00091
 26.44     -0.00080
 26.46     -0.00060
 26.48     -0.00072
 26.50     -0.00076
 26.52     -0.00070
 26.54     -0.00094
 26.56     -0.00081
 26.58     -0.00083
 26.60     -0.00081
 26.62     -0.00086
 26.64     -0.00075
 26.66     -0.00090
 26.68     -0.00108
 26.70     -0.00135
 26.72     -0.00155
 26.74     -0.00087
 26.76     -0.00092
 26.78     -0.00110
 26.80     -0.00054
 26.82     -0.00035
 26.84     -0.00061
 26.86     -0.00062
 26.88     -0.00017
 26.90     -0.00016
 26.92     -0.00045
 26.94     -0.00076
 26.96     -0.00063
 26.98     -0.00066
 27.00     -0.00100
 27.02     -0.00042
 27.04      0.00022
 27.06      0.00021
 27.08      0.00013
 27.10      0.00040
 27.12      0.00009
 27.14     -0.00037
 27.16     -0.00012
 27.18     -0.00000
 27.20     -0.00018
 27.22     -0.00004
 27.24     -0.00025
 27.26     -0.00041
 27.28     -0.00067
 27.30     -0.00073
 27.32     -0.00076
 27.34     -0.00071
 27.36     -0.00097
 27.38     -0.00099
 27.40     -0.00126
 27.42     -0.00155
 27.44     -0.00145
 27.46     -0.00115
 27.48     -0.00112
 27.50     -0.00103
 27.52     -0.00090
 27.54     -0.00070
 27.56     -0.00099
 27.58     -0.00095
 27.60     -0.00059
 27.62     -0.00031
 27.64     -0.00033
 27.66     -0.00016
 27.68     -0.00012
 27.70     -0.00038
 27.72     -0.00055
 27.74     -0.00061
 27.76     -0.00055
 27.78     -0.00022
 27.80      0.00000
 27.82      0.00031
 27.84      0.00033
 27.86      0.00032
 27.88      0.00010
 27.90     -0.00010
 27.92     -0.00029
 27.94     -0.00030
 27.96     -0.00027
 27.98     -0.00039
 28.00     -0.00030
 28.02     -0.00050
 28.04     -0.00072
 28.06     -0.00086
 28.08     -0.00087
 28.10     -0.00089
 28.12     -0.00088
 28.14     -0.00069
 28.16     -0.00063
 28.18     -0.00071
 28.20     -0.00081
 28.22     -0.00083
 28.24     -0.00110
 28.26     -0.00102
 28.28     -0.00098
 28.30     -0.00090
 28.32     -0.00084
 28.34     -0.00076
 28.36     -0.00103
 28.38     -0.00106
 28.40     -0.00104
 28.42     -0.00115
 28.44     -0.00101
 28.46     -0.00094
 28.48     -0.00105
 28.50     -0.00102
 28.52     -0.00097
 28.54     -0.00108
 28.56     -0.00101
 28.58     -0.00096
 28.60     -0.00106
 28.62     -0.00105
 28.64     -0.00098
 28.66     -0.00098
 28.68     -0.00101
 28.70     -0.00103
 28.72     -0.00099
 28.74     -0.00107
 28.76     -0.00100
 28.78     -0.00096
 28.80     -0.00092
 28.82     -0.00096
 28.84     -0.00090
 28.86     -0.00101
 28.88     -0.00095
 28.90     -0.00089
 28.92     -0.00083
 28.94     -0.00086
 28.96     -0.00082
 28.98     -0.00085
 29.00     -0.00088
 29.02     -0.00085
 29.04     -0.00077
 29.06     -0.00074
 29.08     -0.00069
 29.10     -0.00070
 29.12     -0.00071
 29.14     -0.00068
 29.16     -0.00068
 29.18     -0.00069
 29.20     -0.00064
 29.22     -0.00062
 29.24     -0.00061
 29.26     -0.00061
 29.28     -0.00059
 29.30     -0.00056
 29.32     -0.00052
 29.34     -0.00050
 29.36     -0.00048
 29.38     -0.00046
 29.40     -0.00046
 29.42     -0.00048
 29.44     -0.00048
 29.46     -0.00046
 29.48     -0.00044
 29.50     -0.00042
 29.52     -0.00041
 29.54     -0.00039
 29.56     -0.00037
 29.58     -0.00036
 29.60     -0.00032
 29.62     -0.00031
 29.64     -0.00029
 29.66     -0.00026
 29.68     -0.00025
 29.70     -0.00025
 29.72     -0.00022
 29.74     -0.00021
 29.76     -0.00022
 29.78     -0.00020
 29.80     -0.00019
 29.82     -0.00016
 29.84     -0.00015
 29.86     -0.00014
 29.88     -0.00013
 29.90     -0.00013
 29.92     -0.00016
 29.94     -0.00015
 29.96     -0.00012
 29.98     -0.00009
 30.00     -0.00009
 30.02     -0.00008
 30.04     -0.00007
 30.06     -0.00009
 30.08     -0.00010
 30.10     -0.00008
 30.12     -0.00007
 30.14     -0.00007
 30.16     -0.00006
 30.18     -0.00006
 30.20     -0.00007
 30.22     -0.00007
 30.24     -0.00005
 30.26     -0.00004
 30.28     -0.00004
 30.30     -0.00003
 30.32     -0.00003
 30.34     -0.00005
 30.36     -0.00003
 30.38     -0.00002
 30.40     -0.00002
 30.42     -0.00002
 30.44     -0.00002
 30.46     -0.00003
 30.48     -0.00003
 30.50     -0.00003
 30.52     -0.00003
 30.54     -0.00003
 30.56     -0.00002
 30.58     -0.00002
 30.60     -0.00002
 30.62     -0.00002
 30.64     -0.00002
 30.66     -0.00002
 30.68     -0.00002
 30.70     -0.00002
 30.72     -0.00001
 30.74     -0.00001
 30.76     -0.00001
 30.78     -0.00001
 30.80     -0.00001
 30.82     -0.00001
 30.84     -0.00001
 30.86     -0.00001
 30.88     -0.00001
 30.90     -0.00001
 30.92     -0.00001
 30.94     -0.00001
 30.96     -0.00001
 30.98     -0.00001
 31.00     -0.00001
 31.02     -0.00001
 31.04     -0.00001
 31.06     -0.00001
 31.08     -0.00001
 31.10     -0.00001
 31.12     -0.00001
 31.14     -0.00000
 31.16     -0.00000
 31.18     -0.00000
 31.20     -0.00000
 31.22     -0.00000
 31.24     -0.00000
 31.26     -0.00000
 31.28     -0.00000
 31.30     -0.00000
 31.32     -0.00000
 31.34     -0.00000
 31.36     -0.00000
 31.38     -0.00000
 31.40     -0.00000
 31.42     -0.00000
 31.44     -0.00000
 31.46     -0.00000
 31.48     -0.00000
 31.50     -0.00000
 31.52     -0.00000
 31.54     -0.00000
 31.56     -0.00000
 31.58     -0.00000
 31.60     -0.00000
 31.62     -0.00000
 31.64     -0.00000
 31.66     -0.00000
 31.68     -0.00000
 31.70     -0.00000
 31.72     -0.00000
 31.74     -0.00000
 31.76     -0.00000
 31.78     -0.00000
 31.80     -0.00000
 31.82     -0.00000
 31.84     -0.00000
 31.86     -0.00000
 31.88     -0.00000
 31.90     -0.00000
 31.92     -0.00000
 31.94     -0.00000
 31.96     -0.00000
 31.98     -0.00000
 32.00     -0.00000
