 #r(A)        G(r)
  0.02      0.00000
  0.04      0.00000
  0.06      0.00000
  0.08      0.00000
  0.10     -0.00000
  0.12     -0.00000
  0.14     -0.00000
  0.16     -0.00000
  0.18     -0.00000
  0.20     -0.00000
  0.22     -0.00001
  0.24     -0.00001
  0.26     -0.00002
  0.28     -0.00003
  0.30     -0.00005
  0.32     -0.00006
  0.34     -0.00009
  0.36     -0.00012
  0.38     -0.00016
  0.40     -0.00020
  0.42     -0.00026
  0.44     -0.00032
  0.46     -0.00039
  0.48     -0.00047
  0.50     -0.00056
  0.52     -0.00065
  0.54     -0.00075
  0.56     -0.00087
  0.58     -0.00099
  0.60     -0.00113
  0.62     -0.00128
  0.64     -0.00146
  0.66     -0.00167
  0.68     -0.00192
  0.70     -0.00219
  0.72     -0.00251
  0.74     -0.00287
  0.76     -0.00325
  0.78     -0.00367
  0.80     -0.00411
  0.82     -0.00458
  0.84     -0.00506
  0.86     -0.00556
  0.88     -0.00608
  0.90     -0.00659
  0.92     -0.00712
  0.94     -0.00765
  0.96     -0.00818
  0.98     -0.00871
  1.00     -0.00925
  1.02     -0.00978
  1.04     -0.01032
  1.06     -0.01086
  1.08     -0.01139
  1.10     -0.01193
  1.12     -0.01247
  1.14     -0.01301
  1.16     -0.01355
  1.18     -0.01409
  1.20     -0.01463
  1.22     -0.01517
  1.24     -0.01571
  1.26     -0.01626
  1.28     -0.01680
  1.30     -0.01734
  1.32     -0.01789
  1.34     -0.01844
  1.36     -0.01898
  1.38     -0.01953
  1.40     -0.02008
  1.42     -0.02063
  1.44     -0.02119
  1.46     -0.02174
  1.48     -0.02229
  1.50     -0.02285
  1.52     -0.02341
  1.54     -0.02397
  1.56     -0.02454
  1.58     -0.02510
  1.60     -0.02567
  1.62     -0.02624
  1.64     -0.02681
  1.66     -0.02739
  1.68     -0.02797
  1.70     -0.02856
  1.72     -0.02915
  1.74     -0.02974
  1.76     -0.03034
  1.78     -0.03095
  1.80     -0.03157
  1.82     -0.03220
  1.84     -0.03283
  1.86     -0.03347
  1.88     -0.03412
  1.90     -0.03478
  1.92     -0.03545
  1.94     -0.03613
  1.96     -0.03681
  1.98     -0.03751
  2.00     -0.03821
  2.02     -0.03892
  2.04     -0.03963
  2.06     -0.04026
  2.08     -0.04080
  2.10     -0.04145
  2.12     -0.04174
  2.14     -0.04136
  2.16     -0.04015
  2.18     -0.03905
  2.20     -0.03610
  2.22     -0.03064
  2.24     -0.02667
  2.26     -0.02168
  2.28     -0.01454
  2.30     -0.00870
  2.32     -0.00346
  2.34      0.00441
  2.36      0.01072
  2.38      0.01727
  2.40      0.02306
  2.42      0.02914
  2.44      0.02985
  2.46      0.02883
  2.48      0.02788
  2.50      0.02670
  2.52      0.02566
  2.54      0.02808
  2.56      0.04717
  2.58      0.06429
  2.60      0.09844
  2.62      0.13636
  2.64      0.19307
  2.66      0.22106
  2.68      0.27407
  2.70      0.29340
  2.72      0.29731
  2.74      0.27988
  2.76      0.26962
  2.78      0.23730
  2.80      0.20496
  2.82      0.16974
  2.84      0.13434
  2.86      0.09456
  2.88      0.05018
  2.90      0.02012
  2.92      0.00019
  2.94     -0.02196
  2.96     -0.03309
  2.98     -0.04393
  3.00     -0.05166
  3.02     -0.05808
  3.04     -0.05928
  3.06     -0.06045
  3.08     -0.06124
  3.10     -0.06185
  3.12     -0.06164
  3.14     -0.06173
  3.16     -0.06226
  3.18     -0.06198
  3.20     -0.06155
  3.22     -0.06203
  3.24     -0.06174
  3.26     -0.06125
  3.28     -0.06076
  3.30     -0.06014
  3.32     -0.05935
  3.34     -0.05962
  3.36     -0.05900
  3.38     -0.05873
  3.40     -0.05906
  3.42     -0.05878
  3.44     -0.05712
  3.46     -0.05625
  3.48     -0.05477
  3.50     -0.05396
  3.52     -0.05314
  3.54     -0.05213
  3.56     -0.05164
  3.58     -0.04968
  3.60     -0.04799
  3.62     -0.04419
  3.64     -0.04197
  3.66     -0.03842
  3.68     -0.03629
  3.70     -0.03086
  3.72     -0.02867
  3.74     -0.02009
  3.76     -0.01082
  3.78     -0.00323
  3.80      0.00176
  3.82      0.00908
  3.84      0.00744
  3.86      0.00777
  3.88      0.00978
  3.90      0.01133
  3.92      0.00744
  3.94      0.00944
  3.96      0.00438
  3.98      0.00081
  4.00     -0.00643
  4.02     -0.00914
  4.04     -0.01611
  4.06     -0.02046
  4.08     -0.02872
  4.10     -0.03057
  4.12     -0.03429
  4.14     -0.03485
  4.16     -0.03311
  4.18     -0.03115
  4.20     -0.03006
  4.22     -0.02885
  4.24     -0.02606
  4.26     -0.02494
  4.28     -0.02264
  4.30     -0.02174
  4.32     -0.01844
  4.34     -0.01713
  4.36     -0.01742
  4.38     -0.01655
  4.40     -0.01506
  4.42     -0.01648
  4.44     -0.01825
  4.46     -0.01893
  4.48     -0.01809
  4.50     -0.01500
  4.52     -0.00967
  4.54     -0.00235
  4.56      0.00784
  4.58      0.02105
  4.60      0.03557
  4.62      0.05450
  4.64      0.07548
  4.66      0.09749
  4.68      0.11705
  4.70      0.13002
  4.72      0.14109
  4.74      0.14912
  4.76      0.15552
  4.78      0.15044
  4.80      0.15228
  4.82      0.14179
  4.84      0.12219
  4.86      0.10337
  4.88      0.08653
  4.90      0.05944
  4.92      0.04390
  4.94      0.03146
  4.96      0.01587
  4.98      0.00465
  5.00     -0.00561
  5.02     -0.01992
  5.04     -0.02956
  5.06     -0.03877
  5.08     -0.04561
  5.10     -0.04794
  5.12     -0.04913
  5.14     -0.05115
  5.16     -0.05282
  5.18     -0.05248
  5.20     -0.05360
  5.22     -0.05248
  5.24     -0.05150
  5.26     -0.04921
  5.28     -0.04575
  5.30     -0.03986
  5.32     -0.03209
  5.34     -0.02475
  5.36     -0.01663
  5.38     -0.01138
  5.40     -0.00357
  5.42     -0.00464
  5.44     -0.00118
  5.46      0.00001
  5.48      0.00463
  5.50      0.00500
  5.52      0.01060
  5.54      0.00911
  5.56      0.01027
  5.58      0.00242
  5.60     -0.00283
  5.62     -0.00764
  5.64     -0.01176
  5.66     -0.01999
  5.68     -0.02322
  5.70     -0.02872
  5.72     -0.03509
  5.74     -0.03934
  5.76     -0.04279
  5.78     -0.04466
  5.80     -0.04680
  5.82     -0.04831
  5.84     -0.04623
  5.86     -0.04431
  5.88     -0.03887
  5.90     -0.03273
  5.92     -0.02562
  5.94     -0.01742
  5.96     -0.00770
  5.98     -0.00017
  6.00      0.00831
  6.02      0.01825
  6.04      0.02543
  6.06      0.03162
  6.08      0.03431
  6.10      0.03705
  6.12      0.03687
  6.14      0.03665
  6.16      0.03075
  6.18      0.03196
  6.20      0.03130
  6.22      0.03531
  6.24      0.03487
  6.26      0.04014
  6.28      0.03344
  6.30      0.02912
  6.32      0.01800
  6.34      0.00859
  6.36     -0.00103
  6.38     -0.00678
  6.40     -0.01211
  6.42     -0.01688
  6.44     -0.01940
  6.46     -0.01890
  6.48     -0.01963
  6.50     -0.02122
  6.52     -0.01736
  6.54     -0.01631
  6.56     -0.01648
  6.58     -0.01401
  6.60     -0.00888
  6.62     -0.00776
  6.64     -0.00415
  6.66     -0.00235
  6.68      0.00077
  6.70      0.00147
  6.72      0.00090
  6.74      0.00035
  6.76     -0.00148
  6.78     -0.00478
  6.80     -0.00708
  6.82     -0.00893
  6.84     -0.01101
  6.86     -0.01151
  6.88     -0.01283
  6.90     -0.01660
  6.92     -0.01808
  6.94     -0.02031
  6.96     -0.01926
  6.98     -0.01835
  7.00     -0.01549
  7.02     -0.01414
  7.04     -0.00821
  7.06     -0.00623
  7.08     -0.00368
  7.10      0.00460
  7.12      0.00749
  7.14      0.01769
  7.16      0.02799
  7.18      0.03875
  7.20      0.04341
  7.22      0.05725
  7.24      0.05718
  7.26      0.05555
  7.28      0.05610
  7.30      0.05801
  7.32      0.05231
  7.34      0.05196
  7.36      0.05152
  7.38      0.04917
  7.40      0.04275
  7.42      0.03905
  7.44      0.02756
  7.46      0.02278
  7.48      0.01484
  7.50      0.01073
  7.52      0.00514
  7.54      0.00243
  7.56     -0.00453
  7.58     -0.00793
  7.60     -0.01572
  7.62     -0.02258
  7.64     -0.02581
  7.66     -0.02950
  7.68     -0.03251
  7.70     -0.03869
  7.72     -0.03791
  7.74     -0.03881
  7.76     -0.03792
  7.78     -0.03860
  7.80     -0.03462
  7.82     -0.03608
  7.84     -0.03571
  7.86     -0.03539
  7.88     -0.03457
  7.90     -0.03169
  7.92     -0.02836
  7.94     -0.02768
  7.96     -0.02713
  7.98     -0.02526
  8.00     -0.02329
  8.02     -0.02007
  8.04     -0.01744
  8.06     -0.01387
  8.08     -0.00752
  8.10     -0.00613
  8.12     -0.00147
  8.14      0.00755
  8.16      0.01091
  8.18      0.01420
  8.20      0.01835
  8.22      0.02132
  8.24      0.01783
  8.26      0.02087
  8.28      0.01945
  8.30      0.01737
  8.32      0.01541
  8.34      0.01742
  8.36      0.01698
  8.38      0.01608
  8.40      0.02028
  8.42      0.02043
  8.44      0.01972
  8.46      0.02001
  8.48      0.01650
  8.50      0.01269
  8.52      0.00968
  8.54      0.00629
  8.56     -0.00012
  8.58      0.00110
  8.60     -0.00055
  8.62     -0.00349
  8.64     -0.00296
  8.66     -0.00086
  8.68     -0.00238
  8.70     -0.00123
  8.72     -0.00157
  8.74     -0.00236
  8.76     -0.00001
  8.78      0.00074
  8.80      0.00098
  8.82      0.00415
  8.84      0.00500
  8.86      0.00604
  8.88      0.00617
  8.90      0.00431
  8.92      0.00206
  8.94      0.00170
  8.96      0.00133
  8.98      0.00038
  9.00      0.00341
  9.02      0.00783
  9.04      0.01036
  9.06      0.01092
  9.08      0.01251
  9.10      0.01109
  9.12      0.00778
  9.14      0.00257
  9.16     -0.00281
  9.18     -0.00494
  9.20     -0.00644
  9.22     -0.00584
  9.24     -0.00395
  9.26     -0.00331
  9.28     -0.00549
  9.30     -0.01004
  9.32     -0.01357
  9.34     -0.01698
  9.36     -0.02022
  9.38     -0.02086
  9.40     -0.01814
  9.42     -0.02011
  9.44     -0.01928
  9.46     -0.01917
  9.48     -0.01705
  9.50     -0.01683
  9.52     -0.01468
  9.54     -0.01359
  9.56     -0.00780
  9.58     -0.00668
  9.60     -0.00329
  9.62     -0.00001
  9.64      0.00124
  9.66      0.00077
  9.68      0.00077
  9.70      0.00132
  9.72      0.00505
  9.74      0.00961
  9.76      0.00907
  9.78      0.01249
  9.80      0.01840
  9.82      0.01592
  9.84      0.01601
  9.86      0.01846
  9.88      0.02031
  9.90      0.01582
  9.92      0.01899
  9.94      0.01817
  9.96      0.01602
  9.98      0.01171
 10.00      0.01194
 10.02      0.01213
 10.04      0.01201
 10.06      0.01306
 10.08      0.01502
 10.10      0.01346
 10.12      0.00855
 10.14      0.00601
 10.16      0.00361
 10.18      0.00297
 10.20      0.00053
 10.22      0.00085
 10.24     -0.00111
 10.26     -0.00300
 10.28     -0.00994
 10.30     -0.01317
 10.32     -0.01836
 10.34     -0.02096
 10.36     -0.02335
 10.38     -0.02356
 10.40     -0.02442
 10.42     -0.02429
 10.44     -0.02403
 10.46     -0.02384
 10.48     -0.01915
 10.50     -0.01606
 10.52     -0.01094
 10.54     -0.00864
 10.56     -0.00532
 10.58     -0.00089
 10.60      0.00260
 10.62      0.00608
 10.64      0.01078
 10.66      0.01623
 10.68      0.01678
 10.70      0.01792
 10.72      0.01845
 10.74      0.01945
 10.76      0.01662
 10.78      0.01436
 10.80      0.01430
 10.82      0.01311
 10.84      0.01214
 10.86      0.01355
 10.88      0.01277
 10.90      0.01080
 10.92      0.01257
 10.94      0.00999
 10.96      0.00757
 10.98      0.00535
 11.00      0.00642
 11.02      0.00206
 11.04     -0.00021
 11.06     -0.00113
 11.08      0.00055
 11.10     -0.00128
 11.12     -0.00426
 11.14      0.00061
 11.16     -0.00135
 11.18     -0.00327
 11.20     -0.00205
 11.22      0.00091
 11.24     -0.00277
 11.26     -0.00085
 11.28     -0.00223
 11.30     -0.00290
 11.32     -0.00461
 11.34     -0.00353
 11.36     -0.00320
 11.38     -0.00193
 11.40     -0.00017
 11.42     -0.00057
 11.44      0.00004
 11.46     -0.00112
 11.48     -0.00074
 11.50     -0.00180
 11.52     -0.00149
 11.54     -0.00235
 11.56     -0.00284
 11.58     -0.00411
 11.60     -0.00620
 11.62     -0.00753
 11.64     -0.01210
 11.66     -0.01366
 11.68     -0.01441
 11.70     -0.01387
 11.72     -0.01658
 11.74     -0.01510
 11.76     -0.01371
 11.78     -0.01339
 11.80     -0.01337
 11.82     -0.00811
 11.84     -0.00446
 11.86     -0.00469
 11.88     -0.00168
 11.90     -0.00158
 11.92     -0.00013
 11.94     -0.00198
 11.96      0.00328
 11.98      0.00525
 12.00      0.00716
 12.02      0.00980
 12.04      0.01527
 12.06      0.01534
 12.08      0.01557
 12.10      0.01849
 12.12      0.01534
 12.14      0.01265
 12.16      0.01047
 12.18      0.01005
 12.20      0.00545
 12.22      0.00460
 12.24      0.00227
 12.26      0.00116
 12.28      0.00067
 12.30     -0.00204
 12.32     -0.00309
 12.34     -0.00422
 12.36     -0.00525
 12.38     -0.00837
 12.40     -0.00451
 12.42     -0.00353
 12.44     -0.00354
 12.46     -0.00272
 12.48      0.00036
 12.50     -0.00003
 12.52      0.00027
 12.54      0.00187
 12.56      0.00250
 12.58     -0.00018
 12.60     -0.00227
 12.62     -0.00387
 12.64     -0.00431
 12.66     -0.00680
 12.68     -0.00691
 12.70     -0.00695
 12.72     -0.00654
 12.74     -0.00809
 12.76     -0.00867
 12.78     -0.00738
 12.80     -0.00545
 12.82     -0.00570
 12.84     -0.00279
 12.86     -0.00081
 12.88      0.00061
 12.90      0.00085
 12.92      0.00363
 12.94      0.00584
 12.96      0.00882
 12.98      0.01045
 13.00      0.01296
 13.02      0.01350
 13.04      0.01396
 13.06      0.01573
 13.08      0.01469
 13.10      0.01375
 13.12      0.01240
 13.14      0.01282
 13.16      0.00955
 13.18      0.00913
 13.20      0.00737
 13.22      0.00548
 13.24      0.00256
 13.26      0.00314
 13.28      0.00474
 13.30      0.00489
 13.32      0.00792
 13.34      0.00955
 13.36      0.00955
 13.38      0.00757
 13.40      0.00640
 13.42      0.00719
 13.44      0.00424
 13.46      0.00362
 13.48      0.00349
 13.50      0.00420
 13.52      0.00181
 13.54      0.00201
 13.56      0.00023
 13.58     -0.00351
 13.60     -0.00585
 13.62     -0.00780
 13.64     -0.01128
 13.66     -0.01214
 13.68     -0.00989
 13.70     -0.00892
 13.72     -0.00809
 13.74     -0.00561
 13.76     -0.00393
 13.78     -0.00549
 13.80     -0.00677
 13.82     -0.00668
 13.84     -0.00719
 13.86     -0.00942
 13.88     -0.01071
 13.90     -0.01065
 13.92     -0.01321
 13.94     -0.01360
 13.96     -0.01477
 13.98     -0.01392
 14.00     -0.01410
 14.02     -0.01451
 14.04     -0.01420
 14.06     -0.01256
 14.08     -0.00937
 14.10     -0.00597
 14.12     -0.00154
 14.14     -0.00234
 14.16     -0.00110
 14.18     -0.00354
 14.20     -0.00626
 14.22     -0.00809
 14.24     -0.00534
 14.26     -0.00498
 14.28     -0.00203
 14.30      0.00109
 14.32      0.00298
 14.34      0.00388
 14.36      0.00623
 14.38      0.00866
 14.40      0.01209
 14.42      0.01285
 14.44      0.01502
 14.46      0.01514
 14.48      0.01373
 14.50      0.01087
 14.52      0.01260
 14.54      0.01085
 14.56      0.01285
 14.58      0.01280
 14.60      0.01403
 14.62      0.01423
 14.64      0.01269
 14.66      0.00913
 14.68      0.00792
 14.70      0.00500
 14.72      0.00233
 14.74      0.00150
 14.76      0.00125
 14.78     -0.00020
 14.80     -0.00046
 14.82     -0.00216
 14.84     -0.00286
 14.86     -0.00412
 14.88     -0.00491
 14.90     -0.00656
 14.92     -0.00710
 14.94     -0.00825
 14.96     -0.00846
 14.98     -0.00910
 15.00     -0.00798
 15.02     -0.01004
 15.04     -0.00885
 15.06     -0.00951
 15.08     -0.00956
 15.10     -0.00929
 15.12     -0.00552
 15.14     -0.00379
 15.16     -0.00101
 15.18      0.00232
 15.20      0.00533
 15.22      0.00599
 15.24      0.00637
 15.26      0.00639
 15.28      0.00658
 15.30      0.00565
 15.32      0.00543
 15.34      0.00490
 15.36      0.00382
 15.38      0.00476
 15.40      0.00467
 15.42      0.00607
 15.44      0.00861
 15.46      0.01056
 15.48      0.00950
 15.50      0.00929
 15.52      0.00954
 15.54      0.00876
 15.56      0.00884
 15.58      0.00895
 15.60      0.00891
 15.62      0.00796
 15.64      0.00886
 15.66      0.00798
 15.68      0.00616
 15.70      0.00657
 15.72      0.00621
 15.74      0.00365
 15.76      0.00184
 15.78      0.00196
 15.80      0.00203
 15.82     -0.00081
 15.84     -0.00247
 15.86     -0.00307
 15.88     -0.00460
 15.90     -0.00920
 15.92     -0.01003
 15.94     -0.01193
 15.96     -0.01187
 15.98     -0.01164
 16.00     -0.00937
 16.02     -0.00925
 16.04     -0.00551
 16.06     -0.00452
 16.08     -0.00555
 16.10     -0.00818
 16.12     -0.00747
 16.14     -0.00875
 16.16     -0.00773
 16.18     -0.00594
 16.20     -0.00485
 16.22     -0.00304
 16.24     -0.00315
 16.26     -0.00554
 16.28     -0.00566
 16.30     -0.00402
 16.32     -0.00528
 16.34     -0.00502
 16.36     -0.00433
 16.38     -0.00415
 16.40     -0.00491
 16.42     -0.00523
 16.44     -0.00473
 16.46     -0.00483
 16.48     -0.00306
 16.50     -0.00097
 16.52      0.00125
 16.54      0.00264
 16.56      0.00292
 16.58      0.00222
 16.60      0.00111
 16.62      0.00091
 16.64      0.00177
 16.66      0.00255
 16.68      0.00461
 16.70      0.00521
 16.72      0.00472
 16.74      0.00393
 16.76      0.00369
 16.78     -0.00044
 16.80      0.00036
 16.82      0.00120
 16.84      0.00221
 16.86      0.00280
 16.88      0.00435
 16.90      0.00182
 16.92      0.00127
 16.94      0.00003
 16.96      0.00051
 16.98      0.00096
 17.00      0.00358
 17.02      0.00439
 17.04      0.00511
 17.06      0.00514
 17.08      0.00788
 17.10      0.00695
 17.12      0.00626
 17.14      0.00670
 17.16      0.00623
 17.18      0.00417
 17.20      0.00535
 17.22      0.00440
 17.24      0.00371
 17.26      0.00333
 17.28      0.00184
 17.30     -0.00042
 17.32      0.00000
 17.34     -0.00151
 17.36     -0.00064
 17.38     -0.00062
 17.40     -0.00029
 17.42      0.00032
 17.44     -0.00025
 17.46     -0.00120
 17.48     -0.00035
 17.50     -0.00010
 17.52      0.00035
 17.54     -0.00006
 17.56      0.00090
 17.58     -0.00102
 17.60     -0.00154
 17.62     -0.00185
 17.64     -0.00089
 17.66     -0.00045
 17.68      0.00222
 17.70      0.00259
 17.72      0.00196
 17.74      0.00093
 17.76     -0.00045
 17.78      0.00070
 17.80      0.00167
 17.82      0.00266
 17.84      0.00422
 17.86      0.00583
 17.88      0.00344
 17.90      0.00293
 17.92      0.00275
 17.94      0.00417
 17.96      0.00157
 17.98      0.00027
 18.00      0.00046
 18.02      0.00070
 18.04     -0.00073
 18.06      0.00172
 18.08      0.00392
 18.10      0.00391
 18.12      0.00298
 18.14      0.00213
 18.16     -0.00000
 18.18     -0.00187
 18.20     -0.00383
 18.22     -0.00437
 18.24     -0.00370
 18.26     -0.00268
 18.28     -0.00389
 18.30     -0.00279
 18.32     -0.00269
 18.34     -0.00428
 18.36     -0.00421
 18.38     -0.00247
 18.40     -0.00149
 18.42     -0.00082
 18.44     -0.00115
 18.46     -0.00238
 18.48     -0.00321
 18.50     -0.00452
 18.52     -0.00417
 18.54     -0.00300
 18.56     -0.00312
 18.58     -0.00282
 18.60     -0.00469
 18.62     -0.00668
 18.64     -0.00684
 18.66     -0.00674
 18.68     -0.00595
 18.70     -0.00495
 18.72     -0.00451
 18.74     -0.00511
 18.76     -0.00397
 18.78     -0.00436
 18.80     -0.00231
 18.82     -0.00241
 18.84     -0.00193
 18.86     -0.00225
 18.88     -0.00012
 18.90      0.00040
 18.92      0.00360
 18.94      0.00608
 18.96      0.00616
 18.98      0.00730
 19.00      0.00734
 19.02      0.00633
 19.04      0.00554
 19.06      0.00640
 19.08      0.00438
 19.10      0.00518
 19.12      0.00419
 19.14      0.00416
 19.16      0.00258
 19.18      0.00292
 19.20      0.00194
 19.22      0.00187
 19.24      0.00150
 19.26      0.00158
 19.28      0.00024
 19.30     -0.00199
 19.32     -0.00234
 19.34     -0.00301
 19.36     -0.00214
 19.38     -0.00216
 19.40     -0.00220
 19.42     -0.00163
 19.44     -0.00134
 19.46     -0.00047
 19.48      0.00042
 19.50      0.00271
 19.52      0.00380
 19.54      0.00513
 19.56      0.00510
 19.58      0.00551
 19.60      0.00596
 19.62      0.00470
 19.64      0.00270
 19.66      0.00205
 19.68      0.00133
 19.70     -0.00026
 19.72     -0.00106
 19.74     -0.00043
 19.76     -0.00000
 19.78      0.00079
 19.80      0.00242
 19.82      0.00534
 19.84      0.00380
 19.86      0.00333
 19.88      0.00340
 19.90      0.00164
 19.92      0.00010
 19.94      0.00285
 19.96      0.00296
 19.98      0.00282
 20.00      0.00356
 20.02      0.00226
 20.04      0.00172
 20.06      0.00082
 20.08      0.00082
 20.10     -0.00017
 20.12      0.00058
 20.14      0.00001
 20.16      0.00053
 20.18     -0.00061
 20.20     -0.00234
 20.22     -0.00237
 20.24     -0.00295
 20.26     -0.00374
 20.28     -0.00275
 20.30     -0.00099
 20.32     -0.00173
 20.34     -0.00049
 20.36     -0.00118
 20.38     -0.00217
 20.40     -0.00040
 20.42      0.00039
 20.44     -0.00065
 20.46      0.00081
 20.48      0.00129
 20.50      0.00068
 20.52     -0.00129
 20.54     -0.00261
 20.56     -0.00254
 20.58     -0.00304
 20.60     -0.00476
 20.62     -0.00507
 20.64     -0.00330
 20.66     -0.00519
 20.68     -0.00523
 20.70     -0.00547
 20.72     -0.00449
 20.74     -0.00502
 20.76     -0.00275
 20.78     -0.00238
 20.80     -0.00084
 20.82      0.00165
 20.84      0.00244
 20.86      0.00159
 20.88      0.00211
 20.90      0.00240
 20.92      0.00122
 20.94      0.00240
 20.96      0.00235
 20.98      0.00148
 21.00      0.00158
 21.02      0.00114
 21.04     -0.00066
 21.06     -0.00045
 21.08      0.00029
 21.10     -0.00151
 21.12     -0.00184
 21.14     -0.00173
 21.16     -0.00190
 21.18     -0.00239
 21.20     -0.00122
 21.22      0.00002
 21.24      0.00083
 21.26      0.00194
 21.28      0.00057
 21.30      0.00097
 21.32     -0.00051
 21.34     -0.00115
 21.36     -0.00172
 21.38     -0.00079
 21.40     -0.00090
 21.42      0.00045
 21.44      0.00105
 21.46      0.00184
 21.48      0.00279
 21.50      0.00320
 21.52      0.00286
 21.54      0.00422
 21.56      0.00365
 21.58      0.00311
 21.60      0.00516
 21.62      0.00589
 21.64      0.00326
 21.66      0.00273
 21.68      0.00257
 21.70      0.00025
 21.72     -0.00091
 21.74      0.00054
 21.76      0.00123
 21.78      0.00118
 21.80      0.00129
 21.82      0.00192
 21.84      0.00106
 21.86      0.00004
 21.88      0.00028
 21.90      0.00047
 21.92      0.00134
 21.94      0.00251
 21.96      0.00324
 21.98      0.00419
 22.00      0.00347
 22.02      0.00290
 22.04      0.00062
 22.06      0.00031
 22.08      0.00006
 22.10      0.00148
 22.12      0.00219
 22.14      0.00472
 22.16      0.00411
 22.18      0.00534
 22.20      0.00357
 22.22      0.00093
 22.24     -0.00061
 22.26      0.00056
 22.28     -0.00059
 22.30     -0.00077
 22.32      0.00136
 22.34      0.00122
 22.36     -0.00001
 22.38     -0.00035
 22.40      0.00041
 22.42     -0.00231
 22.44     -0.00192
 22.46     -0.00306
 22.48     -0.00486
 22.50     -0.00502
 22.52     -0.00413
 22.54     -0.00569
 22.56     -0.00509
 22.58     -0.00457
 22.60     -0.00548
 22.62     -0.00473
 22.64     -0.00448
 22.66     -0.00436
 22.68     -0.00465
 22.70     -0.00383
 22.72     -0.00489
 22.74     -0.00485
 22.76     -0.00506
 22.78     -0.00409
 22.80     -0.00357
 22.82     -0.00276
 22.84     -0.00195
 22.86     -0.00242
 22.88     -0.00205
 22.90     -0.00178
 22.92     -0.00153
 22.94     -0.00086
 22.96      0.00132
 22.98      0.00083
 23.00      0.00052
 23.02      0.00024
 23.04      0.00050
 23.06      0.00024
 23.08      0.00031
 23.10      0.00020
 23.12      0.00185
 23.14      0.00188
 23.16      0.00136
 23.18      0.00246
 23.20      0.00299
 23.22      0.00283
 23.24      0.00213
 23.26      0.00361
 23.28      0.00399
 23.30      0.00310
 23.32      0.00289
 23.34      0.00250
 23.36      0.00224
 23.38      0.00144
 23.40      0.00162
 23.42      0.00232
 23.44      0.00233
 23.46      0.00204
 23.48      0.00099
 23.50      0.00086
 23.52     -0.00068
 23.54     -0.00066
 23.56     -0.00113
 23.58     -0.00034
 23.60     -0.00024
 23.62      0.00001
 23.64     -0.00038
 23.66      0.00024
 23.68     -0.00052
 23.70     -0.00120
 23.72     -0.00165
 23.74     -0.00160
 23.76     -0.00266
 23.78     -0.00145
 23.80     -0.00044
 23.82     -0.00039
 23.84      0.00054
 23.86      0.00141
 23.88      0.00064
 23.90      0.00007
 23.92      0.00007
 23.94     -0.00016
 23.96     -0.00041
 23.98     -0.00049
 24.00     -0.00037
 24.02      0.00003
 24.04      0.00006
 24.06      0.00005
 24.08      0.00022
 24.10      0.00095
 24.12      0.00104
 24.14      0.00145
 24.16      0.00133
 24.18      0.00099
 24.20      0.00039
 24.22      0.00028
 24.24     -0.00050
 24.26     -0.00038
 24.28      0.00015
 24.30      0.00109
 24.32      0.00075
 24.34      0.00151
 24.36      0.00118
 24.38      0.00144
 24.40      0.00064
 24.42      0.00093
 24.44      0.00062
 24.46      0.00013
 24.48     -0.00054
 24.50     -0.00128
 24.52     -0.00212
 24.54     -0.00204
 24.56     -0.00156
 24.58     -0.00210
 24.60     -0.00191
 24.62     -0.00149
 24.64     -0.00173
 24.66     -0.00234
 24.68     -0.00246
 24.70     -0.00182
 24.72     -0.00169
 24.74     -0.00216
 24.76     -0.00134
 24.78     -0.00015
 24.80     -0.00074
 24.82     -0.00085
 24.84     -0.00112
 24.86     -0.00203
 24.88     -0.00307
 24.90     -0.00236
 24.92     -0.00269
 24.94     -0.00228
 24.96     -0.00159
 24.98     -0.00099
 25.00     -0.00174
 25.02     -0.00100
 25.04     -0.00139
 25.06     -0.00143
 25.08     -0.00209
 25.10     -0.00210
 25.12     -0.00334
 25.14     -0.00271
 25.16     -0.00237
 25.18     -0.00242
 25.20     -0.00263
 25.22     -0.00238
 25.24     -0.00302
 25.26     -0.00290
 25.28     -0.00201
 25.30     -0.00189
 25.32     -0.00100
 25.34     -0.00017
 25.36     -0.00027
 25.38     -0.00029
 25.40      0.00049
 25.42      0.00061
 25.44      0.00061
 25.46      0.00064
 25.48      0.00061
 25.50      0.00077
 25.52      0.00166
 25.54      0.00107
 25.56      0.00125
 25.58      0.00249
 25.60      0.00235
 25.62      0.00238
 25.64      0.00365
 25.66      0.00398
 25.68      0.00316
 25.70      0.00323
 25.72      0.00252
 25.74      0.00178
 25.76      0.00152
 25.78      0.00101
 25.80      0.00113
 25.82      0.00075
 25.84      0.00111
 25.86      0.00072
 25.88      0.00084
 25.90      0.00054
 25.92      0.00018
 25.94     -0.00044
 25.96     -0.00102
 25.98     -0.00134
 26.00     -0.00160
 26.02     -0.00157
 26.04     -0.00179
 26.06     -0.00147
 26.08     -0.00151
 26.10     -0.00124
 26.12     -0.00111
 26.14     -0.00074
 26.16     -0.00069
 26.18     -0.00044
 26.20     -0.00073
 26.22     -0.00052
 26.24     -0.00019
 26.26     -0.00006
 26.28     -0.00008
 26.30      0.00006
 26.32      0.00024
 26.34     -0.00039
 26.36     -0.00035
 26.38     -0.00040
 26.40     -0.00053
 26.42     -0.00049
 26.44     -0.00082
 26.46     -0.00144
 26.48     -0.00142
 26.50     -0.00146
 26.52     -0.00204
 26.54     -0.00183
 26.56     -0.00132
 26.58     -0.00130
 26.60     -0.00168
 26.62     -0.00143
 26.64     -0.00144
 26.66     -0.00179
 26.68     -0.00197
 26.70     -0.00148
 26.72     -0.00151
 26.74     -0.00106
 26.76     -0.00093
 26.78     -0.00112
 26.80     -0.00148
 26.82     -0.00167
 26.84     -0.00197
 26.86     -0.00176
 26.88     -0.00146
 26.90     -0.00138
 26.92     -0.00128
 26.94     -0.00130
 26.96     -0.00166
 26.98     -0.00180
 27.00     -0.00168
 27.02     -0.00182
 27.04     -0.00184
 27.06     -0.00190
 27.08     -0.00188
 27.10     -0.00194
 27.12     -0.00180
 27.14     -0.00179
 27.16     -0.00164
 27.18     -0.00163
 27.20     -0.00182
 27.22     -0.00188
 27.24     -0.00186
 27.26     -0.00160
 27.28     -0.00140
 27.30     -0.00118
 27.32     -0.00099
 27.34     -0.00094
 27.36     -0.00100
 27.38     -0.00114
 27.40     -0.00110
 27.42     -0.00132
 27.44     -0.00131
 27.46     -0.00143
 27.48     -0.00142
 27.50     -0.00131
 27.52     -0.00126
 27.54     -0.00129
 27.56     -0.00119
 27.58     -0.00109
 27.60     -0.00115
 27.62     -0.00111
 27.64     -0.00105
 27.66     -0.00110
 27.68     -0.00112
 27.70     -0.00111
 27.72     -0.00109
 27.74     -0.00104
 27.76     -0.00103
 27.78     -0.00097
 27.80     -0.00098
 27.82     -0.00093
 27.84     -0.00087
 27.86     -0.00079
 27.88     -0.00074
 27.90     -0.00072
 27.92     -0.00068
 27.94     -0.00069
 27.96     -0.00072
 27.98     -0.00073
 28.00     -0.00064
 28.02     -0.00058
 28.04     -0.00051
 28.06     -0.00046
 28.08     -0.00044
 28.10     -0.00045
 28.12     -0.00049
 28.14     -0.00052
 28.16     -0.00050
 28.18     -0.00049
 28.20     -0.00047
 28.22     -0.00046
 28.24     -0.00044
 28.26     -0.00040
 28.28     -0.00036
 28.30     -0.00035
 28.32     -0.00031
 28.34     -0.00028
 28.36     -0.00029
 28.38     -0.00029
 28.40     -0.00028
 28.42     -0.00027
 28.44     -0.00027
 28.46     -0.00025
 28.48     -0.00024
 28.50     -0.00022
 28.52     -0.00021
 28.54     -0.00019
 28.56     -0.00020
 28.58     -0.00018
 28.60     -0.00018
 28.62     -0.00018
 28.64     -0.00017
 28.66     -0.00015
 28.68     -0.00015
 28.70     -0.00014
 28.72     -0.00012
 28.74     -0.00012
 28.76     -0.00013
 28.78     -0.00012
 28.80     -0.00011
 28.82     -0.00011
 28.84     -0.00010
 28.86     -0.00009
 28.88     -0.00008
 28.90     -0.00008
 28.92     -0.00007
 28.94     -0.00008
 28.96     -0.00008
 28.98     -0.00007
 29.00     -0.00007
 29.02     -0.00007
 29.04     -0.00006
 29.06     -0.00006
 29.08     -0.00006
 29.10     -0.00005
 29.12     -0.00005
 29.14     -0.00005
 29.16     -0.00004
 29.18     -0.00004
 29.20     -0.00003
 29.22     -0.00002
 29.24     -0.00002
 29.26     -0.00002
 29.28     -0.00002
 29.30     -0.00002
 29.32     -0.00002
 29.34     -0.00002
 29.36     -0.00002
 29.38     -0.00002
 29.40     -0.00002
 29.42     -0.00002
 29.44     -0.00002
 29.46     -0.00002
 29.48     -0.00002
 29.50     -0.00002
 29.52     -0.00002
 29.54     -0.00001
 29.56     -0.00001
 29.58     -0.00001
 29.60     -0.00001
 29.62     -0.00001
 29.64     -0.00001
 29.66     -0.00001
 29.68     -0.00001
 29.70     -0.00001
 29.72     -0.00001
 29.74     -0.00001
 29.76     -0.00001
 29.78     -0.00001
 29.80     -0.00001
 29.82     -0.00001
 29.84     -0.00001
 29.86     -0.00001
 29.88     -0.00001
 29.90     -0.00001
 29.92     -0.00000
 29.94     -0.00000
 29.96     -0.00000
 29.98     -0.00000
 30.00     -0.00000
 30.02     -0.00000
 30.04     -0.00000
 30.06     -0.00000
 30.08     -0.00000
 30.10     -0.00000
 30.12     -0.00000
 30.14     -0.00000
 30.16     -0.00000
 30.18     -0.00000
 30.20     -0.00000
 30.22     -0.00000
 30.24     -0.00000
 30.26     -0.00000
 30.28     -0.00000
 30.30     -0.00000
 30.32     -0.00000
 30.34     -0.00000
 30.36     -0.00000
 30.38     -0.00000
 30.40     -0.00000
 30.42     -0.00000
 30.44     -0.00000
 30.46     -0.00000
 30.48     -0.00000
 30.50     -0.00000
 30.52     -0.00000
 30.54     -0.00000
 30.56     -0.00000
 30.58     -0.00000
 30.60     -0.00000
 30.62     -0.00000
 30.64     -0.00000
 30.66     -0.00000
 30.68     -0.00000
 30.70     -0.00000
 30.72     -0.00000
 30.74     -0.00000
 30.76     -0.00000
 30.78     -0.00000
 30.80     -0.00000
 30.82     -0.00000
 30.84     -0.00000
 30.86     -0.00000
 30.88     -0.00000
 30.90     -0.00000
 30.92     -0.00000
 30.94     -0.00000
 30.96     -0.00000
 30.98     -0.00000
 31.00     -0.00000
