 #r(A)        G(r)
  0.02      0.00000
  0.04      0.00000
  0.06      0.00000
  0.08      0.00000
  0.10      0.00000
  0.12      0.00000
  0.14      0.00000
  0.16      0.00000
  0.18      0.00000
  0.20      0.00000
  0.22      0.00000
  0.24      0.00000
  0.26      0.00000
  0.28      0.00000
  0.30      0.00000
  0.32      0.00000
  0.34      0.00000
  0.36      0.00000
  0.38      0.00000
  0.40      0.00000
  0.42      0.00000
  0.44      0.00000
  0.46      0.00000
  0.48      0.00000
  0.50      0.00000
  0.52      0.00000
  0.54      0.00000
  0.56      0.00000
  0.58      0.00000
  0.60      0.00000
  0.62      0.00000
  0.64      0.00000
  0.66      0.00000
  0.68      0.00000
  0.70      0.00000
  0.72      0.00000
  0.74      0.00000
  0.76      0.00000
  0.78      0.00000
  0.80      0.00000
  0.82      0.00000
  0.84      0.00000
  0.86      0.00000
  0.88      0.00000
  0.90      0.00000
  0.92      0.00000
  0.94      0.00000
  0.96      0.00000
  0.98      0.00000
  1.00      0.00000
  1.02      0.00000
  1.04      0.00000
  1.06      0.00000
  1.08      0.00000
  1.10      0.00000
  1.12      0.00000
  1.14      0.00000
  1.16      0.00000
  1.18      0.00000
  1.20      0.00000
  1.22      0.00000
  1.24      0.00000
  1.26      0.00000
  1.28      0.00000
  1.30      0.00000
  1.32      0.00000
  1.34      0.00000
  1.36      0.00000
  1.38      0.00000
  1.40      0.00000
  1.42      0.00000
  1.44      0.00000
  1.46      0.00000
  1.48      0.00000
  1.50      0.00000
  1.52      0.00000
  1.54     -0.00053
  1.56     -0.00159
  1.58     -0.00317
  1.60     -0.00529
  1.62     -0.00793
  1.64     -0.01057
  1.66     -0.01322
  1.68     -0.01586
  1.70     -0.01850
  1.72     -0.02114
  1.74     -0.02379
  1.76     -0.02643
  1.78     -0.02907
  1.80     -0.03172
  1.82     -0.03436
  1.84     -0.03700
  1.86     -0.03965
  1.88     -0.04229
  1.90     -0.04493
  1.92     -0.04705
  1.94     -0.04863
  1.96     -0.04969
  1.98     -0.05022
  2.00     -0.05022
  2.02     -0.05022
  2.04     -0.05022
  2.06     -0.05022
  2.08     -0.05022
  2.10     -0.05022
  2.12     -0.05022
  2.14     -0.05022
  2.16     -0.05022
  2.18     -0.05022
  2.20     -0.05022
  2.22     -0.05022
  2.24     -0.05022
  2.26     -0.05022
  2.28     -0.05022
  2.30     -0.05022
  2.32     -0.05022
  2.34     -0.05022
  2.36     -0.04741
  2.38     -0.04179
  2.40     -0.03336
  2.42     -0.02212
  2.44     -0.00807
  2.46      0.00598
  2.48      0.02003
  2.50      0.03408
  2.52      0.04813
  2.54      0.06218
  2.56      0.07623
  2.58      0.09028
  2.60      0.10433
  2.62      0.11838
  2.64      0.13243
  2.66      0.14648
  2.68      0.16053
  2.70      0.17441
  2.72      0.18811
  2.74      0.19601
  2.76      0.19812
  2.78      0.19444
  2.80      0.18513
  2.82      0.17021
  2.84      0.15528
  2.86      0.14035
  2.88      0.12543
  2.90      0.11050
  2.92      0.09558
  2.94      0.08065
  2.96      0.06573
  2.98      0.05080
  3.00      0.03588
  3.02      0.02095
  3.04      0.00603
  3.06     -0.00890
  3.08     -0.02365
  3.10     -0.03822
  3.12     -0.04981
  3.14     -0.05842
  3.16     -0.06404
  3.18     -0.06685
  3.20     -0.06685
  3.22     -0.06685
  3.24     -0.06685
  3.26     -0.06685
  3.28     -0.06685
  3.30     -0.06690
  3.32     -0.06699
  3.34     -0.06714
  3.36     -0.06733
  3.38     -0.06758
  3.40     -0.06782
  3.42     -0.06806
  3.44     -0.06830
  3.46     -0.06854
  3.48     -0.06879
  3.50     -0.06903
  3.52     -0.06834
  3.54     -0.06672
  3.56     -0.06364
  3.58     -0.05951
  3.60     -0.05432
  3.62     -0.04901
  3.64     -0.04358
  3.66     -0.03855
  3.68     -0.03347
  3.70     -0.02834
  3.72     -0.02316
  3.74     -0.01794
  3.76     -0.01267
  3.78     -0.00739
  3.80     -0.00212
  3.82      0.00315
  3.84      0.00842
  3.86      0.01370
  3.88      0.01897
  3.90      0.02238
  3.92      0.02393
  3.94      0.02309
  3.96      0.02027
  3.98      0.01546
  4.00      0.01052
  4.02      0.00546
  4.04      0.00081
  4.06     -0.00384
  4.08     -0.00873
  4.10     -0.01386
  4.12     -0.01896
  4.14     -0.02405
  4.16     -0.02911
  4.18     -0.03392
  4.20     -0.03847
  4.22     -0.04302
  4.24     -0.04757
  4.26     -0.05212
  4.28     -0.05574
  4.30     -0.05843
  4.32     -0.06030
  4.34     -0.06135
  4.36     -0.06158
  4.38     -0.06192
  4.40     -0.06022
  4.42     -0.05637
  4.44     -0.05037
  4.46     -0.04199
  4.48     -0.03121
  4.50     -0.02071
  4.52     -0.01049
  4.54     -0.00055
  4.56      0.00888
  4.58      0.01779
  4.60      0.02670
  4.62      0.03562
  4.64      0.04453
  4.66      0.05344
  4.68      0.06235
  4.70      0.07138
  4.72      0.08069
  4.74      0.09029
  4.76      0.10017
  4.78      0.10604
  4.80      0.10778
  4.82      0.10521
  4.84      0.09835
  4.86      0.08718
  4.88      0.07627
  4.90      0.06687
  4.92      0.05899
  4.94      0.05263
  4.96      0.04778
  4.98      0.04400
  5.00      0.04002
  5.02      0.03586
  5.04      0.03150
  5.06      0.02696
  5.08      0.02241
  5.10      0.01769
  5.12      0.01280
  5.14      0.00832
  5.16      0.00641
  5.18      0.00707
  5.20      0.01047
  5.22      0.01662
  5.24      0.02492
  5.26      0.03322
  5.28      0.03901
  5.30      0.04228
  5.32      0.04308
  5.34      0.04141
  5.36      0.03746
  5.38      0.03359
  5.40      0.02977
  5.42      0.02598
  5.44      0.02220
  5.46      0.01824
  5.48      0.01429
  5.50      0.01034
  5.52      0.00520
  5.54     -0.00113
  5.56     -0.00872
  5.58     -0.01758
  5.60     -0.02731
  5.62     -0.03672
  5.64     -0.04580
  5.66     -0.05322
  5.68     -0.05898
  5.70     -0.06353
  5.72     -0.06687
  5.74     -0.06900
  5.76     -0.07108
  5.78     -0.07312
  5.80     -0.07405
  5.82     -0.07387
  5.84     -0.07258
  5.86     -0.07028
  5.88     -0.06696
  5.90     -0.06305
  5.92     -0.05855
  5.94     -0.05352
  5.96     -0.04797
  5.98     -0.04231
  6.00     -0.03712
  6.02     -0.03240
  6.04     -0.02809
  6.06     -0.02419
  6.08     -0.02028
  6.10     -0.01614
  6.12     -0.01206
  6.14     -0.00796
  6.16     -0.00384
  6.18     -0.00173
  6.20     -0.00095
  6.22     -0.00119
  6.24     -0.00254
  6.26     -0.00499
  6.28     -0.00659
  6.30     -0.00826
  6.32     -0.00985
  6.34     -0.01125
  6.36     -0.01245
  6.38     -0.01294
  6.40     -0.01273
  6.42     -0.01196
  6.44     -0.01075
  6.46     -0.00910
  6.48     -0.00768
  6.50     -0.00620
  6.52     -0.00466
  6.54     -0.00306
  6.56     -0.00039
  6.58      0.00217
  6.60      0.00433
  6.62      0.00607
  6.64      0.00741
  6.66      0.00740
  6.68      0.00745
  6.70      0.00758
  6.72      0.00767
  6.74      0.00772
  6.76      0.00759
  6.78      0.00716
  6.80      0.00641
  6.82      0.00547
  6.84      0.00434
  6.86      0.00307
  6.88      0.00181
  6.90      0.00054
  6.92     -0.00072
  6.94     -0.00040
  6.96      0.00157
  6.98      0.00520
  7.00      0.01068
  7.02      0.01800
  7.04      0.02560
  7.06      0.03338
  7.08      0.04135
  7.10      0.04958
  7.12      0.05808
  7.14      0.06563
  7.16      0.07239
  7.18      0.07833
  7.20      0.08321
  7.22      0.08703
  7.24      0.09097
  7.26      0.09492
  7.28      0.09886
  7.30      0.10281
  7.32      0.10359
  7.34      0.10163
  7.36      0.09694
  7.38      0.08931
  7.40      0.07870
  7.42      0.06827
  7.44      0.05759
  7.46      0.04666
  7.48      0.03505
  7.50      0.02279
  7.52      0.01070
  7.54     -0.00120
  7.56     -0.01304
  7.58     -0.02409
  7.60     -0.03366
  7.62     -0.04257
  7.64     -0.05082
  7.66     -0.05830
  7.68     -0.06508
  7.70     -0.07040
  7.72     -0.07424
  7.74     -0.07661
  7.76     -0.07750
  7.78     -0.07679
  7.80     -0.07594
  7.82     -0.07496
  7.84     -0.07386
  7.86     -0.07226
  7.88     -0.07029
  7.90     -0.06797
  7.92     -0.06463
  7.94     -0.06014
  7.96     -0.05483
  7.98     -0.05016
  8.00     -0.04615
  8.02     -0.04342
  8.04     -0.04211
  8.06     -0.04228
  8.08     -0.04234
  8.10     -0.04229
  8.12     -0.04218
  8.14     -0.04172
  8.16     -0.04098
  8.18     -0.04007
  8.20     -0.03899
  8.22     -0.03647
  8.24     -0.03279
  8.26     -0.02808
  8.28     -0.02233
  8.30     -0.01676
  8.32     -0.01262
  8.34     -0.01005
  8.36     -0.00808
  8.38     -0.00610
  8.40     -0.00294
  8.42      0.00141
  8.44      0.00708
  8.46      0.01331
  8.48      0.01948
  8.50      0.02571
  8.52      0.03217
  8.54      0.03887
  8.56      0.04580
  8.58      0.05296
  8.60      0.05789
  8.62      0.06038
  8.64      0.06064
  8.66      0.05876
  8.68      0.05531
  8.70      0.05273
  8.72      0.05101
  8.74      0.04996
  8.76      0.04831
  8.78      0.04534
  8.80      0.04173
  8.82      0.03748
  8.84      0.03258
  8.86      0.02823
  8.88      0.02455
  8.90      0.01981
  8.92      0.01402
  8.94      0.00743
  8.96      0.00005
  8.98     -0.00691
  9.00     -0.01239
  9.02     -0.01639
  9.04     -0.01944
  9.06     -0.02155
  9.08     -0.02290
  9.10     -0.02347
  9.12     -0.02317
  9.14     -0.02111
  9.16     -0.01713
  9.18     -0.01347
  9.20     -0.01013
  9.22     -0.00699
  9.24     -0.00463
  9.26     -0.00323
  9.28     -0.00104
  9.30      0.00193
  9.32      0.00491
  9.34      0.00838
  9.36      0.01235
  9.38      0.01628
  9.40      0.02001
  9.42      0.02448
  9.44      0.02920
  9.46      0.03210
  9.48      0.03318
  9.50      0.03247
  9.52      0.02949
  9.54      0.02425
  9.56      0.01935
  9.58      0.01490
  9.60      0.01146
  9.62      0.00911
  9.64      0.00778
  9.66      0.00695
  9.68      0.00651
  9.70      0.00631
  9.72      0.00547
  9.74      0.00406
  9.76      0.00189
  9.78     -0.00088
  9.80     -0.00474
  9.82     -0.00882
  9.84     -0.01208
  9.86     -0.01392
  9.88     -0.01452
  9.90     -0.01358
  9.92     -0.01110
  9.94     -0.00812
  9.96     -0.00521
  9.98     -0.00396
 10.00     -0.00441
 10.02     -0.00649
 10.04     -0.01020
 10.06     -0.01543
 10.08     -0.02055
 10.10     -0.02500
 10.12     -0.02886
 10.14     -0.03192
 10.16     -0.03419
 10.18     -0.03567
 10.20     -0.03695
 10.22     -0.03733
 10.24     -0.03793
 10.26     -0.03870
 10.28     -0.03945
 10.30     -0.04018
 10.32     -0.04159
 10.34     -0.04236
 10.36     -0.04158
 10.38     -0.03950
 10.40     -0.03609
 10.42     -0.03132
 10.44     -0.02573
 10.46     -0.01985
 10.48     -0.01409
 10.50     -0.00843
 10.52     -0.00298
 10.54      0.00248
 10.56      0.00747
 10.58      0.01318
 10.60      0.01809
 10.62      0.02269
 10.64      0.02689
 10.66      0.03052
 10.68      0.03281
 10.70      0.03548
 10.72      0.03728
 10.74      0.03818
 10.76      0.03847
 10.78      0.03807
 10.80      0.03691
 10.82      0.03633
 10.84      0.03553
 10.86      0.03471
 10.88      0.03382
 10.90      0.03274
 10.92      0.03085
 10.94      0.02906
 10.96      0.02559
 10.98      0.02139
 11.00      0.01647
 11.02      0.01092
 11.04      0.00542
 11.06      0.00162
 11.08     -0.00175
 11.10     -0.00429
 11.12     -0.00600
 11.14     -0.00765
 11.16     -0.00928
 11.18     -0.01062
 11.20     -0.01282
 11.22     -0.01548
 11.24     -0.01861
 11.26     -0.02146
 11.28     -0.02384
 11.30     -0.02503
 11.32     -0.02542
 11.34     -0.02423
 11.36     -0.02228
 11.38     -0.01906
 11.40     -0.01454
 11.42     -0.01002
 11.44     -0.00637
 11.46     -0.00333
 11.48     -0.00107
 11.50      0.00023
 11.52      0.00188
 11.54      0.00402
 11.56      0.00641
 11.58      0.00909
 11.60      0.01254
 11.62      0.01677
 11.64      0.02032
 11.66      0.02326
 11.68      0.02524
 11.70      0.02646
 11.72      0.02693
 11.74      0.02803
 11.76      0.02867
 11.78      0.02897
 11.80      0.02892
 11.82      0.02852
 11.84      0.02776
 11.86      0.02700
 11.88      0.02625
 11.90      0.02527
 11.92      0.02398
 11.94      0.02237
 11.96      0.02112
 11.98      0.01941
 12.00      0.01692
 12.02      0.01449
 12.04      0.01204
 12.06      0.00958
 12.08      0.00658
 12.10      0.00299
 12.12     -0.00165
 12.14     -0.00677
 12.16     -0.01250
 12.18     -0.01767
 12.20     -0.02219
 12.22     -0.02633
 12.24     -0.03015
 12.26     -0.03351
 12.28     -0.03715
 12.30     -0.04109
 12.32     -0.04447
 12.34     -0.04774
 12.36     -0.05060
 12.38     -0.05223
 12.40     -0.05270
 12.42     -0.05287
 12.44     -0.05275
 12.46     -0.05189
 12.48     -0.05022
 12.50     -0.04828
 12.52     -0.04552
 12.54     -0.04193
 12.56     -0.03824
 12.58     -0.03445
 12.60     -0.02996
 12.62     -0.02519
 12.64     -0.02015
 12.66     -0.01451
 12.68     -0.00831
 12.70     -0.00327
 12.72      0.00087
 12.74      0.00412
 12.76      0.00612
 12.78      0.00681
 12.80      0.00796
 12.82      0.00944
 12.84      0.01112
 12.86      0.01299
 12.88      0.01536
 12.90      0.01716
 12.92      0.01867
 12.94      0.01993
 12.96      0.02084
 12.98      0.02111
 13.00      0.02142
 13.02      0.02122
 13.04      0.02073
 13.06      0.01998
 13.08      0.01982
 13.10      0.02080
 13.12      0.02292
 13.14      0.02606
 13.16      0.03026
 13.18      0.03462
 13.20      0.03826
 13.22      0.04122
 13.24      0.04350
 13.26      0.04510
 13.28      0.04651
 13.30      0.04729
 13.32      0.04760
 13.34      0.04743
 13.36      0.04677
 13.38      0.04494
 13.40      0.04301
 13.42      0.04084
 13.44      0.03845
 13.46      0.03583
 13.48      0.03223
 13.50      0.02764
 13.52      0.02223
 13.54      0.01601
 13.56      0.00892
 13.58      0.00232
 13.60     -0.00384
 13.62     -0.00972
 13.64     -0.01531
 13.66     -0.02060
 13.68     -0.02534
 13.70     -0.02961
 13.72     -0.03330
 13.74     -0.03643
 13.76     -0.03829
 13.78     -0.03941
 13.80     -0.03973
 13.82     -0.03930
 13.84     -0.03788
 13.86     -0.03651
 13.88     -0.03520
 13.90     -0.03421
 13.92     -0.03352
 13.94     -0.03310
 13.96     -0.03258
 13.98     -0.03196
 14.00     -0.03097
 14.02     -0.02891
 14.04     -0.02602
 14.06     -0.02236
 14.08     -0.01794
 14.10     -0.01288
 14.12     -0.00772
 14.14     -0.00334
 14.16      0.00019
 14.18      0.00291
 14.20      0.00511
 14.22      0.00614
 14.24      0.00736
 14.26      0.00886
 14.28      0.01072
 14.30      0.01327
 14.32      0.01647
 14.34      0.01983
 14.36      0.02334
 14.38      0.02711
 14.40      0.02904
 14.42      0.02960
 14.44      0.02878
 14.46      0.02661
 14.48      0.02291
 14.50      0.01894
 14.52      0.01514
 14.54      0.01158
 14.56      0.00838
 14.58      0.00509
 14.60      0.00222
 14.62     -0.00046
 14.64     -0.00302
 14.66     -0.00562
 14.68     -0.00867
 14.70     -0.01212
 14.72     -0.01567
 14.74     -0.01938
 14.76     -0.02367
 14.78     -0.02688
 14.80     -0.02926
 14.82     -0.03133
 14.84     -0.03300
 14.86     -0.03389
 14.88     -0.03467
 14.90     -0.03522
 14.92     -0.03556
 14.94     -0.03601
 14.96     -0.03631
 14.98     -0.03625
 15.00     -0.03596
 15.02     -0.03543
 15.04     -0.03429
 15.06     -0.03150
 15.08     -0.02737
 15.10     -0.02297
 15.12     -0.01821
 15.14     -0.01272
 15.16     -0.00782
 15.18     -0.00350
 15.20      0.00127
 15.22      0.00685
 15.24      0.01286
 15.26      0.01929
 15.28      0.02583
 15.30      0.03255
 15.32      0.03918
 15.34      0.04563
 15.36      0.05124
 15.38      0.05646
 15.40      0.06133
 15.42      0.06560
 15.44      0.06725
 15.46      0.06695
 15.48      0.06509
 15.50      0.06170
 15.52      0.05640
 15.54      0.05145
 15.56      0.04733
 15.58      0.04357
 15.60      0.03930
 15.62      0.03494
 15.64      0.03033
 15.66      0.02518
 15.68      0.01925
 15.70      0.01334
 15.72      0.00775
 15.74      0.00285
 15.76     -0.00182
 15.78     -0.00615
 15.80     -0.00982
 15.82     -0.01209
 15.84     -0.01333
 15.86     -0.01326
 15.88     -0.01192
 15.90     -0.00943
 15.92     -0.00704
 15.94     -0.00572
 15.96     -0.00548
 15.98     -0.00596
 16.00     -0.00730
 16.02     -0.00903
 16.04     -0.01026
 16.06     -0.01082
 16.08     -0.01101
 16.10     -0.01141
 16.12     -0.01237
 16.14     -0.01371
 16.16     -0.01557
 16.18     -0.01835
 16.20     -0.02145
 16.22     -0.02481
 16.24     -0.02855
 16.26     -0.03232
 16.28     -0.03567
 16.30     -0.03857
 16.32     -0.04055
 16.34     -0.04131
 16.36     -0.04121
 16.38     -0.04028
 16.40     -0.03915
 16.42     -0.03818
 16.44     -0.03766
 16.46     -0.03760
 16.48     -0.03774
 16.50     -0.03664
 16.52     -0.03442
 16.54     -0.03108
 16.56     -0.02669
 16.58     -0.02150
 16.60     -0.01635
 16.62     -0.01124
 16.64     -0.00660
 16.66     -0.00235
 16.68      0.00146
 16.70      0.00476
 16.72      0.00725
 16.74      0.00940
 16.76      0.01129
 16.78      0.01315
 16.80      0.01515
 16.82      0.01757
 16.84      0.02037
 16.86      0.02383
 16.88      0.02615
 16.90      0.02724
 16.92      0.02717
 16.94      0.02648
 16.96      0.02479
 16.98      0.02363
 17.00      0.02296
 17.02      0.02276
 17.04      0.02249
 17.06      0.02214
 17.08      0.02208
 17.10      0.02210
 17.12      0.02214
 17.14      0.02211
 17.16      0.02219
 17.18      0.02183
 17.20      0.02126
 17.22      0.02059
 17.24      0.01930
 17.26      0.01801
 17.28      0.01696
 17.30      0.01610
 17.32      0.01464
 17.34      0.01319
 17.36      0.01101
 17.38      0.00835
 17.40      0.00521
 17.42      0.00230
 17.44     -0.00038
 17.46     -0.00328
 17.48     -0.00641
 17.50     -0.00970
 17.52     -0.01271
 17.54     -0.01568
 17.56     -0.01805
 17.58     -0.02009
 17.60     -0.02153
 17.62     -0.02268
 17.64     -0.02331
 17.66     -0.02345
 17.68     -0.02310
 17.70     -0.02201
 17.72     -0.02032
 17.74     -0.01801
 17.76     -0.01569
 17.78     -0.01320
 17.80     -0.01084
 17.82     -0.00829
 17.84     -0.00533
 17.86     -0.00147
 17.88      0.00322
 17.90      0.00770
 17.92      0.01179
 17.94      0.01527
 17.96      0.01821
 17.98      0.01990
 18.00      0.02133
 18.02      0.02234
 18.04      0.02271
 18.06      0.02246
 18.08      0.02205
 18.10      0.02134
 18.12      0.02030
 18.14      0.01946
 18.16      0.01875
 18.18      0.01792
 18.20      0.01625
 18.22      0.01414
 18.24      0.01126
 18.26      0.00744
 18.28      0.00354
 18.30      0.00025
 18.32     -0.00280
 18.34     -0.00577
 18.36     -0.00794
 18.38     -0.00980
 18.40     -0.01129
 18.42     -0.01236
 18.44     -0.01287
 18.46     -0.01336
 18.48     -0.01384
 18.50     -0.01425
 18.52     -0.01472
 18.54     -0.01523
 18.56     -0.01558
 18.58     -0.01515
 18.60     -0.01484
 18.62     -0.01463
 18.64     -0.01406
 18.66     -0.01338
 18.68     -0.01321
 18.70     -0.01260
 18.72     -0.01135
 18.74     -0.01044
 18.76     -0.00981
 18.78     -0.00930
 18.80     -0.00895
 18.82     -0.00895
 18.84     -0.00871
 18.86     -0.00819
 18.88     -0.00765
 18.90     -0.00706
 18.92     -0.00639
 18.94     -0.00568
 18.96     -0.00535
 18.98     -0.00485
 19.00     -0.00422
 19.02     -0.00405
 19.04     -0.00399
 19.06     -0.00363
 19.08     -0.00359
 19.10     -0.00398
 19.12     -0.00393
 19.14     -0.00380
 19.16     -0.00392
 19.18     -0.00388
 19.20     -0.00359
 19.22     -0.00344
 19.24     -0.00325
 19.26     -0.00268
 19.28     -0.00213
 19.30     -0.00147
 19.32     -0.00065
 19.34      0.00034
 19.36      0.00153
 19.38      0.00301
 19.40      0.00492
 19.42      0.00660
 19.44      0.00808
 19.46      0.00936
 19.48      0.01048
 19.50      0.01119
 19.52      0.01215
 19.54      0.01333
 19.56      0.01440
 19.58      0.01536
 19.60      0.01625
 19.62      0.01690
 19.64      0.01715
 19.66      0.01734
 19.68      0.01719
 19.70      0.01676
 19.72      0.01623
 19.74      0.01541
 19.76      0.01428
 19.78      0.01315
 19.80      0.01221
 19.82      0.01124
 19.84      0.01048
 19.86      0.00991
 19.88      0.00949
 19.90      0.00896
 19.92      0.00853
 19.94      0.00793
 19.96      0.00717
 19.98      0.00627
 20.00      0.00507
 20.02      0.00357
 20.04      0.00199
 20.06      0.00046
 20.08     -0.00119
 20.10     -0.00279
 20.12     -0.00427
 20.14     -0.00547
 20.16     -0.00653
 20.18     -0.00736
 20.20     -0.00791
 20.22     -0.00832
 20.24     -0.00874
 20.26     -0.00906
 20.28     -0.00928
 20.30     -0.00947
 20.32     -0.00942
 20.34     -0.00915
 20.36     -0.00878
 20.38     -0.00822
 20.40     -0.00746
 20.42     -0.00666
 20.44     -0.00566
 20.46     -0.00441
 20.48     -0.00306
 20.50     -0.00156
 20.52     -0.00024
 20.54      0.00072
 20.56      0.00155
 20.58      0.00204
 20.60      0.00213
 20.62      0.00213
 20.64      0.00191
 20.66      0.00125
 20.68      0.00043
 20.70     -0.00065
 20.72     -0.00197
 20.74     -0.00337
 20.76     -0.00464
 20.78     -0.00578
 20.80     -0.00668
 20.82     -0.00751
 20.84     -0.00825
 20.86     -0.00907
 20.88     -0.00992
 20.90     -0.01061
 20.92     -0.01097
 20.94     -0.01137
 20.96     -0.01161
 20.98     -0.01174
 21.00     -0.01192
 21.02     -0.01207
 21.04     -0.01188
 21.06     -0.01135
 21.08     -0.01037
 21.10     -0.00897
 21.12     -0.00718
 21.14     -0.00531
 21.16     -0.00359
 21.18     -0.00205
 21.20     -0.00078
 21.22      0.00020
 21.24      0.00119
 21.26      0.00201
 21.28      0.00257
 21.30      0.00318
 21.32      0.00381
 21.34      0.00447
 21.36      0.00533
 21.38      0.00637
 21.40      0.00733
 21.42      0.00833
 21.44      0.00892
 21.46      0.00911
 21.48      0.00892
 21.50      0.00829
 21.52      0.00731
 21.54      0.00645
 21.56      0.00552
 21.58      0.00470
 21.60      0.00407
 21.62      0.00341
 21.64      0.00309
 21.66      0.00326
 21.68      0.00324
 21.70      0.00327
 21.72      0.00334
 21.74      0.00311
 21.76      0.00277
 21.78      0.00281
 21.80      0.00286
 21.82      0.00317
 21.84      0.00373
 21.86      0.00434
 21.88      0.00512
 21.90      0.00610
 21.92      0.00704
 21.94      0.00802
 21.96      0.00890
 21.98      0.00957
 22.00      0.01027
 22.02      0.01051
 22.04      0.01021
 22.06      0.00978
 22.08      0.00907
 22.10      0.00805
 22.12      0.00722
 22.14      0.00624
 22.16      0.00496
 22.18      0.00360
 22.20      0.00205
 22.22      0.00038
 22.24     -0.00109
 22.26     -0.00254
 22.28     -0.00395
 22.30     -0.00527
 22.32     -0.00658
 22.34     -0.00761
 22.36     -0.00826
 22.38     -0.00877
 22.40     -0.00891
 22.42     -0.00869
 22.44     -0.00824
 22.46     -0.00750
 22.48     -0.00648
 22.50     -0.00535
 22.52     -0.00401
 22.54     -0.00278
 22.56     -0.00170
 22.58     -0.00061
 22.60      0.00030
 22.62      0.00093
 22.64      0.00152
 22.66      0.00194
 22.68      0.00224
 22.70      0.00254
 22.72      0.00248
 22.74      0.00203
 22.76      0.00130
 22.78      0.00038
 22.80     -0.00074
 22.82     -0.00193
 22.84     -0.00310
 22.86     -0.00424
 22.88     -0.00553
 22.90     -0.00685
 22.92     -0.00786
 22.94     -0.00870
 22.96     -0.00935
 22.98     -0.00967
 23.00     -0.00975
 23.02     -0.00967
 23.04     -0.00933
 23.06     -0.00888
 23.08     -0.00838
 23.10     -0.00770
 23.12     -0.00678
 23.14     -0.00565
 23.16     -0.00450
 23.18     -0.00334
 23.20     -0.00221
 23.22     -0.00127
 23.24     -0.00054
 23.26      0.00022
 23.28      0.00084
 23.30      0.00121
 23.32      0.00147
 23.34      0.00164
 23.36      0.00173
 23.38      0.00179
 23.40      0.00180
 23.42      0.00174
 23.44      0.00166
 23.46      0.00152
 23.48      0.00144
 23.50      0.00136
 23.52      0.00127
 23.54      0.00124
 23.56      0.00128
 23.58      0.00138
 23.60      0.00160
 23.62      0.00196
 23.64      0.00236
 23.66      0.00293
 23.68      0.00369
 23.70      0.00461
 23.72      0.00543
 23.74      0.00610
 23.76      0.00659
 23.78      0.00691
 23.80      0.00705
 23.82      0.00713
 23.84      0.00719
 23.86      0.00713
 23.88      0.00694
 23.90      0.00661
 23.92      0.00623
 23.94      0.00579
 23.96      0.00526
 23.98      0.00475
 24.00      0.00426
 24.02      0.00383
 24.04      0.00331
 24.06      0.00272
 24.08      0.00198
 24.10      0.00126
 24.12      0.00058
 24.14     -0.00003
 24.16     -0.00055
 24.18     -0.00094
 24.20     -0.00137
 24.22     -0.00182
 24.24     -0.00219
 24.26     -0.00245
 24.28     -0.00262
 24.30     -0.00271
 24.32     -0.00268
 24.34     -0.00251
 24.36     -0.00240
 24.38     -0.00237
 24.40     -0.00240
 24.42     -0.00243
 24.44     -0.00247
 24.46     -0.00247
 24.48     -0.00242
 24.50     -0.00237
 24.52     -0.00231
 24.54     -0.00223
 24.56     -0.00215
 24.58     -0.00203
 24.60     -0.00181
 24.62     -0.00164
 24.64     -0.00154
 24.66     -0.00147
 24.68     -0.00148
 24.70     -0.00159
 24.72     -0.00175
 24.74     -0.00189
 24.76     -0.00189
 24.78     -0.00187
 24.80     -0.00187
 24.82     -0.00185
 24.84     -0.00182
 24.86     -0.00182
 24.88     -0.00179
 24.90     -0.00168
 24.92     -0.00151
 24.94     -0.00128
 24.96     -0.00101
 24.98     -0.00079
 25.00     -0.00058
 25.02     -0.00035
 25.04     -0.00013
 25.06      0.00010
 25.08      0.00037
 25.10      0.00059
 25.12      0.00079
 25.14      0.00083
 25.16      0.00075
 25.18      0.00064
 25.20      0.00049
 25.22      0.00032
 25.24      0.00019
 25.26      0.00009
 25.28     -0.00010
 25.30     -0.00037
 25.32     -0.00072
 25.34     -0.00113
 25.36     -0.00152
 25.38     -0.00185
 25.40     -0.00212
 25.42     -0.00237
 25.44     -0.00261
 25.46     -0.00282
 25.48     -0.00295
 25.50     -0.00303
 25.52     -0.00294
 25.54     -0.00268
 25.56     -0.00232
 25.58     -0.00188
 25.60     -0.00137
 25.62     -0.00089
 25.64     -0.00044
 25.66      0.00003
 25.68      0.00053
 25.70      0.00104
 25.72      0.00155
 25.74      0.00202
 25.76      0.00240
 25.78      0.00271
 25.80      0.00301
 25.82      0.00331
 25.84      0.00356
 25.86      0.00374
 25.88      0.00385
 25.90      0.00380
 25.92      0.00358
 25.94      0.00325
 25.96      0.00284
 25.98      0.00236
 26.00      0.00189
 26.02      0.00144
 26.04      0.00101
 26.06      0.00057
 26.08      0.00011
 26.10     -0.00030
 26.12     -0.00064
 26.14     -0.00087
 26.16     -0.00103
 26.18     -0.00115
 26.20     -0.00125
 26.22     -0.00133
 26.24     -0.00138
 26.26     -0.00141
 26.28     -0.00134
 26.30     -0.00118
 26.32     -0.00098
 26.34     -0.00077
 26.36     -0.00056
 26.38     -0.00036
 26.40     -0.00017
 26.42      0.00002
 26.44      0.00023
 26.46      0.00049
 26.48      0.00069
 26.50      0.00082
 26.52      0.00087
 26.54      0.00084
 26.56      0.00074
 26.58      0.00061
 26.60      0.00043
 26.62      0.00025
 26.64      0.00007
 26.66     -0.00013
 26.68     -0.00028
 26.70     -0.00040
 26.72     -0.00047
 26.74     -0.00049
 26.76     -0.00052
 26.78     -0.00054
 26.80     -0.00057
 26.82     -0.00063
 26.84     -0.00072
 26.86     -0.00080
 26.88     -0.00087
 26.90     -0.00091
 26.92     -0.00093
 26.94     -0.00094
 26.96     -0.00089
 26.98     -0.00079
 27.00     -0.00069
 27.02     -0.00060
 27.04     -0.00052
 27.06     -0.00050
 27.08     -0.00055
 27.10     -0.00062
 27.12     -0.00071
 27.14     -0.00079
 27.16     -0.00086
 27.18     -0.00092
 27.20     -0.00096
 27.22     -0.00098
 27.24     -0.00098
 27.26     -0.00097
 27.28     -0.00094
 27.30     -0.00088
 27.32     -0.00079
 27.34     -0.00074
 27.36     -0.00071
 27.38     -0.00069
 27.40     -0.00066
 27.42     -0.00062
 27.44     -0.00055
 27.46     -0.00043
 27.48     -0.00033
 27.50     -0.00024
 27.52     -0.00018
 27.54     -0.00016
 27.56     -0.00016
 27.58     -0.00017
 27.60     -0.00018
 27.62     -0.00020
 27.64     -0.00022
 27.66     -0.00024
 27.68     -0.00027
 27.70     -0.00031
 27.72     -0.00035
 27.74     -0.00037
 27.76     -0.00041
 27.78     -0.00046
 27.80     -0.00052
 27.82     -0.00058
 27.84     -0.00064
 27.86     -0.00067
 27.88     -0.00066
 27.90     -0.00061
 27.92     -0.00054
 27.94     -0.00044
 27.96     -0.00034
 27.98     -0.00025
 28.00     -0.00015
 28.02     -0.00006
 28.04      0.00001
 28.06      0.00008
 28.08      0.00013
 28.10      0.00018
 28.12      0.00023
 28.14      0.00028
 28.16      0.00036
 28.18      0.00044
 28.20      0.00050
 28.22      0.00054
 28.24      0.00056
 28.26      0.00053
 28.28      0.00048
 28.30      0.00042
 28.32      0.00034
 28.34      0.00026
 28.36      0.00019
 28.38      0.00013
 28.40      0.00008
 28.42      0.00004
 28.44      0.00000
 28.46     -0.00003
 28.48     -0.00006
 28.50     -0.00010
 28.52     -0.00014
 28.54     -0.00019
 28.56     -0.00023
 28.58     -0.00027
 28.60     -0.00031
 28.62     -0.00035
 28.64     -0.00037
 28.66     -0.00038
 28.68     -0.00039
 28.70     -0.00040
 28.72     -0.00041
 28.74     -0.00042
 28.76     -0.00045
 28.78     -0.00047
 28.80     -0.00051
 28.82     -0.00053
 28.84     -0.00056
 28.86     -0.00058
 28.88     -0.00060
 28.90     -0.00061
 28.92     -0.00062
 28.94     -0.00062
 28.96     -0.00062
 28.98     -0.00062
 29.00     -0.00062
 29.02     -0.00061
 29.04     -0.00060
 29.06     -0.00058
 29.08     -0.00057
 29.10     -0.00055
 29.12     -0.00053
 29.14     -0.00051
 29.16     -0.00049
 29.18     -0.00046
 29.20     -0.00044
 29.22     -0.00042
 29.24     -0.00040
 29.26     -0.00038
 29.28     -0.00037
 29.30     -0.00036
 29.32     -0.00035
 29.34     -0.00034
 29.36     -0.00033
 29.38     -0.00032
 29.40     -0.00031
 29.42     -0.00030
 29.44     -0.00029
 29.46     -0.00028
 29.48     -0.00027
 29.50     -0.00026
 29.52     -0.00026
 29.54     -0.00025
 29.56     -0.00024
 29.58     -0.00023
 29.60     -0.00023
 29.62     -0.00022
 29.64     -0.00021
 29.66     -0.00020
 29.68     -0.00019
 29.70     -0.00018
 29.72     -0.00017
 29.74     -0.00016
 29.76     -0.00015
 29.78     -0.00015
 29.80     -0.00014
 29.82     -0.00014
 29.84     -0.00014
 29.86     -0.00014
 29.88     -0.00014
 29.90     -0.00014
 29.92     -0.00014
 29.94     -0.00014
 29.96     -0.00014
 29.98     -0.00014
 30.00     -0.00014
 30.02     -0.00014
 30.04     -0.00013
 30.06     -0.00013
 30.08     -0.00013
 30.10     -0.00013
 30.12     -0.00012
 30.14     -0.00012
 30.16     -0.00011
 30.18     -0.00011
 30.20     -0.00010
 30.22     -0.00010
 30.24     -0.00009
 30.26     -0.00009
 30.28     -0.00008
 30.30     -0.00008
 30.32     -0.00007
 30.34     -0.00007
 30.36     -0.00007
 30.38     -0.00006
 30.40     -0.00006
 30.42     -0.00005
 30.44     -0.00005
 30.46     -0.00005
 30.48     -0.00004
 30.50     -0.00004
 30.52     -0.00004
 30.54     -0.00004
 30.56     -0.00003
 30.58     -0.00003
 30.60     -0.00003
 30.62     -0.00003
 30.64     -0.00003
 30.66     -0.00002
 30.68     -0.00002
 30.70     -0.00002
 30.72     -0.00002
 30.74     -0.00002
 30.76     -0.00001
 30.78     -0.00001
 30.80     -0.00001
 30.82     -0.00001
 30.84     -0.00001
 30.86     -0.00001
 30.88     -0.00001
 30.90     -0.00000
 30.92     -0.00000
 30.94     -0.00000
 30.96     -0.00000
 30.98     -0.00000
 31.00     -0.00000
