 #r(A)        G(r)
  0.02      0.00000      0.00000      0.00000
  0.04      0.00000      0.00000      0.00000
  0.06      0.00000      0.00000      0.00000
  0.08      0.00000      0.00000      0.00000
  0.10      0.00000      0.00000      0.00000
  0.12      0.00000      0.00000      0.00000
  0.14      0.00000      0.00000      0.00000
  0.16      0.00000      0.00000      0.00000
  0.18      0.00000      0.00000      0.00000
  0.20      0.00000      0.00000      0.00000
  0.22      0.00000      0.00000      0.00000
  0.24      0.00000      0.00000      0.00000
  0.26      0.00000      0.00000      0.00000
  0.28      0.00000      0.00000      0.00000
  0.30      0.00000      0.00000      0.00000
  0.32      0.00000      0.00000      0.00000
  0.34      0.00000      0.00000      0.00000
  0.36      0.00000      0.00000      0.00000
  0.38      0.00000      0.00000      0.00000
  0.40      0.00000      0.00000      0.00000
  0.42      0.00000      0.00000      0.00000
  0.44      0.00000      0.00000      0.00000
  0.46      0.00000      0.00000      0.00000
  0.48      0.00000      0.00000      0.00000
  0.50      0.00000      0.00000      0.00000
  0.52      0.00000      0.00000      0.00000
  0.54      0.00000      0.00000      0.00000
  0.56      0.00000      0.00000      0.00000
  0.58      0.00000      0.00000      0.00000
  0.60      0.00000      0.00000      0.00000
  0.62      0.00000      0.00023     -0.00023
  0.64      0.00000      0.00046     -0.00046
  0.66      0.00000      0.00069     -0.00069
  0.68      0.00000      0.00092     -0.00092
  0.70      0.00000      0.00115     -0.00115
  0.72      0.00000      0.00139     -0.00139
  0.74      0.00000      0.00162     -0.00162
  0.76      0.00000      0.00210     -0.00210
  0.78      0.00000      0.00259     -0.00259
  0.80      0.00000      0.00308     -0.00308
  0.82      0.00000      0.00356     -0.00356
  0.84      0.00000      0.00405     -0.00405
  0.86      0.00000      0.00454     -0.00454
  0.88      0.00000      0.00503     -0.00503
  0.90      0.00000      0.00551     -0.00551
  0.92      0.00000      0.00600     -0.00600
  0.94      0.00000      0.00649     -0.00649
  0.96      0.00000      0.00697     -0.00697
  0.98      0.00000      0.00746     -0.00746
  1.00      0.00000      0.00795     -0.00795
  1.02      0.00000      0.00843     -0.00843
  1.04      0.00000      0.00892     -0.00892
  1.06      0.00000      0.00941     -0.00941
  1.08      0.00000      0.00990     -0.00990
  1.10      0.00000      0.01038     -0.01038
  1.12      0.00000      0.01087     -0.01087
  1.14      0.00000      0.01136     -0.01136
  1.16      0.00000      0.01184     -0.01184
  1.18      0.00000      0.01233     -0.01233
  1.20      0.00000      0.01282     -0.01282
  1.22      0.00000      0.01331     -0.01331
  1.24      0.00000      0.01379     -0.01379
  1.26      0.00000      0.01428     -0.01428
  1.28      0.00000      0.01477     -0.01477
  1.30      0.00000      0.01525     -0.01525
  1.32      0.00000      0.01574     -0.01574
  1.34      0.00000      0.01623     -0.01623
  1.36      0.00000      0.01671     -0.01671
  1.38      0.00000      0.01720     -0.01720
  1.40      0.00000      0.01769     -0.01769
  1.42      0.00000      0.01818     -0.01818
  1.44      0.00000      0.01866     -0.01866
  1.46      0.00000      0.01915     -0.01915
  1.48      0.00000      0.01964     -0.01964
  1.50      0.00000      0.02012     -0.02012
  1.52      0.00000      0.02061     -0.02061
  1.54      0.00000      0.02110     -0.02110
  1.56      0.00000      0.02158     -0.02158
  1.58      0.00000      0.02207     -0.02207
  1.60      0.00000      0.02256     -0.02256
  1.62      0.00000      0.02305     -0.02305
  1.64      0.00000      0.02353     -0.02353
  1.66      0.00000      0.02402     -0.02402
  1.68      0.00000      0.02451     -0.02451
  1.70      0.00000      0.02499     -0.02499
  1.72      0.00000      0.02548     -0.02548
  1.74      0.00000      0.02597     -0.02597
  1.76      0.00000      0.02646     -0.02646
  1.78      0.00000      0.02694     -0.02694
  1.80      0.00000      0.02743     -0.02743
  1.82      0.00000      0.02807     -0.02807
  1.84      0.00000      0.02871     -0.02871
  1.86      0.00000      0.02936     -0.02936
  1.88      0.00000      0.03000     -0.03000
  1.90      0.00000      0.03064     -0.03064
  1.92      0.00000      0.03128     -0.03128
  1.94      0.00000      0.03192     -0.03192
  1.96      0.00000      0.03257     -0.03257
  1.98      0.00000      0.03321     -0.03321
  2.00      0.00000      0.03385     -0.03385
  2.02      0.00000      0.03449     -0.03449
  2.04      0.00000      0.03513     -0.03513
  2.06      0.00000      0.03578     -0.03578
  2.08      0.00000      0.03642     -0.03642
  2.10      0.00000      0.03706     -0.03706
  2.12      0.00000      0.03770     -0.03770
  2.14      0.00000      0.03834     -0.03834
  2.16      0.00000      0.03899     -0.03899
  2.18      0.00000      0.03963     -0.03963
  2.20      0.00000      0.04027     -0.04027
  2.22      0.00000      0.04091     -0.04091
  2.24      0.00000      0.04156     -0.04156
  2.26      0.00000      0.04220     -0.04220
  2.28      0.00000      0.04284     -0.04284
  2.30      0.00000      0.04348     -0.04348
  2.32      0.00000      0.04412     -0.04235
  2.34      0.00000      0.04477     -0.03946
  2.36      0.00000      0.04541     -0.03479
  2.38      0.00000      0.04605     -0.02835
  2.40      0.00000      0.04669     -0.02015
  2.42      0.00000      0.04733     -0.01017
  2.44      0.00000      0.04798      0.00157
  2.46      0.00000      0.04862      0.01705
  2.48      0.00000      0.04940      0.03611
  2.50      0.00000      0.05019      0.05891
  2.52      0.00000      0.05097      0.08545
  2.54      0.00000      0.05176      0.11040
  2.56      0.00000      0.05254      0.13378
  2.58      0.00000      0.05333      0.15559
  2.60      0.00000      0.05411      0.17582
  2.62      2.35516      0.05490      0.19448
  2.64      0.00000      0.05522      0.21202
  2.66      0.00000      0.05554      0.22798
  2.68      0.00000      0.05586      0.23648
  2.70      0.00000      0.05619      0.23751
  2.72      0.00000      0.05671      0.23088
  2.74      0.00000      0.05723      0.21679
  2.76      2.61317      0.05775      0.20054
  2.78      0.00000      0.05776      0.18264
  2.80      0.00000      0.05788      0.16247
  2.82      0.00000      0.05800      0.14015
  2.84      0.00000      0.05812      0.11567
  2.86      0.00000      0.05824      0.08904
  2.88      0.00000      0.05836      0.06024
  2.90      0.00000      0.05848      0.03518
  2.92      0.00000      0.05860      0.01385
  2.94      0.00000      0.05872     -0.00374
  2.96      0.00000      0.05883     -0.01760
  2.98      0.00000      0.05895     -0.02950
  3.00      0.00000      0.05907     -0.03944
  3.02      0.00000      0.05919     -0.04741
  3.04      0.00000      0.05931     -0.05342
  3.06      0.00000      0.05943     -0.05747
  3.08      0.00000      0.05955     -0.05955
  3.10      0.00000      0.05967     -0.05967
  3.12      0.00000      0.05979     -0.05979
  3.14      0.00000      0.05991     -0.05991
  3.16      0.00000      0.06003     -0.06003
  3.18      0.00000      0.06015     -0.06015
  3.20      0.00000      0.06036     -0.06036
  3.22      0.00000      0.06057     -0.06057
  3.24      0.00000      0.06078     -0.06078
  3.26      0.00000      0.06110     -0.06110
  3.28      0.00000      0.06142     -0.06142
  3.30      0.00000      0.06175     -0.06175
  3.32      0.00000      0.06207     -0.06207
  3.34      0.00000      0.06240     -0.06240
  3.36      0.00000      0.06272     -0.06272
  3.38      0.00000      0.06305     -0.06305
  3.40      0.00000      0.06337     -0.06337
  3.42      0.00000      0.06370     -0.06370
  3.44      0.00000      0.06402     -0.06402
  3.46      0.00000      0.06435     -0.06435
  3.48      0.00000      0.06467     -0.06467
  3.50      0.00000      0.06499     -0.06499
  3.52      0.00000      0.06532     -0.06413
  3.54      0.00000      0.06572     -0.06215
  3.56      0.00000      0.06612     -0.05899
  3.58      0.00000      0.06652     -0.05463
  3.60      0.00000      0.06692     -0.04909
  3.62      0.00000      0.06731     -0.04236
  3.64      0.00000      0.06771     -0.03444
  3.66      0.00000      0.06811     -0.02534
  3.68      0.00000      0.06851     -0.01504
  3.70      0.00000      0.06891     -0.00356
  3.72      0.00000      0.06931      0.00911
  3.74      0.00000      0.06971      0.01940
  3.76      0.00000      0.07011      0.02732
  3.78      0.00000      0.07051      0.03286
  3.80      0.00000      0.07091      0.03603
  3.82      1.58146      0.07131      0.03682
  3.84      0.00000      0.07140      0.03554
  3.86      0.00000      0.07148      0.03189
  3.88      0.00000      0.07157      0.02586
  3.90      0.00000      0.07166      0.01745
  3.92      0.00000      0.07175      0.00667
  3.94      0.00000      0.07184     -0.00649
  3.96      0.00000      0.07205     -0.01858
  3.98      0.00000      0.07226     -0.02949
  4.00      0.00000      0.07247     -0.03920
  4.02      0.00000      0.07268     -0.04773
  4.04      0.00000      0.07289     -0.05507
  4.06      0.00000      0.07310     -0.06122
  4.08      0.00000      0.07331     -0.06618
  4.10      0.00000      0.07352     -0.06995
  4.12      0.00000      0.07373     -0.07254
  4.14      0.00000      0.07405     -0.07405
  4.16      0.00000      0.07438     -0.07438
  4.18      0.00000      0.07471     -0.07361
  4.20      0.00000      0.07503     -0.07175
  4.22      0.00000      0.07536     -0.06880
  4.24      0.00000      0.07569     -0.06475
  4.26      0.00000      0.07601     -0.05961
  4.28      0.00000      0.07637     -0.05341
  4.30      0.00000      0.07673     -0.04611
  4.32      0.00000      0.07709     -0.03772
  4.34      0.00000      0.07748     -0.02828
  4.36      0.00000      0.07788     -0.01774
  4.38      0.00000      0.07827     -0.00611
  4.40      0.00000      0.07867      0.00334
  4.42      0.00000      0.07906      0.01212
  4.44      0.00000      0.07946      0.02023
  4.46      0.00000      0.07985      0.02767
  4.48      1.45529      0.08024      0.03444
  4.50      0.00000      0.08035      0.04168
  4.52      0.00000      0.08051      0.04906
  4.54      0.00000      0.08067      0.05661
  4.56      0.00000      0.08083      0.06434
  4.58      0.00000      0.08098      0.07225
  4.60      0.00000      0.08114      0.08033
  4.62      0.00000      0.08130      0.09188
  4.64      0.00000      0.08146      0.10233
  4.66      0.00000      0.08185      0.11146
  4.68      0.00000      0.08223      0.11948
  4.70      0.00000      0.08262      0.12641
  4.72      2.02198      0.08301      0.12969
  4.74      0.00000      0.08305      0.12969
  4.76      0.00000      0.08309      0.12605
  4.78      0.00000      0.08312      0.11877
  4.80      1.12741      0.08342      0.10760
  4.82      0.00000      0.08349      0.09300
  4.84      0.00000      0.08357      0.07368
  4.86      0.00000      0.08376      0.05406
  4.88      0.00000      0.08396      0.03426
  4.90      0.00000      0.08415      0.01498
  4.92      0.00000      0.08446     -0.00390
  4.94      0.00000      0.08477     -0.01973
  4.96      0.00000      0.08508     -0.03162
  4.98      0.00000      0.08539     -0.03956
  5.00      0.00000      0.08570     -0.04357
  5.02      0.00000      0.08601     -0.04365
  5.04      0.00000      0.08632     -0.03978
  5.06      0.00000      0.08662     -0.03197
  5.08      0.00000      0.08693     -0.02175
  5.10      0.00000      0.08724     -0.00910
  5.12      0.00000      0.08755      0.00389
  5.14      0.00000      0.08795      0.01714
  5.16      0.00000      0.08835      0.02990
  5.18      0.00000      0.08875      0.03951
  5.20      0.91803      0.08915      0.04598
  5.22      0.00000      0.08936      0.04949
  5.24      0.00000      0.08958      0.05042
  5.26      1.17456      0.08982      0.04876
  5.28      0.00000      0.08989      0.04469
  5.30      0.00000      0.08997      0.03805
  5.32      0.00000      0.09004      0.02883
  5.34      0.00000      0.09020      0.01903
  5.36      0.00000      0.09035      0.00873
  5.38      0.00000      0.09051     -0.00208
  5.40      0.00000      0.09074     -0.01082
  5.42      0.00000      0.09098     -0.01742
  5.44      0.00000      0.09121     -0.02187
  5.46      0.00000      0.09145     -0.02590
  5.48      0.00000      0.09168     -0.02949
  5.50      0.00000      0.09192     -0.03266
  5.52      0.00000      0.09215     -0.03540
  5.54      0.76100      0.09239     -0.03771
  5.56      0.00000      0.09247     -0.04013
  5.58      0.00000      0.09256     -0.04282
  5.60      0.00000      0.09264     -0.04576
  5.62      0.00000      0.09273     -0.04985
  5.64      0.00000      0.09282     -0.05508
  5.66      0.00000      0.09293     -0.06056
  5.68      0.00000      0.09304     -0.06454
  5.70      0.00000      0.09315     -0.06703
  5.72      0.00000      0.09328     -0.06804
  5.74      0.00000      0.09341     -0.06755
  5.76      0.00000      0.09354     -0.06556
  5.78      0.00000      0.09372     -0.06214
  5.80      0.00000      0.09390     -0.05721
  5.82      0.00000      0.09407     -0.05079
  5.84      0.00000      0.09425     -0.04198
  5.86      0.00000      0.09459     -0.03094
  5.88      0.00000      0.09492     -0.02027
  5.90      0.00000      0.09525     -0.01055
  5.92      0.00000      0.09568     -0.00187
  5.94      0.00000      0.09610      0.00585
  5.96      1.22937      0.09656      0.01259
  5.98      0.00000      0.09678      0.01886
  6.00      0.00000      0.09700      0.02441
  6.02      0.00000      0.09722      0.02926
  6.04      0.00000      0.09744      0.03368
  6.06      0.00000      0.09766      0.03498
  6.08      0.00000      0.09788      0.03317
  6.10      0.00000      0.09810      0.03102
  6.12      0.00000      0.09832      0.02851
  6.14      1.19293      0.09858      0.02563
  6.16      0.00000      0.09861      0.02263
  6.18      0.00000      0.09864      0.01928
  6.20      0.00000      0.09871      0.01483
  6.22      0.00000      0.09877      0.00968
  6.24      0.00000      0.09884      0.00383
  6.26      0.00000      0.09891     -0.00358
  6.28      0.32086      0.09900     -0.00986
  6.30      0.00000      0.09902     -0.01494
  6.32      0.00000      0.09908     -0.01984
  6.34      0.37649      0.09913     -0.02452
  6.36      0.00000      0.09911     -0.02891
  6.38      0.00000      0.09913     -0.03312
  6.40      0.00000      0.09915     -0.03712
  6.42      0.00000      0.09919     -0.04020
  6.44      0.00000      0.09923     -0.04309
  6.46      0.00000      0.09927     -0.04579
  6.48      0.00000      0.09932     -0.04744
  6.50      0.00000      0.09936     -0.04896
  6.52      0.48879      0.09954     -0.05047
  6.54      0.00000      0.09968     -0.05179
  6.56      0.00000      0.09984     -0.05204
  6.58      0.00000      0.10001     -0.05122
  6.60      0.00000      0.10017     -0.04931
  6.62      0.00000      0.10033     -0.04544
  6.64      0.00000      0.10049     -0.03988
  6.66      0.00000      0.10065     -0.03256
  6.68      0.00000      0.10082     -0.02351
  6.70      0.00000      0.10104     -0.01305
  6.72      0.00000      0.10131     -0.00118
  6.74      0.47272      0.10158      0.01216
  6.76      0.00000      0.10195      0.02685
  6.78      0.00000      0.10232      0.04019
  6.80      0.00000      0.10269      0.05216
  6.82      0.00000      0.10306      0.06277
  6.84      0.00000      0.10357      0.06998
  6.86      1.25153      0.10408      0.07393
  6.88      0.00000      0.10435      0.07556
  6.90      0.00000      0.10461      0.07462
  6.92      1.14997      0.10488      0.07111
  6.94      0.00000      0.10496      0.06522
  6.96      0.00000      0.10505      0.05690
  6.98      0.00000      0.10520      0.04663
  7.00      0.00000      0.10535      0.03726
  7.02      0.00000      0.10549      0.02881
  7.04      0.00000      0.10566      0.02187
  7.06      0.00000      0.10582      0.01699
  7.08      0.00000      0.10598      0.01418
  7.10      0.00000      0.10620      0.01363
  7.12      0.00000      0.10642      0.01539
  7.14      0.91533      0.10667      0.01946
  7.16      0.00000      0.10676      0.02599
  7.18      0.00000      0.10686      0.03440
  7.20      0.00000      0.10695      0.04315
  7.22      0.00000      0.10705      0.05131
  7.24      0.00000      0.10723      0.05879
  7.26      0.19744      0.10743      0.06380
  7.28      0.67757      0.10760      0.06759
  7.30      0.00000      0.10775      0.07015
  7.32      0.00000      0.10790      0.06961
  7.34      0.82488      0.10805      0.06598
  7.36      0.00000      0.10810      0.05955
  7.38      0.00000      0.10816      0.05023
  7.40      0.81671      0.10828      0.03840
  7.42      0.00000      0.10824      0.02593
  7.44      0.00000      0.10821      0.01267
  7.46      0.00000      0.10820     -0.00142
  7.48      0.00000      0.10820     -0.01406
  7.50      0.00000      0.10819     -0.02593
  7.52      0.00000      0.10819     -0.03705
  7.54      0.00000      0.10818     -0.04556
  7.56      0.00000      0.10823     -0.05152
  7.58      0.00000      0.10835     -0.05556
  7.60      0.00000      0.10850     -0.05763
  7.62      0.00000      0.10866     -0.05720
  7.64      0.00000      0.10884     -0.05515
  7.66      0.27051      0.10906     -0.05119
  7.68      0.00000      0.10923     -0.04524
  7.70      0.00000      0.10942     -0.03913
  7.72      0.16495      0.10961     -0.03287
  7.74      0.00000      0.10976     -0.02640
  7.76      0.00000      0.10993     -0.02038
  7.78      0.51233      0.11010     -0.01482
  7.80      0.00000      0.11018     -0.00901
  7.82      0.00000      0.11027     -0.00304
  7.84      0.00000      0.11036      0.00139
  7.86      0.00000      0.11046      0.00463
  7.88      0.00000      0.11056      0.00579
  7.90      0.00000      0.11072      0.00512
  7.92      0.90181      0.11087      0.00382
  7.94      0.00000      0.11085      0.00206
  7.96      0.40025      0.11084     -0.00034
  7.98      0.00000      0.11076     -0.00312
  8.00      0.00000      0.11083     -0.00651
  8.02      0.00000      0.11090     -0.01035
  8.04      0.00000      0.11100     -0.01470
  8.06      0.00000      0.11111     -0.01843
  8.08      0.00000      0.11122     -0.02138
  8.10      0.00000      0.11133     -0.02262
  8.12      0.00000      0.11144     -0.02288
  8.14      0.43040      0.11158     -0.02256
  8.16      0.00000      0.11164     -0.02155
  8.18      0.00000      0.11183     -0.02006
  8.20      0.38812      0.11202     -0.01849
  8.22      0.00000      0.11213     -0.01675
  8.24      0.00000      0.11225     -0.01514
  8.26      0.00000      0.11236     -0.01349
  8.28      0.23096      0.11249     -0.01151
  8.30      0.00000      0.11257     -0.01009
  8.32      0.26802      0.11269     -0.00962
  8.34      0.00000      0.11276     -0.00964
  8.36      0.00000      0.11284     -0.01021
  8.38      0.41792      0.11299     -0.01140
  8.40      0.00000      0.11305     -0.01255
  8.42      0.22678      0.11317     -0.01297
  8.44      0.00000      0.11325     -0.01259
  8.46      0.00000      0.11333     -0.01202
  8.48      0.00000      0.11342     -0.01175
  8.50      0.00000      0.11351     -0.01210
  8.52      0.00000      0.11363     -0.01217
  8.54      0.52251      0.11375     -0.01171
  8.56      0.22334      0.11383     -0.01045
  8.58      0.00000      0.11386     -0.00841
  8.60      0.00000      0.11394     -0.00565
  8.62      0.00000      0.11403     -0.00363
  8.64      0.00000      0.11414     -0.00308
  8.66      0.00000      0.11428     -0.00398
  8.68      0.00000      0.11442     -0.00490
  8.70      0.65865      0.11457     -0.00534
  8.72      0.40148      0.11461     -0.00517
  8.74      0.00000      0.11458     -0.00464
  8.76      0.00000      0.11456     -0.00446
  8.78      0.00000      0.11458     -0.00484
  8.80      0.00000      0.11461     -0.00531
  8.82      0.00000      0.11464     -0.00586
  8.84      0.28857      0.11468     -0.00483
  8.86      0.00000      0.11465     -0.00215
  8.88      0.00000      0.11463      0.00213
  8.90      0.00000      0.11473      0.00614
  8.92      0.00000      0.11486      0.00981
  8.94      0.49922      0.11499      0.01314
  8.96      0.00000      0.11519      0.01591
  8.98      0.59898      0.11539      0.01880
  9.00      0.00000      0.11549      0.02193
  9.02      0.00000      0.11558      0.02385
  9.04      0.15863      0.11569      0.02455
  9.06      0.00000      0.11576      0.02360
  9.08      0.00000      0.11584      0.02109
  9.10      0.59534      0.11593      0.01752
  9.12      0.00000      0.11591      0.01436
  9.14      0.22663      0.11591      0.01148
  9.16      0.31307      0.11586      0.00918
  9.18      0.00000      0.11585      0.00729
  9.20      0.00000      0.11583      0.00561
  9.22      0.00000      0.11586      0.00411
  9.24      0.00000      0.11589      0.00416
  9.26      0.20648      0.11595      0.00615
  9.28      0.00000      0.11596      0.00903
  9.30      0.00000      0.11599      0.01328
  9.32      0.00000      0.11615      0.01738
  9.34      0.00000      0.11637      0.02111
  9.36      0.71515      0.11661      0.02481
  9.38      0.00000      0.11678      0.02783
  9.40      0.67828      0.11696      0.03058
  9.42      0.00000      0.11702      0.03322
  9.44      0.00000      0.11715      0.03553
  9.46      0.32015      0.11728      0.03722
  9.48      0.00000      0.11740      0.03711
  9.50      0.00000      0.11751      0.03678
  9.52      0.00000      0.11764      0.03539
  9.54      0.00000      0.11778      0.03414
  9.56      0.53379      0.11796      0.03259
  9.58      0.00000      0.11804      0.03004
  9.60      0.26533      0.11815      0.02747
  9.62      0.14921      0.11820      0.02435
  9.64      0.23125      0.11826      0.02062
  9.66      0.37911      0.11829      0.01649
  9.68      0.00000      0.11825      0.01176
  9.70      0.19702      0.11824      0.00775
  9.72      0.00000      0.11819      0.00349
  9.74      0.00000      0.11815     -0.00016
  9.76      0.09795      0.11814     -0.00340
  9.78      0.00000      0.11810     -0.00603
  9.80      0.22768      0.11807     -0.00720
  9.82      0.00000      0.11805     -0.00834
  9.84      0.00000      0.11805     -0.00872
  9.86      0.16168      0.11805     -0.00835
  9.88      0.00000      0.11806     -0.00756
  9.90      0.51452      0.11806     -0.00614
  9.92      0.00000      0.11797     -0.00502
  9.94      0.00000      0.11787     -0.00381
  9.96      0.20784      0.11787     -0.00371
  9.98      0.00000      0.11789     -0.00469
 10.00      0.28672      0.11797     -0.00660
 10.02      0.00000      0.11800     -0.00952
 10.04      0.41273      0.11806     -0.01236
 10.06      0.00000      0.11803     -0.01598
 10.08      0.00000      0.11802     -0.02016
 10.10      0.00000      0.11802     -0.02477
 10.12      0.00000      0.11803     -0.02956
 10.14      0.36117      0.11804     -0.03377
 10.16      0.00000      0.11798     -0.03743
 10.18      0.15648      0.11797     -0.03975
 10.20      0.00000      0.11794     -0.04088
 10.22      0.00000      0.11793     -0.04077
 10.24      0.00000      0.11798     -0.03973
 10.26      0.00000      0.11803     -0.03798
 10.28      0.10859      0.11808     -0.03469
 10.30      0.00000      0.11814     -0.03048
 10.32      0.12344      0.11821     -0.02516
 10.34      0.00000      0.11826     -0.01947
 10.36      0.00000      0.11838     -0.01378
 10.38      0.42987      0.11850     -0.00824
 10.40      0.00000      0.11855     -0.00296
 10.42      0.44372      0.11865      0.00228
 10.44      0.12219      0.11867      0.00706
 10.46      0.09133      0.11868      0.01155
 10.48      0.00000      0.11868      0.01541
 10.50      0.00000      0.11868      0.01845
 10.52      0.30295      0.11872      0.02050
 10.54      0.00000      0.11871      0.02155
 10.56      0.16154      0.11870      0.02186
 10.58      0.00000      0.11872      0.02107
 10.60      0.48076      0.11878      0.01939
 10.62      0.00000      0.11874      0.01678
 10.64      0.29951      0.11871      0.01286
 10.66      0.26910      0.11862      0.00837
 10.68      0.00000      0.11851      0.00320
 10.70      0.17882      0.11842     -0.00220
 10.72      0.11901      0.11830     -0.00807
 10.74      0.14832      0.11822     -0.01363
 10.76      0.00000      0.11816     -0.01886
 10.78      0.00000      0.11811     -0.02342
 10.80      0.11808      0.11807     -0.02664
 10.82      0.00000      0.11802     -0.02857
 10.84      0.00000      0.11796     -0.02936
 10.86      0.00000      0.11792     -0.02896
 10.88      0.00000      0.11797     -0.02835
 10.90      0.00000      0.11804     -0.02747
 10.92      0.32122      0.11810     -0.02649
 10.94      0.08746      0.11810     -0.02499
 10.96      0.45059      0.11809     -0.02344
 10.98      0.00000      0.11806     -0.02185
 11.00      0.17389      0.11805     -0.02049
 11.02      0.00000      0.11807     -0.01953
 11.04      0.08655      0.11810     -0.01850
 11.06      0.00000      0.11811     -0.01722
 11.08      0.00000      0.11815     -0.01562
 11.10      0.20103      0.11819     -0.01268
 11.12      0.00000      0.11820     -0.00834
 11.14      0.22895      0.11827     -0.00327
 11.16      0.00000      0.11835      0.00224
 11.18      0.00000      0.11846      0.00829
 11.20      0.00000      0.11862      0.01486
 11.22      0.42642      0.11878      0.02219
 11.24      0.11354      0.11886      0.02935
 11.26      0.16981      0.11894      0.03529
 11.28      0.00000      0.11898      0.04007
 11.30      0.00000      0.11905      0.04375
 11.32      0.64818      0.11911      0.04568
 11.34      0.59013      0.11908      0.04630
 11.36      0.11224      0.11895      0.04645
 11.38      0.00000      0.11881      0.04641
 11.40      0.14528      0.11874      0.04545
 11.42      0.00838      0.11866      0.04369
 11.44      0.00000      0.11864      0.04052
 11.46      0.00000      0.11863      0.03742
 11.48      0.41670      0.11865      0.03461
 11.50      0.00000      0.11861      0.03224
 11.52      0.24905      0.11859      0.02980
 11.54      0.00000      0.11852      0.02777
 11.56      0.48239      0.11847      0.02504
 11.58      0.00000      0.11835      0.02166
 11.60      0.23358      0.11830      0.01709
 11.62      0.00000      0.11822      0.01225
 11.64      0.49266      0.11817      0.00710
 11.66      0.00000      0.11806      0.00210
 11.68      0.13648      0.11796     -0.00312
 11.70      0.00000      0.11788     -0.00774
 11.72      0.00000      0.11781     -0.01174
 11.74      0.08144      0.11779     -0.01471
 11.76      0.12880      0.11778     -0.01701
 11.78      0.00000      0.11775     -0.01754
 11.80      0.00000      0.11774     -0.01703
 11.82      0.08091      0.11773     -0.01512
 11.84      0.13451      0.11775     -0.01217
 11.86      0.08069      0.11776     -0.00818
 11.88      0.34881      0.11776     -0.00305
 11.90      0.00000      0.11773      0.00219
 11.92      0.02673      0.11770      0.00660
 11.94      0.00000      0.11777      0.01016
 11.96      0.00000      0.11783      0.01256
 11.98      0.63898      0.11789      0.01409
 12.00      0.26557      0.11785      0.01443
 12.02      0.07956      0.11776      0.01400
 12.04      0.18520      0.11770      0.01245
 12.06      0.00000      0.11760      0.01020
 12.08      0.18474      0.11756      0.00714
 12.10      0.13177      0.11751      0.00320
 12.12      0.07887      0.11746     -0.00049
 12.14      0.00000      0.11740     -0.00352
 12.16      0.00000      0.11734     -0.00647
 12.18      0.10477      0.11736     -0.00905
 12.20      0.13064      0.11736     -0.01127
 12.22      0.09133      0.11737     -0.01291
 12.24      0.32538      0.11735     -0.01390
 12.26      0.00000      0.11728     -0.01402
 12.28      0.00000      0.11722     -0.01414
 12.30      0.22046      0.11716     -0.01416
 12.32      0.00000      0.11707     -0.01425
 12.34      0.00000      0.11698     -0.01481
 12.36      0.38673      0.11690     -0.01586
 12.38      0.00000      0.11676     -0.01645
 12.40      0.19291      0.11663     -0.01662
 12.42      0.12844      0.11651     -0.01631
 12.44      0.00000      0.11639     -0.01630
 12.46      0.00000      0.11631     -0.01671
 12.48      0.00000      0.11627     -0.01753
 12.50      0.00000      0.11623     -0.01807
 12.52      0.50930      0.11620     -0.01850
 12.54      0.00000      0.11609     -0.01837
 12.56      0.02539      0.11601     -0.01782
 12.58      0.10766      0.11594     -0.01642
 12.60      0.12650      0.11586     -0.01482
 12.62      0.00000      0.11580     -0.01358
 12.64      0.12618      0.11578     -0.01290
 12.66      0.00000      0.11575     -0.01175
 12.68      0.25156      0.11576     -0.01008
 12.70      0.23849      0.11575     -0.00798
 12.72      0.07520      0.11570     -0.00545
 12.74      0.00000      0.11565     -0.00260
 12.76      0.02498      0.11561      0.00044
 12.78      0.17450      0.11562      0.00367
 12.80      0.02493      0.11562      0.00571
 12.82      0.16168      0.11562      0.00680
 12.84      0.00000      0.11561      0.00750
 12.86      0.09916      0.11561      0.00832
 12.88      0.64313      0.11558      0.00906
 12.90      0.17295      0.11546      0.00948
 12.92      0.00000      0.11531      0.00934
 12.94      0.00000      0.11516      0.00844
 12.96      0.00000      0.11504      0.00703
 12.98      0.19659      0.11494      0.00510
 13.00      0.26973      0.11486      0.00257
 13.02      0.07348      0.11473      0.00095
 13.04      0.04888      0.11464      0.00033
 13.06      0.02441      0.11455      0.00065
 13.08      0.09745      0.11446      0.00086
 13.10      0.00000      0.11437      0.00054
 13.12      0.10939      0.11428     -0.00003
 13.14      0.02428      0.11421     -0.00050
 13.16      0.46044      0.11415     -0.00076
 13.18      0.21764      0.11401     -0.00094
 13.20      0.09179      0.11384     -0.00108
 13.22      0.07231      0.11367     -0.00098
 13.24      0.02408      0.11349     -0.00111
 13.26      0.19224      0.11334     -0.00191
 13.28      0.02400      0.11322     -0.00353
 13.30      0.00000      0.11310     -0.00500
 13.32      0.00000      0.11301     -0.00580
 13.34      0.31078      0.11293     -0.00605
 13.36      0.16702      0.11285     -0.00586
 13.38      0.07150      0.11279     -0.00530
 13.40      0.07135      0.11274     -0.00456
 13.42      0.09503      0.11268     -0.00359
 13.44      0.07113      0.11264     -0.00242
 13.46      0.02368      0.11261     -0.00089
 13.48      0.29577      0.11258      0.00105
 13.50      0.00000      0.11250      0.00341
 13.52      0.11795      0.11246      0.00577
 13.54      0.00000      0.11240      0.00762
 13.56      0.25873      0.11239      0.00923
 13.58      0.21127      0.11232      0.01056
 13.60      0.09380      0.11226      0.01174
 13.62      0.30428      0.11222      0.01309
 13.64      0.00000      0.11216      0.01498
 13.66      0.11680      0.11210      0.01665
 13.68      0.00000      0.11207      0.01764
 13.70      0.09316      0.11205      0.01831
 13.72      0.00000      0.11206      0.01877
 13.74      0.44122      0.11206      0.01911
 13.76      0.21439      0.11198      0.01971
 13.78      0.00000      0.11189      0.01998
 13.80      0.09243      0.11184      0.02026
 13.82      0.10382      0.11177      0.02026
 13.84      0.14978      0.11171      0.01995
 13.86      0.25299      0.11163      0.01833
 13.88      0.01723      0.11152      0.01660
 13.90      0.22933      0.11141      0.01524
 13.92      0.00000      0.11130      0.01408
 13.94      0.48060      0.11120      0.01320
 13.96      0.00000      0.11100      0.01250
 13.98      0.03421      0.11082      0.01211
 14.00      0.00000      0.11065      0.01215
 14.02      0.00000      0.11057      0.01193
 14.04      0.15901      0.11051      0.01144
 14.06      0.00000      0.11043      0.01064
 14.08      0.20391      0.11039      0.01053
 14.10      0.24876      0.11033      0.01000
 14.12      0.27109      0.11025      0.00869
 14.14      0.00000      0.11013      0.00674
 14.16      0.09012      0.11002      0.00395
 14.18      0.35983      0.10988      0.00080
 14.20      0.15715      0.10971     -0.00316
 14.22      0.02243      0.10951     -0.00770
 14.24      0.04477      0.10933     -0.01219
 14.26      0.00000      0.10919     -0.01621
 14.28      0.16746      0.10908     -0.01961
 14.30      0.00000      0.10894     -0.02296
 14.32      0.02227      0.10883     -0.02525
 14.34      0.00000      0.10874     -0.02630
 14.36      0.00000      0.10866     -0.02653
 14.38      0.21070      0.10858     -0.02576
 14.40      0.00000      0.10849     -0.02464
 14.42      0.06639      0.10841     -0.02280
 14.44      0.26486      0.10835     -0.02036
 14.46      0.00000      0.10827     -0.01793
 14.48      0.24230      0.10819     -0.01541
 14.50      0.00000      0.10810     -0.01306
 14.52      0.00000      0.10801     -0.01047
 14.54      0.22486      0.10792     -0.00859
 14.56      0.00000      0.10785     -0.00738
 14.58      0.18593      0.10779     -0.00651
 14.60      0.00000      0.10770     -0.00606
 14.62      0.34917      0.10762     -0.00545
 14.64      0.00000      0.10748     -0.00479
 14.66      0.13060      0.10737     -0.00428
 14.68      0.10861      0.10725     -0.00326
 14.70      0.00000      0.10712     -0.00262
 14.72      0.02167      0.10703     -0.00242
 14.74      0.05410      0.10696     -0.00258
 14.76      0.00000      0.10689     -0.00256
 14.78      0.42089      0.10682     -0.00243
 14.80      0.19393      0.10667     -0.00204
 14.82      0.02153      0.10651     -0.00169
 14.84      0.16120      0.10636     -0.00158
 14.86      0.02147      0.10623     -0.00165
 14.88      0.04288      0.10611     -0.00176
 14.90      0.21405      0.10598     -0.00242
 14.92      0.08554      0.10588     -0.00276
 14.94      0.02135      0.10578     -0.00249
 14.96      0.00000      0.10569     -0.00233
 14.98      0.17038      0.10559     -0.00212
 15.00      0.08506      0.10546     -0.00191
 15.02      0.00000      0.10535     -0.00171
 15.04      0.37122      0.10527     -0.00112
 15.06      0.10589      0.10513     -0.00046
 15.08      0.06348      0.10498      0.00005
 15.10      0.08451      0.10484      0.00043
 15.12      0.00000      0.10471      0.00095
 15.14      0.27399      0.10458      0.00127
 15.16      0.08415      0.10442      0.00153
 15.18      0.00000      0.10426      0.00239
 15.20      0.06292      0.10414      0.00305
 15.22      0.15720      0.10403      0.00367
 15.24      0.00000      0.10392      0.00377
 15.26      0.06271      0.10382      0.00323
 15.28      0.40677      0.10370      0.00263
 15.30      0.00000      0.10356      0.00218
 15.32      0.32281      0.10346      0.00185
 15.34      0.02078      0.10330      0.00183
 15.36      0.00000      0.10313      0.00193
 15.38      0.00000      0.10300      0.00141
 15.40      0.10349      0.10290      0.00021
 15.42      0.02068      0.10278     -0.00073
 15.44      0.20651      0.10270     -0.00149
 15.46      0.30929      0.10259     -0.00158
 15.48      0.02060      0.10243     -0.00103
 15.50      0.06171      0.10228      0.00008
 15.52      0.00000      0.10217      0.00159
 15.54      0.10262      0.10208      0.00318
 15.56      0.13321      0.10197      0.00450
 15.58      0.00000      0.10184      0.00581
 15.60      0.03067      0.10175      0.00779
 15.62      0.36751      0.10168      0.01015
 15.64      0.15300      0.10154      0.01223
 15.66      0.06109      0.10140      0.01399
 15.68      0.00000      0.10126      0.01553
 15.70      0.14227      0.10114      0.01654
 15.72      0.28405      0.10098      0.01683
 15.74      0.00000      0.10078      0.01638
 15.76      0.00000      0.10062      0.01524
 15.78      0.28286      0.10052      0.01382
 15.80      0.22192      0.10039      0.01236
 15.82      0.04032      0.10022      0.01050
 15.84      0.28687      0.10005      0.00849
 15.86      0.00000      0.09987      0.00673
 15.88      0.02008      0.09969      0.00516
 15.90      0.08023      0.09955      0.00352
 15.92      0.00000      0.09941      0.00220
 15.94      0.10007      0.09929      0.00096
 15.96      0.01999      0.09915      0.00020
 15.98      0.13979      0.09906      0.00021
 16.00      0.09971      0.09898      0.00061
 16.02      0.33828      0.09889      0.00095
 16.04      0.00000      0.09874      0.00144
 16.06      0.01986      0.09859      0.00193
 16.08      0.13880      0.09847      0.00243
 16.10      0.29701      0.09834      0.00295
 16.12      0.03957      0.09817      0.00339
 16.14      0.00000      0.09802      0.00377
 16.16      0.00000      0.09791      0.00456
 16.18      0.01970      0.09782      0.00496
 16.20      0.22643      0.09773      0.00494
 16.22      0.01967      0.09765      0.00485
 16.24      0.09824      0.09757      0.00473
 16.26      0.36279      0.09750      0.00450
 16.28      0.05874      0.09736      0.00427
 16.30      0.00000      0.09722      0.00385
 16.32      0.26379      0.09710      0.00328
 16.34      0.11708      0.09693      0.00289
 16.36      0.00000      0.09677      0.00241
 16.38      0.01947      0.09661      0.00149
 16.40      0.00000      0.09644      0.00106
 16.42      0.05830      0.09630      0.00046
 16.44      0.15519      0.09616     -0.00046
 16.46      0.17430      0.09600     -0.00129
 16.48      0.00000      0.09583     -0.00217
 16.50      0.36745      0.09567     -0.00322
 16.52      0.03860      0.09546     -0.00435
 16.54      0.00000      0.09524     -0.00551
 16.56      0.17337      0.09505     -0.00654
 16.58      0.05771      0.09486     -0.00749
 16.60      0.01922      0.09466     -0.00822
 16.62      0.00000      0.09449     -0.00940
 16.64      0.01916      0.09432     -0.01041
 16.66      0.21049      0.09420     -0.01118
 16.68      0.07649      0.09403     -0.01188
 16.70      0.17188      0.09386     -0.01236
 16.72      0.07629      0.09368     -0.01241
 16.74      0.03812      0.09349     -0.01207
 16.76      0.01903      0.09329     -0.01169
 16.78      0.05699      0.09311     -0.01201
 16.80      0.00000      0.09292     -0.01264
 16.82      0.06639      0.09277     -0.01352
 16.84      0.15149      0.09264     -0.01421
 16.86      0.34043      0.09249     -0.01471
 16.88      0.09450      0.09231     -0.01513
 16.90      0.00000      0.09212     -0.01547
 16.92      0.00000      0.09193     -0.01570
 16.94      0.00000      0.09176     -0.01603
 16.96      0.13169      0.09161     -0.01653
 16.98      0.00000      0.09145     -0.01681
 17.00      0.00000      0.09128     -0.01608
 17.02      0.11246      0.09114     -0.01460
 17.04      0.09360      0.09100     -0.01266
 17.06      0.00000      0.09084     -0.01041
 17.08      0.07474      0.09072     -0.00812
 17.10      0.27525      0.09065     -0.00579
 17.12      0.11175      0.09054     -0.00335
 17.14      0.02792      0.09041     -0.00073
 17.16      0.09295      0.09028      0.00203
 17.18      0.13923      0.09017      0.00510
 17.20      0.00000      0.09004      0.00840
 17.22      0.03706      0.08992      0.01138
 17.24      0.14805      0.08981      0.01371
 17.26      0.01848      0.08969      0.01567
 17.28      0.00000      0.08956      0.01722
 17.30      0.30430      0.08945      0.01854
 17.32      0.42825      0.08932      0.01970
 17.34      0.00000      0.08911      0.02073
 17.36      0.03675      0.08893      0.02102
 17.38      0.05506      0.08875      0.02070
 17.40      0.08248      0.08855      0.01959
 17.42      0.01832      0.08835      0.01770
 17.44      0.25616      0.08817      0.01487
 17.46      0.10049      0.08795      0.01193
 17.48      0.07297      0.08772      0.00889
 17.50      0.00000      0.08754      0.00584
 17.52      0.34597      0.08738      0.00259
 17.54      0.10912      0.08715     -0.00073
 17.56      0.00000      0.08691     -0.00398
 17.58      0.00000      0.08669     -0.00665
 17.60      0.12686      0.08648     -0.00869
 17.62      0.03620      0.08625     -0.00990
 17.64      0.00000      0.08604     -0.01031
 17.66      0.00000      0.08586     -0.00945
 17.68      0.09923      0.08573     -0.00809
 17.70      0.00000      0.08559     -0.00637
 17.72      0.00000      0.08544     -0.00451
 17.74      0.05395      0.08532     -0.00220
 17.76      0.32334      0.08524      0.00041
 17.78      0.17932      0.08511      0.00304
 17.80      0.11643      0.08493      0.00563
 17.82      0.00000      0.08478      0.00784
 17.84      0.07152      0.08466      0.00955
 17.86      0.19635      0.08453      0.01093
 17.88      0.00000      0.08439      0.01179
 17.90      0.18719      0.08425      0.01261
 17.92      0.03560      0.08408      0.01327
 17.94      0.00000      0.08393      0.01379
 17.96      0.07107      0.08377      0.01394
 17.98      0.08208      0.08362      0.01378
 18.00      0.26577      0.08345      0.01367
 18.02      0.10619      0.08326      0.01320
 18.04      0.10613      0.08306      0.01268
 18.06      0.03533      0.08289      0.01237
 18.08      0.08819      0.08271      0.01188
 18.10      0.21142      0.08253      0.01097
 18.12      0.00000      0.08233      0.00964
 18.14      0.00000      0.08217      0.00816
 18.16      0.19319      0.08201      0.00667
 18.18      0.16663      0.08181      0.00518
 18.20      0.00000      0.08158      0.00372
 18.22      0.07004      0.08135      0.00195
 18.24      0.05247      0.08114      0.00028
 18.26      0.13097      0.08095     -0.00123
 18.28      0.00000      0.08076     -0.00312
 18.30      0.15690      0.08060     -0.00498
 18.32      0.03482      0.08041     -0.00647
 18.34      0.00000      0.08023     -0.00767
 18.36      0.27788      0.08008     -0.00865
 18.38      0.02604      0.07988     -0.00956
 18.40      0.01734      0.07968     -0.01027
 18.42      0.05193      0.07948     -0.01074
 18.44      0.01729      0.07929     -0.01069
 18.46      0.12098      0.07911     -0.01025
 18.48      0.02071      0.07892     -0.00993
 18.50      0.00000      0.07875     -0.00936
 18.52      0.02583      0.07859     -0.00881
 18.54      0.01721      0.07847     -0.00832
 18.56      0.27505      0.07835     -0.00807
 18.58      0.10301      0.07818     -0.00798
 18.60      0.11144      0.07802     -0.00785
 18.62      0.00000      0.07784     -0.00775
 18.64      0.16262      0.07768     -0.00791
 18.66      0.05130      0.07749     -0.00837
 18.68      0.00000      0.07729     -0.00911
 18.70      0.02558      0.07711     -0.00982
 18.72      0.08523      0.07694     -0.01042
 18.74      0.06811      0.07678     -0.01073
 18.76      0.00000      0.07663     -0.01095
 18.78      0.11889      0.07649     -0.01090
 18.80      0.00000      0.07633     -0.01050
 18.82      0.08054      0.07618     -0.00989
 18.84      0.09312      0.07601     -0.00902
 18.86      0.06765      0.07583     -0.00768
 18.88      0.17174      0.07566     -0.00607
 18.90      0.06750      0.07549     -0.00429
 18.92      0.00000      0.07533     -0.00221
 18.94      0.00000      0.07518      0.00012
 18.96      0.16818      0.07503      0.00238
 18.98      0.03360      0.07484      0.00476
 19.00      0.00000      0.07467      0.00729
 19.02      0.03355      0.07449      0.00931
 19.04      0.19266      0.07431      0.01067
 19.06      0.02510      0.07412      0.01131
 19.08      0.00000      0.07394      0.01120
 19.10      0.46783      0.07376      0.01047
 19.12      0.14187      0.07351      0.00934
 19.14      0.01667      0.07325      0.00755
 19.16      0.00000      0.07300      0.00487
 19.18      0.08312      0.07275      0.00163
 19.20      0.00000      0.07251     -0.00191
 19.22      0.08300      0.07229     -0.00587
 19.24      0.14093      0.07206     -0.00943
 19.26      0.01656      0.07182     -0.01226
 19.28      0.00000      0.07160     -0.01429
 19.30      0.04960      0.07138     -0.01566
 19.32      0.06607      0.07116     -0.01622
 19.34      0.00000      0.07096     -0.01599
 19.36      0.00000      0.07081     -0.01519
 19.38      0.05758      0.07066     -0.01328
 19.40      0.00000      0.07050     -0.01030
 19.42      0.04929      0.07038     -0.00711
 19.44      0.16410      0.07026     -0.00373
 19.46      0.00000      0.07010     -0.00014
 19.48      0.00000      0.06999      0.00330
 19.50      0.35186      0.06989      0.00648
 19.52      0.09810      0.06973      0.00978
 19.54      0.00000      0.06955      0.01287
 19.56      0.09785      0.06940      0.01542
 19.58      0.04886      0.06926      0.01782
 19.60      0.00000      0.06911      0.01941
 19.62      0.09758      0.06895      0.01998
 19.64      0.17868      0.06880      0.02045
 19.66      0.00000      0.06862      0.02090
 19.68      0.25922      0.06845      0.02061
 19.70      0.08093      0.06824      0.01988
 19.72      0.00000      0.06802      0.01884
 19.74      0.04849      0.06781      0.01694
 19.76      0.29063      0.06758      0.01458
 19.78      0.01613      0.06732      0.01215
 19.80      0.00000      0.06710      0.00932
 19.82      0.22527      0.06691      0.00675
 19.84      0.00000      0.06669      0.00469
 19.86      0.01606      0.06646      0.00253
 19.88      0.08021      0.06624      0.00029
 19.90      0.00000      0.06603     -0.00135
 19.92      0.01602      0.06582     -0.00267
 19.94      0.14402      0.06564     -0.00378
 19.96      0.00000      0.06543     -0.00395
 19.98      0.00000      0.06523     -0.00373
 20.00      0.11163      0.06504     -0.00335
 20.02      0.05576      0.06484     -0.00270
 20.04      0.01591      0.06465     -0.00212
 20.06      0.22255      0.06447     -0.00180
 20.08      0.06355      0.06427     -0.00134
 20.10      0.04365      0.06405     -0.00079
 20.12      0.09512      0.06385     -0.00042
 20.14      0.06335      0.06367      0.00010
 20.16      0.00000      0.06347      0.00074
 20.18      0.00000      0.06328      0.00077
 20.20      0.01580      0.06311      0.00054
 20.22      0.03156      0.06296      0.00022
 20.24      0.09456      0.06280     -0.00013
 20.26      0.25969      0.06265     -0.00048
 20.28      0.09435      0.06246     -0.00066
 20.30      0.00000      0.06226     -0.00079
 20.32      0.03141      0.06207     -0.00087
 20.34      0.09414      0.06188     -0.00080
 20.36      0.00000      0.06168     -0.00106
 20.38      0.03130      0.06149     -0.00158
 20.40      0.01563      0.06132     -0.00179
 20.42      0.00000      0.06117     -0.00185
 20.44      0.21840      0.06103     -0.00181
 20.46      0.04678      0.06085     -0.00173
 20.48      0.00000      0.06067     -0.00154
 20.50      0.10114      0.06051     -0.00128
 20.52      0.04664      0.06033     -0.00107
 20.54      0.10868      0.06013     -0.00103
 20.56      0.03878      0.05993     -0.00137
 20.58      0.00000      0.05972     -0.00165
 20.60      0.10844      0.05953     -0.00181
 20.62      0.06189      0.05934     -0.00207
 20.64      0.10044      0.05915     -0.00222
 20.66      0.01544      0.05894     -0.00238
 20.68      0.00000      0.05875     -0.00271
 20.70      0.05394      0.05856     -0.00329
 20.72      0.00000      0.05836     -0.00422
 20.74      0.12309      0.05817     -0.00531
 20.76      0.14987      0.05796     -0.00625
 20.78      0.05373      0.05773     -0.00689
 20.80      0.04600      0.05749     -0.00735
 20.82      0.01532      0.05727     -0.00781
 20.84      0.00000      0.05706     -0.00836
 20.86      0.03823      0.05686     -0.00929
 20.88      0.00000      0.05666     -0.01037
 20.90      0.07633      0.05646     -0.01125
 20.92      0.09912      0.05627     -0.01187
 20.94      0.09142      0.05607     -0.01194
 20.96      0.01522      0.05586     -0.01149
 20.98      0.00000      0.05565     -0.01104
 21.00      0.01519      0.05545     -0.01059
 21.02      0.00000      0.05526     -0.01013
 21.04      0.00000      0.05508     -0.00960
 21.06      0.23488      0.05490     -0.00883
 21.08      0.00000      0.05469     -0.00756
 21.10      0.03023      0.05449     -0.00585
 21.12      0.06797      0.05428     -0.00388
 21.14      0.00226      0.05413     -0.00176
 21.16      0.00000      0.05400      0.00007
 21.18      0.00000      0.05387      0.00161
 21.20      0.14300      0.05373      0.00325
 21.22      0.01504      0.05358      0.00494
 21.24      0.19906      0.05343      0.00652
 21.26      0.04502      0.05325      0.00799
 21.28      0.07494      0.05308      0.00935
 21.30      0.01498      0.05289      0.01049
 21.32      0.10470      0.05271      0.01130
 21.34      0.04484      0.05252      0.01146
 21.36      0.00000      0.05233      0.01099
 21.38      0.03730      0.05215      0.01042
 21.40      0.02982      0.05196      0.00967
 21.42      0.31284      0.05177      0.00858
 21.44      0.00000      0.05152      0.00727
 21.46      0.01486      0.05127      0.00588
 21.48      0.11137      0.05106      0.00458
 21.50      0.05191      0.05083      0.00322
 21.52      0.00000      0.05060      0.00188
 21.54      0.00000      0.05040      0.00060
 21.56      0.00000      0.05021     -0.00010
 21.58      0.13307      0.05002     -0.00024
 21.60      0.02216      0.04982     -0.00031
 21.62      0.00000      0.04962     -0.00023
 21.64      0.04423      0.04942      0.00024
 21.66      0.01473      0.04922      0.00109
 21.68      0.17652      0.04904      0.00222
 21.70      0.04410      0.04883      0.00318
 21.72      0.00000      0.04864      0.00397
 21.74      0.00000      0.04845      0.00448
 21.76      0.00000      0.04828      0.00466
 21.78      0.21980      0.04810      0.00441
 21.80      0.11709      0.04794      0.00372
 21.82      0.06580      0.04776      0.00314
 21.84      0.02922      0.04757      0.00275
 21.86      0.00000      0.04739      0.00201
 21.88      0.01458      0.04721      0.00097
 21.90      0.00000      0.04704     -0.00036
 21.92      0.00000      0.04687     -0.00156
 21.94      0.21447      0.04670     -0.00245
 21.96      0.00000      0.04651     -0.00276
 21.98      0.00000      0.04633     -0.00256
 22.00      0.05803      0.04615     -0.00193
 22.02      0.00000      0.04596     -0.00087
 22.04      0.00000      0.04579      0.00012
 22.06      0.07232      0.04562      0.00080
 22.08      0.02167      0.04545      0.00167
 22.10      0.01444      0.04529      0.00265
 22.12      0.15862      0.04516      0.00383
 22.14      0.10083      0.04499      0.00512
 22.16      0.02879      0.04482      0.00639
 22.18      0.02878      0.04466      0.00724
 22.20      0.01438      0.04448      0.00768
 22.22      0.08617      0.04431      0.00777
 22.24      0.01435      0.04412      0.00754
 22.26      0.15051      0.04393      0.00736
 22.28      0.07878      0.04373      0.00739
 22.30      0.00000      0.04353      0.00737
 22.32      0.00000      0.04334      0.00730
 22.34      0.00000      0.04316      0.00690
 22.36      0.04280      0.04298      0.00606
 22.38      0.05700      0.04280      0.00480
 22.40      0.04272      0.04261      0.00341
 22.42      0.15647      0.04241      0.00199
 22.44      0.12083      0.04219      0.00049
 22.46      0.00000      0.04195     -0.00111
 22.48      0.03550      0.04173     -0.00303
 22.50      0.01418      0.04151     -0.00524
 22.52      0.02835      0.04129     -0.00748
 22.54      0.00000      0.04108     -0.00970
 22.56      0.04243      0.04088     -0.01167
 22.58      0.00000      0.04068     -0.01317
 22.60      0.00000      0.04050     -0.01424
 22.62      0.03526      0.04031     -0.01492
 22.64      0.05284      0.04014     -0.01523
 22.66      0.00000      0.03996     -0.01508
 22.68      0.00000      0.03979     -0.01450
 22.70      0.01405      0.03962     -0.01342
 22.72      0.02808      0.03945     -0.01187
 22.74      0.00702      0.03928     -0.01030
 22.76      0.00000      0.03912     -0.00883
 22.78      0.02802      0.03896     -0.00745
 22.80      0.00000      0.03882     -0.00625
 22.82      0.20973      0.03868     -0.00522
 22.84      0.08383      0.03852     -0.00419
 22.86      0.00000      0.03834     -0.00327
 22.88      0.00000      0.03816     -0.00258
 22.90      0.00000      0.03799     -0.00210
 22.92      0.00696      0.03782     -0.00182
 22.94      0.09736      0.03765     -0.00177
 22.96      0.03475      0.03748     -0.00164
 22.98      0.00000      0.03731     -0.00136
 23.00      0.01387      0.03715     -0.00101
 23.02      0.01386      0.03698     -0.00046
 23.04      0.08307      0.03682      0.00027
 23.06      0.04150      0.03664      0.00078
 23.08      0.01382      0.03645      0.00110
 23.10      0.00000      0.03628      0.00130
 23.12      0.01380      0.03612      0.00141
 23.14      0.19297      0.03595      0.00140
 23.16      0.08265      0.03576      0.00127
 23.18      0.00000      0.03555      0.00121
 23.20      0.00000      0.03534      0.00125
 23.22      0.01374      0.03514      0.00143
 23.24      0.02745      0.03494      0.00140
 23.26      0.00000      0.03475      0.00118
 23.28      0.01370      0.03457      0.00117
 23.30      0.00000      0.03440      0.00138
 23.32      0.16421      0.03423      0.00174
 23.34      0.01367      0.03405      0.00226
 23.36      0.00683      0.03387      0.00294
 23.38      0.05459      0.03371      0.00382
 23.40      0.02727      0.03354      0.00443
 23.42      0.00000      0.03337      0.00458
 23.44      0.00000      0.03320      0.00428
 23.46      0.00000      0.03306      0.00381
 23.48      0.23103      0.03293      0.00323
 23.50      0.06789      0.03275      0.00259
 23.52      0.00000      0.03257      0.00192
 23.54      0.05084      0.03239      0.00125
 23.56      0.00000      0.03221      0.00062
 23.58      0.01353      0.03202     -0.00001
 23.60      0.01352      0.03184     -0.00064
 23.62      0.00675      0.03166     -0.00098
 23.64      0.00000      0.03150     -0.00088
 23.66      0.00000      0.03134     -0.00024
 23.68      0.00000      0.03118      0.00076
 23.70      0.09425      0.03103      0.00207
 23.72      0.00000      0.03087      0.00331
 23.74      0.00000      0.03073      0.00434
 23.76      0.08727      0.03058      0.00513
 23.78      0.01476      0.03041      0.00572
 23.80      0.20775      0.03025      0.00611
 23.82      0.05357      0.03008      0.00647
 23.84      0.01338      0.02990      0.00677
 23.86      0.00000      0.02973      0.00699
 23.88      0.00000      0.02957      0.00683
 23.90      0.00000      0.02940      0.00644
 23.92      0.01334      0.02924      0.00583
 23.94      0.00000      0.02907      0.00532
 23.96      0.13647      0.02891      0.00502
 23.98      0.01330      0.02874      0.00495
 24.00      0.00000      0.02856      0.00507
 24.02      0.07969      0.02839      0.00532
 24.04      0.00000      0.02821      0.00528
 24.06      0.00000      0.02802      0.00492
 24.08      0.02650      0.02784      0.00418
 24.10      0.02647      0.02766      0.00332
 24.12      0.19177      0.02748      0.00232
 24.14      0.00000      0.02727      0.00123
 24.16      0.01320      0.02707     -0.00001
 24.18      0.03299      0.02687     -0.00144
 24.20      0.00000      0.02668     -0.00309
 24.22      0.00000      0.02649     -0.00489
 24.24      0.02632      0.02631     -0.00677
 24.26      0.00000      0.02614     -0.00828
 24.28      0.01314      0.02597     -0.00944
 24.30      0.00000      0.02581     -0.01012
 24.32      0.02623      0.02566     -0.01036
 24.34      0.00000      0.02550     -0.01017
 24.36      0.00000      0.02535     -0.00970
 24.38      0.00000      0.02520     -0.00895
 24.40      0.01308      0.02505     -0.00793
 24.42      0.01306      0.02491     -0.00661
 24.44      0.05874      0.02476     -0.00506
 24.46      0.01304      0.02463     -0.00342
 24.48      0.00000      0.02450     -0.00185
 24.50      0.00000      0.02437     -0.00036
 24.52      0.02603      0.02425      0.00075
 24.54      0.09103      0.02412      0.00154
 24.56      0.01299      0.02399      0.00203
 24.58      0.00000      0.02385      0.00229
 24.60      0.14267      0.02371      0.00234
 24.62      0.00648      0.02355      0.00219
 24.64      0.01295      0.02339      0.00179
 24.66      0.02588      0.02323      0.00121
 24.68      0.00000      0.02307      0.00060
 24.70      0.00000      0.02291     -0.00008
 24.72      0.01291      0.02275     -0.00079
 24.74      0.00000      0.02259     -0.00126
 24.76      0.03222      0.02244     -0.00167
 24.78      0.02575      0.02228     -0.00200
 24.80      0.00000      0.02211     -0.00229
 24.82      0.01286      0.02194     -0.00256
 24.84      0.10275      0.02178     -0.00280
 24.86      0.00000      0.02161     -0.00297
 24.88      0.02565      0.02145     -0.00315
 24.90      0.00000      0.02129     -0.00337
 24.92      0.00000      0.02113     -0.00360
 24.94      0.00000      0.02097     -0.00389
 24.96      0.02556      0.02081     -0.00431
 24.98      0.03832      0.02066     -0.00473
 25.00      0.00000      0.02051     -0.00514
 25.02      0.03188      0.02035     -0.00552
 25.04      0.00000      0.02019     -0.00576
 25.06      0.03818      0.02003     -0.00586
 25.08      0.00000      0.01987     -0.00578
 25.10      0.00000      0.01971     -0.00553
 25.12      0.01270      0.01957     -0.00511
 25.14      0.00000      0.01942     -0.00452
 25.16      0.00000      0.01927     -0.00369
 25.18      0.03802      0.01914     -0.00270
 25.20      0.02639      0.01901     -0.00150
 25.22      0.00000      0.01887     -0.00011
 25.24      0.01264      0.01874      0.00146
 25.26      0.01895      0.01860      0.00291
 25.28      0.00000      0.01846      0.00417
 25.30      0.00000      0.01833      0.00510
 25.32      0.00000      0.01820      0.00571
 25.34      0.15107      0.01807      0.00613
 25.36      0.02516      0.01792      0.00638
 25.38      0.06287      0.01778      0.00635
 25.40      0.03140      0.01762      0.00610
 25.42      0.00000      0.01746      0.00559
 25.44      0.00000      0.01730      0.00482
 25.46      0.05013      0.01714      0.00379
 25.48      0.00000      0.01698      0.00285
 25.50      0.00000      0.01681      0.00209
 25.52      0.00000      0.01667      0.00165
 25.54      0.00000      0.01654      0.00159
 25.56      0.00000      0.01641      0.00157
 25.58      0.01248      0.01628      0.00160
 25.60      0.00000      0.01615      0.00175
 25.62      0.00000      0.01602      0.00200
 25.64      0.14930      0.01590      0.00234
 25.66      0.00000      0.01575      0.00279
 25.68      0.01864      0.01560      0.00331
 25.70      0.00000      0.01544      0.00380
 25.72      0.00000      0.01529      0.00403
 25.74      0.01239      0.01514      0.00389
 25.76      0.00000      0.01499      0.00336
 25.78      0.00000      0.01484      0.00274
 25.80      0.10513      0.01470      0.00200
 25.82      0.02472      0.01455      0.00120
 25.84      0.00000      0.01440      0.00030
 25.86      0.02468      0.01426     -0.00068
 25.88      0.00617      0.01412     -0.00171
 25.90      0.00000      0.01398     -0.00279
 25.92      0.00000      0.01384     -0.00391
 25.94      0.00000      0.01370     -0.00476
 25.96      0.00614      0.01356     -0.00528
 25.98      0.00000      0.01342     -0.00546
 26.00      0.00000      0.01330     -0.00541
 26.02      0.00613      0.01318     -0.00510
 26.04      0.00000      0.01306     -0.00462
 26.06      0.00000      0.01294     -0.00396
 26.08      0.01223      0.01283     -0.00311
 26.10      0.00000      0.01271     -0.00210
 26.12      0.03665      0.01260     -0.00093
 26.14      0.00000      0.01248      0.00041
 26.16      0.00000      0.01238      0.00148
 26.18      0.01219      0.01229      0.00231
 26.20      0.01218      0.01219      0.00289
 26.22      0.00000      0.01209      0.00323
 26.24      0.14591      0.01200      0.00337
 26.26      0.00000      0.01187      0.00341
 26.28      0.00000      0.01175      0.00327
 26.30      0.00000      0.01163      0.00298
 26.32      0.00303      0.01151      0.00256
 26.34      0.00000      0.01138      0.00197
 26.36      0.02421      0.01126      0.00120
 26.38      0.00000      0.01114      0.00060
 26.40      0.00000      0.01102      0.00015
 26.42      0.03080      0.01089     -0.00015
 26.44      0.00000      0.01076     -0.00032
 26.46      0.00000      0.01064     -0.00045
 26.48      0.00000      0.01052     -0.00061
 26.50      0.01204      0.01040     -0.00074
 26.52      0.00000      0.01027     -0.00087
 26.54      0.04810      0.01015     -0.00104
 26.56      0.01201      0.01002     -0.00119
 26.58      0.00000      0.00990     -0.00131
 26.60      0.01800      0.00978     -0.00150
 26.62      0.01199      0.00965     -0.00180
 26.64      0.00000      0.00954     -0.00217
 26.66      0.00000      0.00943     -0.00263
 26.68      0.00000      0.00931     -0.00305
 26.70      0.01195      0.00920     -0.00342
 26.72      0.00000      0.00909     -0.00375
 26.74      0.01194      0.00898     -0.00399
 26.76      0.00000      0.00887     -0.00413
 26.78      0.00000      0.00876     -0.00418
 26.80      0.00000      0.00865     -0.00419
 26.82      0.00000      0.00855     -0.00413
 26.84      0.00000      0.00844     -0.00396
 26.86      0.00000      0.00834     -0.00371
 26.88      0.02374      0.00825     -0.00342
 26.90      0.00000      0.00815     -0.00312
 26.92      0.00000      0.00805     -0.00282
 26.94      0.00000      0.00795     -0.00253
 26.96      0.03402      0.00786     -0.00225
 26.98      0.00000      0.00776     -0.00199
 27.00      0.00000      0.00766     -0.00175
 27.02      0.00000      0.00756     -0.00149
 27.04      0.00000      0.00746     -0.00130
 27.06      0.00000      0.00737     -0.00118
 27.08      0.01178      0.00728     -0.00113
 27.10      0.00000      0.00719     -0.00108
 27.12      0.04708      0.00710     -0.00103
 27.14      0.00000      0.00700     -0.00097
 27.16      0.00000      0.00690     -0.00092
 27.18      0.00000      0.00680     -0.00085
 27.20      0.00000      0.00670     -0.00077
 27.22      0.00000      0.00660     -0.00072
 27.24      0.00000      0.00651     -0.00071
 27.26      0.00000      0.00642     -0.00068
 27.28      0.00000      0.00633     -0.00062
 27.30      0.03506      0.00624     -0.00055
 27.32      0.00000      0.00614     -0.00044
 27.34      0.01751      0.00604     -0.00031
 27.36      0.00583      0.00594     -0.00015
 27.38      0.00000      0.00586      0.00002
 27.40      0.00000      0.00577      0.00018
 27.42      0.00000      0.00570      0.00029
 27.44      0.00000      0.00562      0.00043
 27.46      0.00000      0.00555      0.00058
 27.48      0.01742      0.00547      0.00074
 27.50      0.01160      0.00540      0.00089
 27.52      0.00000      0.00533      0.00103
 27.54      0.00869      0.00525      0.00109
 27.56      0.00579      0.00518      0.00106
 27.58      0.01157      0.00510      0.00095
 27.60      0.00000      0.00502      0.00077
 27.62      0.03466      0.00494      0.00054
 27.64      0.00000      0.00486      0.00030
 27.66      0.00000      0.00477      0.00004
 27.68      0.00000      0.00470     -0.00024
 27.70      0.00576      0.00463     -0.00052
 27.72      0.00000      0.00456     -0.00078
 27.74      0.00000      0.00449     -0.00100
 27.76      0.00000      0.00442     -0.00110
 27.78      0.00000      0.00435     -0.00108
 27.80      0.00000      0.00428     -0.00094
 27.82      0.00000      0.00421     -0.00074
 27.84      0.00000      0.00416     -0.00048
 27.86      0.00000      0.00410     -0.00016
 27.88      0.00000      0.00404      0.00019
 27.90      0.02287      0.00399      0.00056
 27.92      0.00000      0.00393      0.00093
 27.94      0.00000      0.00388      0.00128
 27.96      0.02283      0.00382      0.00157
 27.98      0.00000      0.00376      0.00178
 28.00      0.01139      0.00370      0.00190
 28.02      0.00000      0.00363      0.00192
 28.04      0.02276      0.00357      0.00191
 28.06      0.00000      0.00350      0.00186
 28.08      0.00000      0.00343      0.00175
 28.10      0.00000      0.00337      0.00159
 28.12      0.00000      0.00330      0.00137
 28.14      0.00000      0.00324      0.00111
 28.16      0.00566      0.00317      0.00081
 28.18      0.02265      0.00311      0.00051
 28.20      0.00000      0.00304      0.00023
 28.22      0.00565      0.00297     -0.00005
 28.24      0.00000      0.00291     -0.00031
 28.26      0.00000      0.00284     -0.00059
 28.28      0.00000      0.00279     -0.00089
 28.30      0.00000      0.00274     -0.00118
 28.32      0.00000      0.00268     -0.00143
 28.34      0.00000      0.00263     -0.00165
 28.36      0.00000      0.00258     -0.00182
 28.38      0.00000      0.00253     -0.00195
 28.40      0.00000      0.00248     -0.00206
 28.42      0.00000      0.00243     -0.00213
 28.44      0.00000      0.00238     -0.00217
 28.46      0.00000      0.00233     -0.00218
 28.48      0.00000      0.00228     -0.00216
 28.50      0.00000      0.00224     -0.00210
 28.52      0.00000      0.00219     -0.00201
 28.54      0.00000      0.00214     -0.00190
 28.56      0.00000      0.00210     -0.00177
 28.58      0.00000      0.00206     -0.00164
 28.60      0.00000      0.00202     -0.00150
 28.62      0.00000      0.00198     -0.00134
 28.64      0.00000      0.00194     -0.00120
 28.66      0.00000      0.00190     -0.00107
 28.68      0.00000      0.00187     -0.00095
 28.70      0.00000      0.00183     -0.00085
 28.72      0.01111      0.00179     -0.00076
 28.74      0.00000      0.00176     -0.00069
 28.76      0.00000      0.00172     -0.00064
 28.78      0.00000      0.00168     -0.00061
 28.80      0.00000      0.00164     -0.00060
 28.82      0.00554      0.00161     -0.00062
 28.84      0.00000      0.00157     -0.00065
 28.86      0.00000      0.00153     -0.00068
 28.88      0.00000      0.00149     -0.00070
 28.90      0.00000      0.00146     -0.00071
 28.92      0.00000      0.00142     -0.00072
 28.94      0.00000      0.00139     -0.00073
 28.96      0.00000      0.00135     -0.00073
 28.98      0.00000      0.00132     -0.00072
 29.00      0.00000      0.00128     -0.00071
 29.02      0.00000      0.00125     -0.00069
 29.04      0.00549      0.00122     -0.00067
 29.06      0.00000      0.00119     -0.00064
 29.08      0.00000      0.00115     -0.00061
 29.10      0.00000      0.00112     -0.00060
 29.12      0.00000      0.00109     -0.00060
 29.14      0.00000      0.00106     -0.00059
 29.16      0.00273      0.00103     -0.00060
 29.18      0.00000      0.00100     -0.00061
 29.20      0.00000      0.00097     -0.00060
 29.22      0.00000      0.00094     -0.00060
 29.24      0.00000      0.00092     -0.00059
 29.26      0.00000      0.00089     -0.00058
 29.28      0.00000      0.00086     -0.00055
 29.30      0.00000      0.00083     -0.00052
 29.32      0.00000      0.00081     -0.00047
 29.34      0.00000      0.00078     -0.00042
 29.36      0.00000      0.00076     -0.00037
 29.38      0.00000      0.00073     -0.00031
 29.40      0.00000      0.00071     -0.00026
 29.42      0.00000      0.00069     -0.00022
 29.44      0.00542      0.00067     -0.00018
 29.46      0.00000      0.00064     -0.00014
 29.48      0.00000      0.00062     -0.00011
 29.50      0.00000      0.00060     -0.00010
 29.52      0.00000      0.00058     -0.00009
 29.54      0.00000      0.00056     -0.00010
 29.56      0.00270      0.00054     -0.00013
 29.58      0.00000      0.00052     -0.00015
 29.60      0.00000      0.00050     -0.00017
 29.62      0.00000      0.00048     -0.00020
 29.64      0.00000      0.00046     -0.00022
 29.66      0.00000      0.00044     -0.00025
 29.68      0.00000      0.00043     -0.00028
 29.70      0.00000      0.00041     -0.00030
 29.72      0.00000      0.00040     -0.00031
 29.74      0.00000      0.00038     -0.00032
 29.76      0.00000      0.00037     -0.00033
 29.78      0.00000      0.00036     -0.00033
 29.80      0.00000      0.00034     -0.00032
 29.82      0.00000      0.00033     -0.00031
 29.84      0.00000      0.00031     -0.00031
 29.86      0.00000      0.00030     -0.00030
 29.88      0.00000      0.00028     -0.00028
 29.90      0.00000      0.00027     -0.00027
 29.92      0.00000      0.00026     -0.00026
 29.94      0.00000      0.00024     -0.00024
 29.96      0.00000      0.00023     -0.00023
 29.98      0.00000      0.00022     -0.00022
 30.00      0.00000      0.00021     -0.00021
 30.02      0.00000      0.00020     -0.00020
 30.04      0.00000      0.00019     -0.00019
 30.06      0.00000      0.00018     -0.00018
 30.08      0.00000      0.00017     -0.00017
 30.10      0.00000      0.00017     -0.00017
 30.12      0.00000      0.00016     -0.00016
 30.14      0.00000      0.00016     -0.00016
 30.16      0.00000      0.00015     -0.00015
 30.18      0.00000      0.00014     -0.00014
 30.20      0.00000      0.00014     -0.00014
 30.22      0.00000      0.00013     -0.00013
 30.24      0.00000      0.00013     -0.00013
 30.26      0.00000      0.00013     -0.00013
 30.28      0.00000      0.00012     -0.00012
 30.30      0.00000      0.00012     -0.00012
 30.32      0.00000      0.00012     -0.00012
 30.34      0.00000      0.00011     -0.00011
 30.36      0.00000      0.00011     -0.00011
 30.38      0.00000      0.00011     -0.00011
 30.40      0.00000      0.00010     -0.00010
 30.42      0.00000      0.00010     -0.00010
 30.44      0.00000      0.00010     -0.00010
 30.46      0.00000      0.00009     -0.00009
 30.48      0.00000      0.00009     -0.00009
 30.50      0.00000      0.00009     -0.00009
 30.52      0.00000      0.00008     -0.00008
 30.54      0.00000      0.00008     -0.00008
 30.56      0.00000      0.00008     -0.00008
 30.58      0.00000      0.00007     -0.00007
 30.60      0.00000      0.00007     -0.00007
 30.62      0.00000      0.00007     -0.00007
 30.64      0.00000      0.00006     -0.00006
 30.66      0.00000      0.00006     -0.00006
 30.68      0.00000      0.00006     -0.00006
 30.70      0.00000      0.00005     -0.00005
 30.72      0.00000      0.00005     -0.00005
 30.74      0.00000      0.00005     -0.00005
 30.76      0.00000      0.00005     -0.00005
 30.78      0.00000      0.00004     -0.00004
 30.80      0.00000      0.00004     -0.00004
 30.82      0.00000      0.00004     -0.00004
 30.84      0.00000      0.00004     -0.00004
 30.86      0.00000      0.00004     -0.00004
 30.88      0.00000      0.00003     -0.00003
 30.90      0.00000      0.00003     -0.00003
 30.92      0.00000      0.00003     -0.00003
 30.94      0.00000      0.00003     -0.00003
 30.96      0.00000      0.00003     -0.00003
 30.98      0.00000      0.00003     -0.00003
 31.00      0.00000      0.00002     -0.00002
