#r(A)          g(r)_raw       g(r)_smooth       Base
    0.0250      0.0000000      0.0000000      0.0487962
    0.0750      0.0000000      0.0000000      0.0571954
    0.1250      0.0000000      0.0000000      0.0664408
    0.1750      0.0000000      0.0000000      0.0765257
    0.2250      0.0000000      0.0000000      0.0873812
    0.2750      0.0000000      0.0000000      0.0989045
    0.3250      0.0000000      0.0000000      0.1110077
    0.3750      0.0000000      0.0000000      0.1235658
    0.4250      0.0000000      0.0000000      0.1364586
    0.4750      0.0000000      0.0000000      0.1495600
    0.5250      0.0000000      0.0000000      0.1627487
    0.5750      0.0000000      0.0000000      0.1759317
    0.6250      0.0000000      0.0000000      0.1890334
    0.6750      0.0000000      0.0000000      0.2019760
    0.7250      0.0000000      0.0000000      0.2146959
    0.7750      0.0000000      0.0000000      0.2271543
    0.8250      0.0000000      0.0000000      0.2393155
    0.8750      0.0000000      0.0000000      0.2511657
    0.9250      0.0000000      0.0000000      0.2626957
    0.9750      0.0000000      0.0000000      0.2739078
    1.0250      0.0000000      0.0000000      0.2848212
    1.0750      0.0000000      0.0004965      0.2954466
    1.1250      0.0000000      0.0004965      0.3058102
    1.1750      0.0024823      0.0004965      0.3159401
    1.2250      0.0000000      0.0014725      0.3258582
    1.2750      0.0000000      0.0021976      0.3355957
    1.3250      0.0048802      0.0020387      0.3519373
    1.3750      0.0036254      0.0028263      0.3685034
    1.4250      0.0016877      0.0044473      0.3853036
    1.4750      0.0039381      0.0066489      0.4023466
    1.5250      0.0081051      0.0116344      0.4196360
    1.5750      0.0158880      0.0178931      0.4371736
    1.6250      0.0285529      0.0262042      0.4549710
    1.6750      0.0329813      0.0352434      0.4730342
    1.7250      0.0454938      0.0460599      0.4913833
    1.7750      0.0533007      0.0574089      0.5100275
    1.8250      0.0699708      0.0767085      0.5289814
    1.8750      0.0852981      0.1045117      0.5482583
    1.9250      0.1294793      0.1528565      0.5678814
    1.9750      0.1845095      0.2178227      0.5878403
    2.0250      0.2950247      0.3025389      0.6081170
    2.0750      0.3948018      0.4111755      0.6286500
    2.1250      0.5088791      0.5370948      0.6493858
    2.1750      0.6726622      0.6863429      0.6702552
    2.2250      0.8141060      0.8422788      0.6911446
    2.2750      1.0412656      1.0143411      0.7119645
    2.3250      1.1744809      1.1894436      0.7325487
    2.3750      1.3691909      1.3689113      0.7527978
    2.4250      1.5481748      1.5318296      0.7725683
    2.4750      1.7114442      1.6965754      0.7917114
    2.5250      1.8558573      1.8357489      0.8101005
    2.5750      1.9982096      1.9630559      0.8276172
    2.6250      2.0650587      2.0623136      0.8440532
    2.6750      2.1847099      2.1237296      0.8593298
    2.7250      2.2077324      2.1484547      0.8733253
    2.7750      2.1629374      2.1354754      0.8860009
    2.8250      2.1218350      2.0707862      0.8973735
    2.8750      2.0001624      1.9667034      0.9074470
    2.9250      1.8612635      1.8334752      0.9163032
    2.9750      1.6873187      1.6759773      0.9240437
    3.0250      1.4967964      1.5133912      0.9307998
    3.0750      1.3343453      1.3450891      0.9367148
    3.1250      1.1872321      1.1808181      0.9419190
    3.1750      1.0197532      1.0315738      0.9465214
    3.2250      0.8659635      0.8915534      0.9506675
    3.2750      0.7505750      0.7657617      0.9544817
    3.3250      0.6342435      0.6598581      0.9580649
    3.3750      0.5582736      0.5759797      0.9615097
    3.4250      0.4902352      0.5144560      0.9648840
    3.4750      0.4465713      0.4721289      0.9682452
    3.5250      0.4429564      0.4490700      0.9716331
    3.5750      0.4226081      0.4456745      0.9750553
    3.6250      0.4429791      0.4554284      0.9785352
    3.6750      0.4732578      0.4752747      0.9820554
    3.7250      0.4953404      0.5033782      0.9855940
    3.7750      0.5421881      0.5343797      0.9891244
    3.8250      0.5631256      0.5634389      0.9926048
    3.8750      0.5979867      0.5914958      0.9960059
    3.9250      0.6185535      0.6131793      0.9992899
    3.9750      0.6356252      0.6337758      1.0024353
    4.0250      0.6506053      0.6573019      1.0054139
    4.0750      0.6661081      0.6860283      1.0082082
    4.1250      0.7156175      0.7234969      1.0108088
    4.1750      0.7621852      0.7683938      1.0131839
    4.2250      0.8229682      0.8208058      1.0153064
    4.2750      0.8750899      0.8774319      1.0171421
    4.3250      0.9281681      0.9430971      1.0186710
    4.3750      0.9987483      1.0105330      1.0198736
    4.4250      1.0905109      1.0815596      1.0207170
    4.4750      1.1601475      1.1574986      1.0211597
    4.5250      1.2302230      1.2324099      1.0211890
    4.5750      1.3078633      1.2985394      1.0207928
    4.6250      1.3733051      1.3573455      1.0199744
    4.6750      1.4211582      1.4094251      1.0187385
    4.7250      1.4541780      1.4478382      1.0171093
    4.7750      1.4906210      1.4678773      1.0151326
    4.8250      1.4999286      1.4742857      1.0128386
    4.8750      1.4735006      1.4588894      1.0102946
    4.9250      1.4532003      1.4246021      1.0075615
    4.9750      1.3771966      1.3723821      1.0047114
    5.0250      1.3191842      1.3147391      1.0018487
    5.0750      1.2388287      1.2469997      0.9990603
    5.1250      1.1852857      1.1790428      0.9964388
    5.1750      1.1145030      1.1116917      0.9940591
    5.2250      1.0374123      1.0512399      0.9919826
    5.2750      0.9824288      0.9871857      0.9903036
    5.3250      0.9365697      0.9310511      0.9890594
    5.3750      0.8650145      0.8877370      0.9882517
    5.4250      0.8338300      0.8540672      0.9879166
    5.4750      0.8208421      0.8279189      0.9880247
    5.5250      0.8140798      0.8189266      0.9885358
    5.5750      0.8058282      0.8139749      0.9893923
    5.6250      0.8200529      0.8203297      0.9905366
    5.6750      0.8090715      0.8313036      0.9919069
    5.7250      0.8526158      0.8501285      0.9934654
    5.7750      0.8689497      0.8678734      0.9951269
    5.8250      0.8999523      0.8926675      0.9968326
    5.8750      0.9087777      0.9114313      0.9985216
    5.9250      0.9330421      0.9301535      1.0001411
    5.9750      0.9464348      0.9451746      1.0016409
    6.0250      0.9625606      0.9625041      1.0029874
    6.0750      0.9750579      0.9740526      1.0041502
    6.1250      0.9954249      0.9836435      1.0051156
    6.1750      0.9907846      0.9844938      1.0058557
    6.2250      0.9943894      0.9803307      1.0063782
    6.2750      0.9668121      0.9652332      1.0066876
    6.3250      0.9542426      0.9444338      1.0068077
    6.3750      0.9199373      0.9201114      1.0067614
    6.4250      0.8867877      0.8939143      1.0065814
    6.4750      0.8727771      0.8666282      1.0063020
    6.5250      0.8358270      0.8467342      1.0059371
    6.5750      0.8178120      0.8350977      1.0055197
    6.6250      0.8204673      0.8283398      1.0050695
    6.6750      0.8286051      0.8345532      1.0045903
    6.7250      0.8389876      0.8523303      1.0041025
    6.7750      0.8668940      0.8791079      1.0036245
    6.8250      0.9066975      0.9119956      1.0031633
    6.8750      0.9543554      0.9549319      1.0027162
    6.9250      0.9930435      1.0046660      1.0022786
    6.9750      1.0536691      1.0571958      1.0018624
    7.0250      1.1155645      1.1107963      1.0014687
    7.0750      1.1693465      1.1653932      1.0010907
    7.1250      1.2223580      1.2167482      1.0007248
    7.1750      1.2660279      1.2599821      1.0003731
    7.2250      1.3104441      1.2945142      1.0000380
    7.2750      1.3317340      1.3116980      0.9997094
    7.3250      1.3420070      1.3145905      0.9993847
    7.3750      1.3082770      1.2991314      0.9990725
    7.4250      1.2804904      1.2674747      0.9988029
    7.4750      1.2331484      1.2230484      0.9985810
    7.5250      1.1734507      1.1726494      0.9984304
    7.5750      1.1198753      1.1167618      0.9983545
    7.6250      1.0562819      1.0606322      0.9983579
    7.6750      1.0010524      1.0108080      0.9984404
    7.7250      0.9525006      0.9643570      0.9986105
    7.7750      0.9243300      0.9222544      0.9988581
    7.8250      0.8876200      0.8895665      0.9991603
    7.8750      0.8457688      0.8630886      0.9995082
    7.9250      0.8376132      0.8439271      0.9999056
    7.9750      0.8201111      0.8342509      1.0003211
    8.0250      0.8285225      0.8378056      1.0007491
    8.0750      0.8392387      0.8489722      1.0011718
    8.1250      0.8635423      0.8690268      1.0015762
    8.1750      0.8934466      0.8940350      1.0019414
    8.2250      0.9203838      0.9235516      1.0022515
    8.2750      0.9535635      0.9520340      1.0024836
    8.3250      0.9868217      0.9738155      1.0026309
    8.3750      1.0059542      0.9890773      1.0026808
    8.4250      1.0023541      0.9991491      1.0026316
    8.4750      0.9966932      1.0018892      1.0024976
    8.5250      1.0039224      0.9994615      1.0022979
    8.5750      1.0005220      0.9954464      1.0020406
    8.6250      0.9938157      0.9906290      1.0017399
    8.6750      0.9822788      0.9820663      1.0014067
    8.7250      0.9726060      0.9712019      1.0010666
    8.7750      0.9611087      0.9590739      1.0007294
    8.8250      0.9462003      0.9484502      1.0004110
    8.8750      0.9331758      0.9373346      1.0001186
    8.9250      0.9291601      0.9260332      0.9998666
    8.9750      0.9170279      0.9167200      0.9996501
    9.0250      0.9046019      0.9099962      0.9994745
    9.0750      0.8996342      0.9040254      0.9993515
    9.1250      0.8995569      0.9044887      0.9992779
    9.1750      0.8993058      0.9118343      0.9992545
    9.2250      0.9193445      0.9228265      0.9992851
    9.2750      0.9413302      0.9378314      0.9993665
    9.3250      0.9545948      0.9591111      0.9994887
    9.3750      0.9745816      0.9838095      0.9996552
    9.4250      1.0057043      1.0105886      0.9998677
    9.4750      1.0428364      1.0420294      1.0001210
    9.5250      1.0752257      1.0751557      1.0003998
    9.5750      1.1117990      1.1087132      1.0007011
    9.6250      1.1402129      1.1405723      1.0010190
    9.6750      1.1734918      1.1688231      1.0013442
    9.7250      1.2021323      1.1903851      1.0016649
    9.7750      1.2164794      1.2075047      1.0019716
    9.8250      1.2196089      1.2182670      1.0022592
    9.8750      1.2258109      1.2201819      1.0025249
    9.9250      1.2273035      1.2166080      1.0027580
    9.9750      1.2117067      1.2054564      1.0029348
   10.0250      1.1986099      1.1856831      1.0030464
   10.0750      1.1638511      1.1561189      1.0030764
   10.1250      1.1269440      1.1226606      1.0030224
   10.1750      1.0794825      1.0813959      1.0028857
   10.2250      1.0444154      1.0392792      1.0026726
   10.2750      0.9922864      0.9961997      1.0023821
   10.3250      0.9532677      0.9570617      1.0020332
   10.3750      0.9115464      0.9196556      1.0016392
   10.4250      0.8837927      0.8889648      1.0012140
   10.4750      0.8573850      0.8628094      1.0007624
   10.5250      0.8388321      0.8438606      1.0002990
   10.5750      0.8224910      0.8309417      0.9998311
   10.6250      0.8168021      0.8241311      0.9993777
   10.6750      0.8191983      0.8221955      0.9989493
   10.7250      0.8233319      0.8244507      0.9985551
   10.7750      0.8291543      0.8313590      0.9982091
   10.8250      0.8337668      0.8383980      0.9979190
   10.8750      0.8513434      0.8487873      0.9977024
   10.9250      0.8543937      0.8608208      0.9975633
   10.9750      0.8752784      0.8764066      0.9975109
   11.0250      0.8893215      0.8912418      0.9975355
   11.0750      0.9116958      0.9060070      0.9976328
   11.1250      0.9255194      0.9211737      0.9977986
   11.1750      0.9282196      0.9356820      0.9980273
   11.2250      0.9511122      0.9487155      0.9983291
   11.2750      0.9618630      0.9622553      0.9986896
   11.3250      0.9768632      0.9800315      0.9991041
   11.3750      0.9932184      0.9959553      0.9995672
   11.4250      1.0171009      1.0143017      1.0000676
   11.4750      1.0307311      1.0335844      1.0005862
   11.5250      1.0535950      1.0533301      1.0011180
   11.5750      1.0732765      1.0722786      1.0016433
   11.6250      1.0919471      1.0898892      1.0021459
   11.6750      1.1118432      1.1075835      1.0026104
   11.7250      1.1187841      1.1228747      1.0030219
   11.7750      1.1420665      1.1360186      1.0033736
   11.8250      1.1497325      1.1460678      1.0036536
   11.8750      1.1576665      1.1549335      1.0038604
   11.9250      1.1620895      1.1582692      1.0039869
   11.9750      1.1631123      1.1594634      1.0040248
   12.0250      1.1587453      1.1581008      1.0039730
   12.0750      1.1557033      1.1517659      1.0038348
   12.1250      1.1508537      1.1416863      1.0036123
   12.1750      1.1304151      1.1303091      1.0033087
   12.2250      1.1127140      1.1137220      1.0029343
   12.2750      1.1018594      1.0936869      1.0025058
   12.3250      1.0727679      1.0725507      1.0020324
   12.3750      1.0506779      1.0499592      1.0015328
   12.4250      1.0247345      1.0242969      1.0010181
   12.4750      0.9997561      1.0000599      1.0005025
   12.5250      0.9735483      0.9771022      1.0000010
   12.5750      0.9515826      0.9559800      0.9995262
   12.6250      0.9358896      0.9367757      0.9990896
   12.6750      0.9191236      0.9193849      0.9986920
   12.7250      0.9037345      0.9050782      0.9983369
   12.7750      0.8865943      0.8908751      0.9980242
   12.8250      0.8800490      0.8779490      0.9977635
   12.8750      0.8648743      0.8677978      0.9975485
   12.9250      0.8544928      0.8597816      0.9973904
   12.9750      0.8529786      0.8529908      0.9972880
   13.0250      0.8465131      0.8507852      0.9972426
   13.0750      0.8460954      0.8518104      0.9972560
   13.1250      0.8538460      0.8539101      0.9973303
   13.1750      0.8596187      0.8603685      0.9974622
   13.2250      0.8634772      0.8678329      0.9976495
   13.2750      0.8788050      0.8780744      0.9978960
   13.3250      0.8834173      0.8896187      0.9981985
   13.3750      0.9050537      0.9026146      0.9985587
   13.4250      0.9173401      0.9165685      0.9989671
   13.4750      0.9284569      0.9340631      0.9994237
   13.5250      0.9485742      0.9525629      0.9999186
   13.5750      0.9708905      0.9719470      1.0004444
   13.6250      0.9975526      0.9968054      1.0009862
   13.6750      1.0142606      1.0216126      1.0015286
   13.7250      1.0527492      1.0457653      1.0020644
   13.7750      1.0726100      1.0700378      1.0025620
   13.8250      1.0916544      1.0946563      1.0030142
   13.8750      1.1189151      1.1137637      1.0034103
   13.9250      1.1373527      1.1325627      1.0037338
   13.9750      1.1482861      1.1488771      1.0039758
   14.0250      1.1666052      1.1616952      1.0041353
   14.0750      1.1732264      1.1712541      1.0042021
   14.1250      1.1830057      1.1788549      1.0041783
   14.1750      1.1851473      1.1820728      1.0040634
   14.2250      1.1862897      1.1830546      1.0038595
   14.2750      1.1826947      1.1800761      1.0035732
   14.3250      1.1781355      1.1733511      1.0032078
   14.3750      1.1681131      1.1599710      1.0027707
   14.4250      1.1515224      1.1408589      1.0022692
   14.4750      1.1193893      1.1152035      1.0017120
   14.5250      1.0871345      1.0849567      1.0011171
   14.5750      1.0498584      1.0504461      1.0005013
   14.6250      1.0168792      1.0138888      0.9998829
   14.6750      0.9789693      0.9786908      0.9992768
   14.7250      0.9366027      0.9456807      0.9987035
   14.7750      0.9111448      0.9145101      0.9981811
   14.8250      0.8848077      0.8871911      0.9977165
   14.8750      0.8610262      0.8641381      0.9973223
   14.9250      0.8423740      0.8436856      0.9970051
   14.9750      0.8213380      0.8276825      0.9967676
   15.0250      0.8088821      0.8162915      0.9966196
   15.0750      0.8047920      0.8096403      0.9965652
   15.1250      0.8040716      0.8097766      0.9966025
   15.1750      0.8091176      0.8156405      0.9967315
   15.2250      0.8220195      0.8274614      0.9969518
   15.2750      0.8382019      0.8440558      0.9972564
   15.3250      0.8638965      0.8670342      0.9976368
   15.3750      0.8870433      0.8911430      0.9980779
   15.4250      0.9240098      0.9176125      0.9985717
   15.4750      0.9425634      0.9424966      0.9990943
   15.5250      0.9705494      0.9674810      0.9996361
   15.5750      0.9883171      0.9896747      1.0001814
   15.6250      1.0119653      1.0104816      1.0007191
   15.6750      1.0349783      1.0286785      1.0012339
   15.7250      1.0465978      1.0470198      1.0017155
   15.7750      1.0615338      1.0621573      1.0021566
   15.8250      1.0800237      1.0755460      1.0025460
   15.8750      1.0876529      1.0879582      1.0028727
   15.9250      1.1019219      1.0960658      1.0031291
   15.9750      1.1086589      1.1005188      1.0033076
   16.0250      1.1020717      1.1017871      1.0034038
   16.0750      1.1022889      1.0984081      1.0034215
   16.1250      1.0939940      1.0938096      1.0033638
   16.1750      1.0850272      1.0890322      1.0032381
   16.2250      1.0856665      1.0837399      1.0030573
   16.2750      1.0781844      1.0800944      1.0028213
   16.3250      1.0758273      1.0774565      1.0025446
   16.3750      1.0757666      1.0742539      1.0022337
   16.4250      1.0718376      1.0716303      1.0018927
   16.4750      1.0696535      1.0686728      1.0015315
   16.5250      1.0650666      1.0650269      1.0011582
   16.5750      1.0610395      1.0617582      1.0007783
   16.6250      1.0575374      1.0572336      1.0004006
   16.6750      1.0554941      1.0534625      1.0000306
   16.7250      1.0470302      1.0494634      0.9996724
   16.7750      1.0462114      1.0435113      0.9993331
   16.8250      1.0410437      1.0361904      0.9990118
   16.8750      1.0277770      1.0268934      0.9987114
   16.9250      1.0188899      1.0133408      0.9984402
   16.9750      1.0005449      0.9965365      0.9982017
   17.0250      0.9784484      0.9778150      0.9980016
   17.0750      0.9570222      0.9560320      0.9978456
   17.1250      0.9341697      0.9343900      0.9977368
   17.1750      0.9099750      0.9137297      0.9976786
   17.2250      0.8923346      0.8943786      0.9976746
   17.2750      0.8751470      0.8776226      0.9977234
   17.3250      0.8602664      0.8656022      0.9978242
   17.3750      0.8503898      0.8553969      0.9979798
   17.4250      0.8498734      0.8505281      0.9981921
   17.4750      0.8413079      0.8507409      0.9984540
   17.5250      0.8508029      0.8555606      0.9987680
   17.5750      0.8613304      0.8646691      0.9991224
   17.6250      0.8744886      0.8803014      0.9995089
   17.6750      0.8954157      0.8990250      0.9999193
   17.7250      0.9194693      0.9206856      1.0003393
   17.7750      0.9444208      0.9455861      1.0007558
   17.8250      0.9696337      0.9727664      1.0011580
   17.8750      0.9989908      1.0004764      1.0015351
   17.9250      1.0313175      1.0277357      1.0018780
   17.9750      1.0580192      1.0531818      1.0021720
   18.0250      1.0807171      1.0755257      1.0024132
   18.0750      1.0968646      1.0928781      1.0025934
   18.1250      1.1107103      1.1072267      1.0027103
   18.1750      1.1180794      1.1167132      1.0027593
   18.2250      1.1297619      1.1224019      1.0027417
   18.2750      1.1281497      1.1238842      1.0026547
   18.3250      1.1253084      1.1220891      1.0025017
   18.3750      1.1181217      1.1153396      1.0022908
   18.4250      1.1091036      1.1068851      1.0020343
   18.4750      1.0960147      1.0961743      1.0017406
   18.5250      1.0858769      1.0844574      1.0014231
   18.5750      1.0717548      1.0707321      1.0010908
   18.6250      1.0595370      1.0573809      1.0007505
   18.6750      1.0404771      1.0428613      1.0004094
   18.7250      1.0292587      1.0281066      1.0000780
   18.7750      1.0132789      1.0141910      0.9997594
   18.8250      0.9979812      1.0023881      0.9994635
   18.8750      0.9899593      0.9909972      0.9991977
   18.9250      0.9814626      0.9824480      0.9989667
   18.9750      0.9723040      0.9758056      0.9987752
   19.0250      0.9705330      0.9700335      0.9986265
   19.0750      0.9647688      0.9661266      0.9985195
   19.1250      0.9610989      0.9633663      0.9984560
   19.1750      0.9619281      0.9608987      0.9984338
   19.2250      0.9585028      0.9585293      0.9984492
   19.2750      0.9581949      0.9570901      0.9985026
   19.3250      0.9529218      0.9553352      0.9985876
   19.3750      0.9539029      0.9546116      0.9987058
   19.4250      0.9531539      0.9528451      0.9988553
   19.4750      0.9548848      0.9526939      0.9990327
   19.5250      0.9493622      0.9518988      0.9992328
   19.5750      0.9521656      0.9512496      0.9994539
   19.6250      0.9499273      0.9490519      0.9996850
   19.6750      0.9499082      0.9478335      0.9999209
   19.7250      0.9438962      0.9471627      1.0001544
   19.7750      0.9432700      0.9475694      1.0003836
   19.8250      0.9488118      0.9502610      1.0006038
   19.8750      0.9519607      0.9550891      1.0008088
   19.9250      0.9633663      0.9615364      1.0009939
   19.9750      0.9680364      0.9688140      1.0011502
   20.0250      0.9755068      0.9779490      1.0012780
   20.0750      0.9851996      0.9864640      1.0013734
   20.1250      0.9976358      0.9952885      1.0014342
   20.1750      1.0059415      1.0042504      1.0014595
   20.2250      1.0121589      1.0131605      1.0014500
   20.2750      1.0203163      1.0208349      1.0014095
   20.3250      1.0297500      1.0286397      1.0013404
   20.3750      1.0360080      1.0358941      1.0012437
   20.4250      1.0449650      1.0427387      1.0011230
   20.4750      1.0484309      1.0488731      1.0009807
   20.5250      1.0545394      1.0533574      1.0008261
   20.5750      1.0604223      1.0556457      1.0006635
   20.6250      1.0584291      1.0562194      1.0004943
   20.6750      1.0564067      1.0540770      1.0003246
   20.7250      1.0512997      1.0495640      1.0001588
   20.7750      1.0438274      1.0456141      1.0000025
   20.8250      1.0378570      1.0418817      0.9998648
   20.8750      1.0386796      1.0383421      0.9997484
   20.9250      1.0377448      1.0352249      0.9996515
   20.9750      1.0336016      1.0325364      0.9995738
   21.0250      1.0282418      1.0289695      0.9995159
   21.0750      1.0244141      1.0243774      0.9994788
   21.1250      1.0208454      1.0200461      0.9994631
   21.1750      1.0147842      1.0158024      0.9994683
   21.2250      1.0119448      1.0108790      0.9994951
   21.2750      1.0070236      1.0059593      0.9995403
   21.3250      0.9997973      1.0018597      0.9996016
   21.3750      0.9962467      0.9974886      0.9996767
   21.4250      0.9942863      0.9929194      0.9997597
   21.4750      0.9900890      0.9889197      0.9998463
   21.5250      0.9841780      0.9851895      0.9999325
   21.5750      0.9797983      0.9800364      1.0000153
   21.6250      0.9775959      0.9748481      1.0000931
   21.6750      0.9685206      0.9700984      1.0001607
   21.7250      0.9641475      0.9644411      1.0002191
   21.7750      0.9604296      0.9580804      1.0002692
   21.8250      0.9515120      0.9540760      1.0003083
   21.8750      0.9457921      0.9514217      1.0003402
   21.9250      0.9484986      0.9493261      1.0003654
   21.9750      0.9508762      0.9495798      1.0003806
   22.0250      0.9499514      0.9508580      1.0003853
   22.0750      0.9527808      0.9521644      1.0003823
   22.1250      0.9521829      0.9538797      1.0003713
   22.1750      0.9550306      0.9571878      1.0003574
   22.2250      0.9594528      0.9608427      1.0003411
   22.2750      0.9664919      0.9669791      1.0003257
   22.3250      0.9710551      0.9743501      1.0003088
   22.3750      0.9828652      0.9827483      1.0002925
   22.4250      0.9918856      0.9918123      1.0002743
   22.4750      1.0014436      1.0027374      1.0002554
   22.5250      1.0118122      1.0120913      1.0002380
   22.5750      1.0256804      1.0220561      1.0002189
   22.6250      1.0296347      1.0310928      1.0001932
   22.6750      1.0417095      1.0384083      1.0001655
   22.7250      1.0466271      1.0426350      1.0001319
   22.7750      1.0483895      1.0453250      1.0000939
   22.8250      1.0468142      1.0450034      1.0000514
   22.8750      1.0430846      1.0426204      1.0000082
   22.9250      1.0401014      1.0396602      0.9999692
   22.9750      1.0347124      1.0363962      0.9999363
   23.0250      1.0335882      1.0322765      0.9999147
   23.0750      1.0304944      1.0280488      0.9999026
   23.1250      1.0224862      1.0235452      0.9999034
   23.1750      1.0189627      1.0186860      0.9999213
   23.2250      1.0121943      1.0138609      0.9999571
   23.2750      1.0092925      1.0099051      1.0000105
   23.3250      1.0063685      1.0066889      1.0000789
   23.3750      1.0027076      1.0057099      1.0001592
   23.4250      1.0028817      1.0057921      1.0002505
   23.4750      1.0072990      1.0074077      1.0003507
   23.5250      1.0097035      1.0105831      1.0004533
   23.5750      1.0144465      1.0149271      1.0005538
   23.6250      1.0185847      1.0186501      1.0006453
   23.6750      1.0246019      1.0229508      1.0007219
   23.7250      1.0259137      1.0254242      1.0007765
   23.7750      1.0312070      1.0261765      1.0008060
   23.8250      1.0268139      1.0241999      1.0008040
   23.8750      1.0223462      1.0206753      1.0007705
   23.9250      1.0147187      1.0139063      1.0007047
   23.9750      1.0082906      1.0060399      1.0006101
   24.0250      0.9973620      0.9967637      1.0004897
   24.0750      0.9874821      0.9866019      1.0003487
   24.1250      0.9759649      0.9753254      1.0001920
   24.1750      0.9639099      0.9648330      1.0000260
   24.2250      0.9519081      0.9541034      0.9998586
   24.2750      0.9448997      0.9441025      0.9996956
   24.3250      0.9338342      0.9355559      0.9995419
   24.3750      0.9259606      0.9286033      0.9994050
   24.4250      0.9211767      0.9238915      0.9992899
   24.4750      0.9171451      0.9220925      0.9991995
   24.5250      0.9213407      0.9240228      0.9991398
   24.5750      0.9248393      0.9286899      0.9991139
   24.6250      0.9356123      0.9360517      0.9991219
   24.6750      0.9445119      0.9460379      0.9991622
   24.7250      0.9539541      0.9581440      0.9992319
   24.7750      0.9712717      0.9710504      0.9993295
   24.8250      0.9853698      0.9845780      0.9994483
   24.8750      1.0001444      0.9997668      0.9995838
   24.9250      1.0121502      1.0142313      0.9997295
   24.9750      1.0298980      1.0273285      0.9998847
   25.0250      1.0435941      1.0391074      1.0000418
   25.0750      1.0508556      1.0504068      1.0001949
   25.1250      1.0590391      1.0584876      1.0003427
   25.1750      1.0686473      1.0649874      1.0004852
   25.2250      1.0703020      1.0694301      1.0006153
   25.2750      1.0760930      1.0718521      1.0007340
   25.3250      1.0730690      1.0716405      1.0008382
   25.3750      1.0711490      1.0695410      1.0009267
   25.4250      1.0675896      1.0651190      1.0009975
   25.4750      1.0598041      1.0592236      1.0010481
   25.5250      1.0539834      1.0529846      1.0010797
   25.5750      1.0435918      1.0452600      1.0010910
   25.6250      1.0399538      1.0384678      1.0010863
   25.6750      1.0289668      1.0304857      1.0010621
   25.7250      1.0258434      1.0230156      1.0010205
   25.7750      1.0140725      1.0149515      1.0009584
   25.8250      1.0062416      1.0084332      1.0008775
   25.8750      0.9996333      1.0013063      1.0007803
   25.9250      0.9963752      0.9951424      1.0006676
   25.9750      0.9902090      0.9899157      1.0005378
   26.0250      0.9832529      0.9854689      1.0003925
   26.0750      0.9801081      0.9809422      1.0002378
   26.1250      0.9773995      0.9771784      1.0000746
   26.1750      0.9737415      0.9748892      0.9999080
   26.2250      0.9713899      0.9725368      0.9997415
   26.2750      0.9718068      0.9699891      0.9995803
   26.3250      0.9683462      0.9674195      0.9994257
   26.3750      0.9646610      0.9648175      0.9992834
   26.4250      0.9608936      0.9615091      0.9991566
   26.4750      0.9583800      0.9580406      0.9990485
   26.5250      0.9552647      0.9550693      0.9989605
   26.5750      0.9510038      0.9524708      0.9988963
   26.6250      0.9498042      0.9501347      0.9988601
   26.6750      0.9479013      0.9484695      0.9988517
   26.7250      0.9466994      0.9481742      0.9988735
   26.7750      0.9469388      0.9484459      0.9989247
   26.8250      0.9495273      0.9502770      0.9990046
   26.8750      0.9511624      0.9530667      0.9991132
   26.9250      0.9570572      0.9568495      0.9992466
   26.9750      0.9606480      0.9628301      0.9994013
   27.0250      0.9658528      0.9702248      0.9995745
   27.0750      0.9794302      0.9792851      0.9997644
   27.1250      0.9881360      0.9898661      0.9999650
   27.1750      1.0023587      1.0017382      1.0001724
   27.2250      1.0135528      1.0135261      1.0003798
   27.2750      1.0252132      1.0254024      1.0005831
   27.3250      1.0383697      1.0360865      1.0007754
   27.3750      1.0475178      1.0465982      1.0009520
   27.4250      1.0557789      1.0561431      1.0011091
   27.4750      1.0661114      1.0635673      1.0012438
   27.5250      1.0729376      1.0692709      1.0013511
   27.5750      1.0754909      1.0738001      1.0014278
   27.6250      1.0760359      1.0756724      1.0014734
   27.6750      1.0784248      1.0749707      1.0014873
   27.7250      1.0754726      1.0733999      1.0014665
   27.7750      1.0694294      1.0696130      1.0014139
   27.8250      1.0676367      1.0637864      1.0013313
   27.8750      1.0571015      1.0566217      1.0012191
   27.9250      1.0492915      1.0487092      1.0010813
   27.9750      1.0396496      1.0393340      1.0009210
   28.0250      1.0298669      1.0302911      1.0007425
   28.0750      1.0207603      1.0201188      1.0005489
   28.1250      1.0118874      1.0102767      1.0003439
   28.1750      0.9984300      1.0001985      1.0001295
   28.2250      0.9904389      0.9894270      0.9999144
   28.2750      0.9794758      0.9792287      0.9997014
   28.3250      0.9669031      0.9700258      0.9994973
   28.3750      0.9608956      0.9611031      0.9993074
   28.4250      0.9524155      0.9526199      0.9991324
   28.4750      0.9458254      0.9461530      0.9989780
   28.5250      0.9370602      0.9397325      0.9988476
   28.5750      0.9345686      0.9354886      0.9987457
   28.6250      0.9287929      0.9321737      0.9986723
   28.6750      0.9311960      0.9311797      0.9986321
   28.7250      0.9292508      0.9312175      0.9986235
   28.7750      0.9320901      0.9329736      0.9986472
   28.8250      0.9347576      0.9352883      0.9987025
   28.8750      0.9375738      0.9390351      0.9987897
   28.9250      0.9427693      0.9434962      0.9989071
   28.9750      0.9479848      0.9493592      0.9990521
   29.0250      0.9543954      0.9573787      0.9992237
   29.0750      0.9640726      0.9656829      0.9994199
   29.1250      0.9776714      0.9757435      0.9996340
   29.1750      0.9842905      0.9860600      0.9998582
   29.2250      0.9982879      0.9966333      1.0000904
   29.2750      1.0059777      1.0068139      1.0003217
   29.3250      1.0169390      1.0165294      1.0005485
   29.3750      1.0285745      1.0256141      1.0007640
   29.4250      1.0328677      1.0340645      1.0009613
   29.4750      1.0437118      1.0422399      1.0011394
   29.5250      1.0482294      1.0496411      1.0012899
   29.5750      1.0578160      1.0569002      1.0014114
   29.6250      1.0655805      1.0619342      1.0014969
   29.6750      1.0691634      1.0667062      1.0015437
   29.7250      1.0688820      1.0687019      1.0015498
   29.7750      1.0720891      1.0685037      1.0015177
   29.8250      1.0677944      1.0665107      1.0014471
   29.8750      1.0645899      1.0633141      1.0013413
   29.9250      1.0591984      1.0586421      1.0012053
   29.9750      1.0528985      1.0523992      1.0010426
   30.0250      1.0487294      1.0447708      1.0008615
   30.0750      1.0365799      1.0366712      1.0006683
   30.1250      1.0264481      1.0276405      1.0004747
   30.1750      1.0187001      1.0177730      1.0002890
   30.2250      1.0077451      1.0085902      1.0001172
   30.2750      0.9993920      0.9997218      0.9999690
   30.3250      0.9906655      0.9908512      0.9998499
   30.3750      0.9821062      0.9831449      0.9997650
   30.4250      0.9743474      0.9761261      0.9997210
   30.4750      0.9692136      0.9700976      0.9997210
   30.5250      0.9642977      0.9653044      0.9997670
   30.5750      0.9605231      0.9615575      0.9998606
   30.6250      0.9581402      0.9587368      1.0000022
   30.6750      0.9556129      0.9573150      1.0001919
   30.7250      0.9551100      0.9564908      1.0004297
   30.7750      0.9571890      0.9562039      1.0007126
   30.8250      0.9564019      0.9559333      1.0010371
   30.8750      0.9567060      0.9566658      1.0014016
   30.9250      0.9542599      0.9567429      1.0018028
   30.9750      0.9587721      0.9571251      1.0022431
   31.0250      0.9575749      0.9577609      1.0027169
   31.0750      0.9583129      0.9596353      1.0032254
   31.1250      0.9598849      0.9613565      1.0037673
   31.1750      0.9636318      0.9635920      1.0043430
   31.2250      0.9673778      0.9669497      1.0049493
   31.2750      0.9687528      0.9710998      1.0051678
   31.3250      0.9751015      0.9753901      1.0053795
   31.3750      0.9806354      0.9804854      1.0055824
   31.4250      0.9850828      0.9876082      1.0057747
   31.4750      0.9928545      0.9954368      1.0059552
   31.5250      1.0043669      1.0032073      1.0061219
   31.5750      1.0142443      1.0123531      1.0062711
   31.6250      1.0194882      1.0216659      1.0063998
   31.6750      1.0308117      1.0300458      1.0065089
   31.7250      1.0394183      1.0378912      1.0065978
   31.7750      1.0462666      1.0455503      1.0066642
   31.8250      1.0534713      1.0514282      1.0067099
   31.8750      1.0577837      1.0564399      1.0067334
   31.9250      1.0602011      1.0589088      1.0067366
   31.9750      1.0644770      1.0603182      1.0067228
   32.0250      1.0586111      1.0599892      1.0066904
   32.0750      1.0605182      1.0581563      1.0066475
   32.1250      1.0561387      1.0541229      1.0065948
   32.1750      1.0510363      1.0496416      1.0065398
   32.2250      1.0443103      1.0435869      1.0064904
   32.2750      1.0362046      1.0361370      1.0064539
   32.3250      1.0302448      1.0283674      1.0064371
   32.3750      1.0188890      1.0198320      1.0064483
   32.4250      1.0121880      1.0157388      1.0064959
   32.4750      1.0016335      1.0109035      1.0065867
