#r(A)          g(r)_raw       g(r)_smooth       Base
    0.0250      0.0000000      0.0000000      0.5664592
    0.0750      0.0000000      0.0000000      0.7275514
    0.1250      0.0000000      0.0000000      0.9185209
    0.1750      0.0000000      0.0000000      1.1571696
    0.2250      0.0000000      0.0000000      1.4478197
    0.2750      0.0000000      0.0000000      1.7728647
    0.3250      0.0000000      0.0000000      2.1107401
    0.3750      0.0000000      0.0000000      2.4443517
    0.4250      0.0000000      0.0000000      2.7668695
    0.4750      0.0000000      0.0000000      3.0764486
    0.5250      0.0000000      0.0000000      3.3710157
    0.5750      0.0000000      0.0000000      3.6521199
    0.6250      0.0000000      0.0000000      3.9197233
    0.6750      0.0000000      0.0000000      4.1754867
    0.7250      0.0000000      0.0000000      4.4201455
    0.7750      0.0000000      0.0000000      4.6540074
    0.8250      0.0000000      0.0000000      4.8783276
    0.8750      0.0000000      0.0000000      5.0943796
    0.9250      0.0000000      0.0000000      5.3020069
    0.9750      0.0000000      0.0000000      5.5019897
    1.0250      0.0000000      0.0000000      5.6952383
    1.0750      0.0000000      0.0000000      5.8823289
    1.1250      0.0000000      0.0000000      6.0641622
    1.1750      0.0000000      0.0000000      6.2422629
    1.2250      0.0000000      0.0000000      6.4175372
    1.2750      0.0000000      0.0000000      6.5924086
    1.3250      0.0000000      0.0000000      6.9001942
    1.3750      0.0000000      0.0000000      7.2161850
    1.4250      0.0000000      0.0000000      7.5412430
    1.4750      0.0000000      0.0000000      7.8718388
    1.5250      0.0000000      0.0000000      8.2072059
    1.5750      0.0000000      0.0000000      8.5464482
    1.6250      0.0000000      0.0000000      8.8894031
    1.6750      0.0000000      0.0000000      9.2358698
    1.7250      0.0000000      0.0000000      9.5857215
    1.7750      0.0000000      0.0000000      9.9396739
    1.8250      0.0000000      0.0000000     10.2976329
    1.8750      0.0000000      0.0000000     10.6607578
    1.9250      0.0000000      0.0000000     11.0294335
    1.9750      0.0000000      0.0474065     11.4049279
    2.0250      0.0000000      0.1378102     11.7884132
    2.0750      0.2370325      0.8713176     12.1821905
    2.1250      0.4520185      2.6854407     12.5902939
    2.1750      3.6675370      6.8263966     13.0153089
    2.2250      9.0706155     12.1408632     13.4579023
    2.2750     20.7047794     19.1792049     13.9110998
    2.3250     26.8093658     25.9082789     14.3615770
    2.3750     35.6437270     31.5581573     14.7993418
    2.4250     37.3129069     35.0047186     15.2150985
    2.4750     37.3200075     37.9544219     15.6065690
    2.5250     37.9375859     42.6448848     15.9738258
    2.5750     41.5578822     53.1816149     16.3163812
    2.6250     59.0960414     66.4984433     16.6300437
    2.6750     89.9965574     75.7158825     16.9014593
    2.7250    103.9041497     78.2230681     17.1076258
    2.7750     84.0247818     71.8613213     17.2375207
    2.8250     54.0938103     56.8203224     17.3075109
    2.8750     27.2873076     37.9997769     17.3415157
    2.9250     14.7915626     21.9978396     17.3620043
    2.9750      9.8014222     12.1073005     17.3783710
    3.0250      4.0150953      7.1514711     17.3936023
    3.0750      4.6411150      4.9423423     17.4105940
    3.1250      2.5081604      3.6689408     17.4275638
    3.1750      3.7459189      3.3416857     17.4455777
    3.2250      3.4344146      3.0965757     17.4632134
    3.2750      2.3788196      3.5446785     17.4809847
    3.3250      3.4155648      3.4219001     17.5004540
    3.3750      4.7486748      3.4618474     17.5210484
    3.4250      3.1320267      3.9059904     17.5431440
    3.4750      3.6341508      4.2130564     17.5694367
    3.5250      4.5995346      4.5059693     17.6011391
    3.5750      4.9508949      5.7233870     17.6388309
    3.6250      6.2132392      7.1883917     17.6835200
    3.6750      9.2191155      9.6344378     17.7323018
    3.7250     10.9591741     12.3273728     17.7814169
    3.7750     16.8297653     15.3530780     17.8278548
    3.8250     18.4155697     18.2260258     17.8656575
    3.8750     21.3417656     18.9149353     17.8927659
    3.9250     23.5838545     18.0310210     17.9070472
    3.9750     14.4037212     16.3637780     17.9068067
    4.0250     12.4101939     14.0267353     17.8994719
    4.0750     10.0793548     11.1367423     17.8863703
    4.1250      9.6565519     10.0169252     17.8698005
    4.1750      9.1338894      9.6681044     17.8504905
    4.2250      8.8046360      9.7364136     17.8290504
    4.2750     10.6660899     10.4924179     17.8053707
    4.3250     10.4209006     11.5531755     17.7778361
    4.3750     13.4365736     13.3392980     17.7464310
    4.4250     14.4376773     15.3630127     17.7093496
    4.4750     17.7352484     18.6326586     17.6664251
    4.5250     20.7846635     23.5028031     17.6163195
    4.5750     26.7691301     29.6089421     17.5572866
    4.6250     37.7872962     36.7861810     17.4876098
    4.6750     44.9683722     41.9931973     17.4005763
    4.7250     53.6214430     43.8901555     17.2918269
    4.7750     46.8197449     40.7386733     17.1548736
    4.8250     36.2539210     34.7239604     16.9944523
    4.8750     22.0298853     26.1768394     16.8204411
    4.9250     14.8948078     18.7367746     16.6440325
    4.9750     10.8858380     13.1264758     16.4730557
    5.0250      9.6194211     10.3135884     16.3108119
    5.0750      8.2024268      8.9961634     16.1582071
    5.1250      7.9654485      8.8750483     16.0166951
    5.1750      8.3076826      8.8363853     15.8880201
    5.2250     10.2802627      9.6433497     15.7786692
    5.2750      9.4261057     10.9681387     15.6991948
    5.3250     12.2372492     13.1904539     15.6556433
    5.3750     14.5893931     14.9067830     15.6379608
    5.4250     19.4192589     16.3515209     15.6330247
    5.4750     18.8619083     16.4258998     15.6270901
    5.5250     16.6497949     15.3530157     15.6166463
    5.5750     12.6091436     13.0156008     15.6026082
    5.6250      9.2249727     10.5447948     15.5872355
    5.6750      7.7321844      8.6592180     15.5738869
    5.7250      6.5078782      7.9721612     15.5629406
    5.7750      7.2219111      8.0786835     15.5552377
    5.8250      9.1738596      9.2126387     15.5486749
    5.8750      9.7575842     11.3472181     15.5404199
    5.9250     13.4019603     14.1706135     15.5299829
    5.9750     17.1807755     17.2913652     15.5153329
    6.0250     21.3388880     20.9601839     15.4932060
    6.0750     24.7776181     22.8941091     15.4613456
    6.1250     28.1016775     23.3189501     15.4175548
    6.1750     23.0715861     22.0422141     15.3594348
    6.2250     19.3049808     19.3265335     15.2907204
    6.2750     14.9552082     15.5092496     15.2146350
    6.3250     11.1992147     12.7590324     15.1350270
    6.3750      9.0152584     10.7772745     15.0570839
    6.4250      9.3204997      9.8573127     14.9828307
    6.4750      9.3961917      9.5816255     14.9138780
    6.5250     10.3553987     10.0061771     14.8515271
    6.5750      9.8207787     10.5792324     14.7915825
    6.6250     11.1380165     11.2454679     14.7335841
    6.6750     12.1857763     11.5312351     14.6749144
    6.7250     12.7273690     11.8281727     14.6141099
    6.7750     11.7842346     11.7554799     14.5503921
    6.8250     11.3054668     11.7401723     14.4847524
    6.8750     10.7745527     11.9301768     14.4188150
    6.9250     12.1092382     12.9317690     14.3531665
    6.9750     13.6773916     14.3406559     14.2883903
    7.0250     16.7921955     17.3563976     14.2235998
    7.0750     18.3499012     20.9730657     14.1578644
    7.1250     25.8532617     24.8379963     14.0909742
    7.1750     30.1925784     27.5228983     14.0198493
    7.2250     33.0020448     28.5586648     13.9459193
    7.2750     30.2167055     26.6791774     13.8707103
    7.3250     23.5287336     22.8435788     13.8008127
    7.3750     16.4558248     17.8979866     13.7385694
    7.4250     11.0145855     13.2892896     13.6840840
    7.4750      8.2740839      9.9815243     13.6347450
    7.5250      7.1732204      8.1543235     13.5886474
    7.5750      6.9899068      7.5037768     13.5441570
    7.6250      7.3198211      7.4052429     13.5004551
    7.6750      7.7618520      7.6251088     13.4566016
    7.7250      7.7814142      7.9038971     13.4121202
    7.7750      8.2725499      7.9868635     13.3673879
    7.8250      8.3838481      8.0822135     13.3230884
    7.8750      7.7346532      8.3167300     13.2790501
    7.9250      8.2386021      8.9030218     13.2373219
    7.9750      8.9539966     10.0560634     13.1986620
    8.0250     11.2040088     12.0555578     13.1652197
    8.0750     14.1490564     14.2225430     13.1352103
    8.1250     17.7321252     16.2726233     13.1052724
    8.1750     19.0735278     17.5730548     13.0708170
    8.2250     19.2043981     17.5381793     13.0286737
    8.2750     17.7061666     16.3052655     12.9779401
    8.3250     13.9746789     14.5753978     12.9192245
    8.3750     11.5675559     12.9539700     12.8556221
    8.4250     10.4241895     11.7691274     12.7897948
    8.4750     11.0972592     11.7195695     12.7226810
    8.5250     11.7819533     12.1910374     12.6554180
    8.5750     13.7268897     12.9025642     12.5890950
    8.6250     13.9248955     13.1579399     12.5239211
    8.6750     13.9818233     12.8453296     12.4616161
    8.7250     12.3741376     12.0577380     12.4038361
    8.7750     10.2189021     11.2526018     12.3497942
    8.8250      9.7889314     10.2986483     12.2996397
    8.8750      9.8992147     10.0410635     12.2517502
    8.9250      9.2120556     10.4732032     12.2043783
    8.9750     11.0862138     11.0285692     12.1568754
    9.0250     12.3796006     11.5074475     12.1081358
    9.0750     12.5657611     11.7551467     12.0575487
    9.1250     12.2936062     11.3703649     12.0053252
    9.1750     10.4505520     10.6431385     11.9514574
    9.2250      9.1623045     10.0829751     11.8980317
    9.2750      8.7434687      9.8583745     11.8465389
    9.3250      9.7649440     10.1441847     11.7979163
    9.3750     11.1706033     10.9218263     11.7513578
    9.4250     11.8796031     11.7491549     11.7053767
    9.4750     13.0505123     12.4744843     11.6589072
    9.5250     12.8801117     12.8226252     11.6113078
    9.5750     13.3915909     13.2313061     11.5626366
    9.6250     12.9113081     13.6815538     11.5132416
    9.6750     13.9230076     14.6473402     11.4643910
    9.7250     15.3017507     16.0944238     11.4178591
    9.7750     17.7090435     17.5414717     11.3742004
    9.8250     20.6270092     18.1240510     11.3324878
    9.8750     20.1465477     17.7407652     11.2897395
    9.9250     16.8359042     16.2157183     11.2436619
    9.9750     13.3853217     13.6185776     11.1944876
   10.0250     10.0838087     10.8715098     11.1426372
   10.0750      7.6413060      8.7128821     11.0896756
   10.1250      6.4112087      7.2208664     11.0366266
   10.1750      6.0427656      6.5245826     10.9840559
   10.2250      5.9252430      6.4744468     10.9323840
   10.2750      6.6023897      6.7964411     10.8818497
   10.3250      7.3906271      7.4359523     10.8319045
   10.3750      8.0211800      8.2246050     10.7821198
   10.4250      9.2403215      9.3160839     10.7321224
   10.4750      9.8685065     10.3330235     10.6808182
   10.5250     12.0597845     11.0955565     10.6280954
   10.5750     12.4753251     11.4685509     10.5725762
   10.6250     11.8338451     11.2800110     10.5147534
   10.6750     11.1052932     10.5347174     10.4560040
   10.7250      8.9258069      9.6683104     10.3984177
   10.7750      8.3333168      8.9049023     10.3437438
   10.8250      8.1432902      8.3187358     10.2925582
   10.8750      8.0168045      8.0824312     10.2445439
   10.9250      8.1744607      8.0967031     10.1984398
   10.9750      7.7442836      8.2336845     10.1534644
   11.0250      8.4046763      8.4510435     10.1095577
   11.0750      8.8281972      8.9229933     10.0669171
   11.1250      9.1035995      9.7003837     10.0256979
   11.1750     10.5342098     10.2994196      9.9866461
   11.2250     11.6312355     10.7825232      9.9484452
   11.2750     11.3998557     11.0646202      9.9100984
   11.3250     11.2437156     10.9468424      9.8708105
   11.3750     10.5140842     10.4342499      9.8300157
   11.4250      9.9453210     10.0813145      9.7880728
   11.4750      9.0682730      9.9440920      9.7454428
   11.5250      9.6351788      9.9452440      9.7027768
   11.5750     10.5576033     10.0541459      9.6605313
   11.6250     10.5198441     10.4230491      9.6186521
   11.6750     10.4898304     10.7292659      9.5771140
   11.7250     10.9127886     11.0627889      9.5359575
   11.7750     11.1662632     11.5816194      9.4937358
   11.8250     12.2252183     11.9912070      9.4496131
   11.8750     13.1139966     12.1515446      9.4024936
   11.9250     12.5377683     12.1288183      9.3518222
   11.9750     11.7144768     11.5428539      9.2983854
   12.0250     11.0526317     10.5416909      9.2429800
   12.0750      9.2953962      9.8118533      9.1862802
   12.1250      8.1081814      9.0737333      9.1294156
   12.1750      8.8885806      8.4400341      9.0733052
   12.2250      8.0238766      8.0764858      9.0171446
   12.2750      7.8841357      8.1235870      8.9618692
   12.3250      7.4776549      7.9668290      8.9081141
   12.3750      8.3436874      8.1943234      8.8571998
   12.4250      8.1047904      8.3766157      8.8096340
   12.4750      9.1613486      8.6817472      8.7655554
   12.5250      8.7955972      8.5894205      8.7229719
   12.5750      9.0033126      8.3838108      8.6810780
   12.6250      7.8820537      7.9721759      8.6385942
   12.6750      7.0767420      7.6225925      8.5957325
   12.7250      7.1031739      7.2130512      8.5526059
   12.7750      7.0476805      7.0219032      8.5090717
   12.8250      6.9556060      7.0275504      8.4649759
   12.8750      6.9263137      7.0763899      8.4204902
   12.9250      7.1049777      7.2285384      8.3758091
   12.9750      7.3473715      7.4158357      8.3310130
   13.0250      7.8084231      7.5815849      8.2864396
   13.0750      7.8920926      7.5822605      8.2421197
   13.1250      7.7550595      7.6135893      8.1991129
   13.1750      7.1083559      7.3225129      8.1576653
   13.2250      7.5040154      7.0511683      8.1180372
   13.2750      6.3530413      6.8659362      8.0796286
   13.3250      6.5353694      6.8497211      8.0423784
   13.3750      6.8288988      6.8923486      8.0057170
   13.4250      7.0272807      7.1906028      7.9692764
   13.4750      7.7171528      7.6845342      7.9327500
   13.5250      7.8443124      8.2330097      7.8956342
   13.5750      9.0050261      8.8511745      7.8576598
   13.6250      9.5712764      9.1790367      7.8182031
   13.6750     10.1181047      9.3904566      7.7770246
   13.7250      9.3564638      9.1849426      7.7338449
   13.7750      8.9014118      8.9405804      7.6897768
   13.8250      7.9774562      8.5675136      7.6455253
   13.8750      8.3494657      8.3370755      7.6017570
   13.9250      8.2527704      8.3229445      7.5582330
   13.9750      8.2042735      8.5830817      7.5146751
   14.0250      8.8307568      8.8508467      7.4710520
   14.0750      9.2781420      9.0724973      7.4266445
   14.1250      9.6882909      9.3673714      7.3812432
   14.1750      9.3610230      9.3220781      7.3346090
   14.2250      9.6786444      9.1116559      7.2869071
   14.2750      8.6042899      8.7564146      7.2377509
   14.3250      8.2260312      8.3291347      7.1879608
   14.3750      7.9120845      7.7358189      7.1377630
   14.4250      7.2246234      7.3007413      7.0877993
   14.4750      6.7120655      6.7931851      7.0389385
   14.5250      6.4289021      6.2671721      6.9912938
   14.5750      5.6882501      5.7795280      6.9448823
   14.6250      5.2820193      5.3841400      6.8999880
   14.6750      4.7864030      4.9838199      6.8560824
   14.7250      4.7351254      4.7303111      6.8131041
   14.7750      4.4273016      4.6010065      6.7714669
   14.8250      4.4207062      4.5976112      6.7310371
   14.8750      4.6354961      4.6773002      6.6917990
   14.9250      4.7694265      4.8668858      6.6534673
   14.9750      5.1335707      5.1827022      6.6164005
   15.0250      5.3752294      5.5332955      6.5801696
   15.0750      5.9997883      6.0073577      6.5451417
   15.1250      6.3884627      6.3913025      6.5107552
   15.1750      7.1397376      6.7369413      6.4767592
   15.2250      7.0532945      6.8788845      6.4422756
   15.2750      7.1034233      6.8601214      6.4070539
   15.3250      6.7095044      6.6229037      6.3710646
   15.3750      6.2946471      6.3901784      6.3345612
   15.4250      5.9536491      6.1762672      6.2978664
   15.4750      5.8896683      6.1158643      6.2612823
   15.5250      6.0338673      6.2849142      6.2247935
   15.5750      6.4074895      6.5122376      6.1882649
   15.6250      7.1398966      6.7573863      6.1515171
   15.6750      7.0902661      6.9655087      6.1140393
   15.7250      7.1154122      7.0427067      6.0758041
   15.7750      7.0744792      6.8684966      6.0365763
   15.8250      6.7934796      6.6681822      5.9964145
   15.8750      6.2688460      6.4080383      5.9552077
   15.9250      6.0886941      6.1385025      5.9132488
   15.9750      5.8146929      5.9220021      5.8708075
   16.0250      5.7268000      5.8182711      5.8279859
   16.0750      5.7109774      5.7676566      5.7850754
   16.1250      5.7501912      5.7902470      5.7421276
   16.1750      5.8356216      5.8185192      5.6996841
   16.2250      5.9276450      5.8152057      5.6578489
   16.2750      5.8681610      5.8275538      5.6168429
   16.3250      5.6944095      5.8785471      5.5763813
   16.3750      5.8119321      5.8736729      5.5364766
   16.4250      6.0905881      5.9587726      5.4965624
   16.4750      5.9032737      6.1304770      5.4565852
   16.5250      6.2936598      6.2353574      5.4166239
   16.5750      6.5529313      6.1396456      5.3764538
   16.6250      6.3363344      6.0440486      5.3360926
   16.6750      5.6120291      5.8022607      5.2958306
   16.7250      5.4252884      5.4211048      5.2562734
   16.7750      5.0847203      4.9989229      5.2173285
   16.8250      4.6471520      4.7180413      5.1793884
   16.8750      4.2254246      4.4738080      5.1423339
   16.9250      4.2076214      4.2667011      5.1063254
   16.9750      4.2041215      4.2074801      5.0713255
   17.0250      4.0491858      4.2163945      5.0370460
   17.0750      4.3510474      4.1429452      5.0033814
   17.1250      4.2699964      4.0774383      4.9700817
   17.1750      3.8403747      4.0815272      4.9368887
   17.2250      3.8765873      4.0055920      4.9040332
   17.2750      4.0696303      3.9629380      4.8712179
   17.3250      3.9713711      4.0250874      4.8383099
   17.3750      4.0567265      4.1467696      4.8052572
   17.4250      4.1511220      4.2001420      4.7719955
   17.4750      4.4849980      4.3495193      4.7384844
   17.5250      4.3364922      4.5126182      4.7045599
   17.5750      4.7182576      4.6402256      4.6704820
   17.6250      4.8722213      4.7690757      4.6360594
   17.6750      4.7891588      4.9238019      4.6012942
   17.7250      5.1292486      5.0015887      4.5665102
   17.7750      5.1101232      5.0339329      4.5316736
   17.8250      5.1071917      5.1033267      4.4967705
   17.8750      5.0339422      5.1312142      4.4618084
   17.9250      5.1361276      5.0936371      4.4266189
   17.9750      5.2686865      4.9956031      4.3909597
   18.0250      4.9222374      4.8760652      4.3546558
   18.0750      4.6170219      4.7466630      4.3179474
   18.1250      4.4362528      4.5839859      4.2811496
   18.1750      4.4891166      4.5077314      4.2445139
   18.2250      4.4553009      4.4273950      4.2082649
   18.2750      4.5409649      4.4433155      4.1723642
   18.3250      4.2153400      4.3547822      4.1367217
   18.3750      4.5158552      4.2823916      4.1015861
   18.4250      4.0464500      4.0968585      4.0665489
   18.4750      4.0933480      3.9548176      4.0317218
   18.5250      3.6132995      3.7477380      3.9970636
   18.5750      3.5051355      3.6998784      3.9627708
   18.6250      3.4804572      3.6176210      3.9288989
   18.6750      3.8071517      3.6737800      3.8954172
   18.7250      3.6820610      3.7318888      3.8621150
   18.7750      3.8940947      3.8230007      3.8290808
   18.8250      3.7956796      3.7859194      3.7962536
   18.8750      3.9360166      3.7830827      3.7636545
   18.9250      3.6217451      3.7232738      3.7310935
   18.9750      3.6678775      3.7321153      3.6987904
   19.0250      3.5950502      3.7005084      3.6667554
   19.0750      3.8398872      3.7067250      3.6350198
   19.1250      3.7779820      3.6469034      3.6034679
   19.1750      3.6528283      3.5443154      3.5722552
   19.2250      3.3687691      3.3972262      3.5414023
   19.2750      3.0821104      3.2402867      3.5107945
   19.3250      3.1044412      3.0988087      3.4806051
   19.3750      2.9932846      3.0504080      3.4506880
   19.4250      2.9454383      3.0454319      3.4209791
   19.4750      3.1267655      3.0216837      3.3913019
   19.5250      3.0572301      3.0674755      3.3615539
   19.5750      2.9857001      3.1042740      3.3318267
   19.6250      3.2222435      3.1341641      3.3021236
   19.6750      3.1294308      3.1370705      3.2723593
   19.7250      3.2762160      3.1724807      3.2426175
   19.7750      3.0717622      3.1558534      3.2125915
   19.8250      3.1627510      3.1597830      3.1824528
   19.8750      3.1391070      3.1081861      3.1521506
   19.9250      3.1490789      3.1189019      3.1216528
   19.9750      3.0182315      3.1143879      3.0910204
   20.0250      3.1253411      3.1195494      3.0603158
   20.0750      3.1401810      3.0604092      3.0295544
   20.1250      3.1649144      3.0849988      2.9987103
   20.1750      2.8533779      3.0562726      2.9678685
   20.2250      3.1411797      3.0270830      2.9373395
   20.2750      2.9817099      2.9855862      2.9067955
   20.3250      2.9942332      2.9682767      2.8765363
   20.3750      2.9574302      2.8911945      2.8464853
   20.4250      2.7668307      2.8762712      2.8166980
   20.4750      2.7557684      2.8579496      2.7873295
   20.5250      2.9070937      2.8600116      2.7584132
   20.5750      2.9026249      2.8839558      2.7298856
   20.6250      2.9677403      2.9016278      2.7015798
   20.6750      2.8865519      2.8654913      2.6733436
   20.7250      2.8441283      2.8125723      2.6451469
   20.7750      2.7264112      2.7539423      2.6170208
   20.8250      2.6380298      2.6754325      2.5890168
   20.8750      2.6745902      2.5807626      2.5612767
   20.9250      2.4940029      2.5429380      2.5336255
   20.9750      2.3707790      2.4877562      2.5062826
   21.0250      2.5372882      2.4285172      2.4791440
   21.0750      2.3621206      2.3826667      2.4520750
   21.1250      2.3783952      2.3747343      2.4250464
   21.1750      2.2647504      2.3123710      2.3979692
   21.2250      2.3311171      2.3197618      2.3708951
   21.2750      2.2254720      2.3073597      2.3438622
   21.3250      2.3990745      2.3097460      2.3169229
   21.3750      2.3163843      2.2639891      2.2900064
   21.4250      2.2766822      2.2074531      2.2631422
   21.4750      2.1023323      2.1407080      2.2364183
   21.5250      1.9427923      2.0501829      2.2098189
   21.5750      2.0653488      1.9719631      2.1835062
   21.6250      1.8637590      1.9325014      2.1573610
   21.6750      1.8855829      1.8965099      2.1316290
   21.7250      1.9050240      1.8489631      2.1062539
   21.7750      1.7628351      1.8426246      2.0811720
   21.8250      1.8276147      1.8417165      2.0563851
   21.8750      1.8320662      1.8102718      2.0317498
   21.9250      1.8810426      1.8300841      2.0072287
   21.9750      1.7478005      1.8574553      1.9827763
   22.0250      1.8618965      1.8880000      1.9584536
   22.0750      1.9644706      1.8986594      1.9342261
   22.1250      1.9847897      1.9586090      1.9099994
   22.1750      1.9343398      1.9807391      1.8857527
   22.2250      2.0475486      1.9826368      1.8616015
   22.2750      1.9725467      1.9517997      1.8373852
   22.3250      1.9739594      1.9245509      1.8132027
   22.3750      1.8306038      1.8932665      1.7889669
   22.4250      1.7980962      1.8382940      1.7648305
   22.4750      1.8911264      1.7671181      1.7407883
   22.5250      1.6976844      1.7467106      1.7167746
   22.5750      1.6180799      1.7106382      1.6928680
   22.6250      1.7285663      1.6620472      1.6691947
   22.6750      1.6177341      1.6133153      1.6456436
   22.7250      1.6481714      1.6046979      1.6223169
   22.7750      1.4540247      1.5429617      1.5990699
   22.8250      1.5749929      1.5180781      1.5761413
   22.8750      1.4198854      1.5063031      1.5533680
   22.9250      1.4933161      1.5258182      1.5308623
   22.9750      1.5892964      1.5220964      1.5085510
   23.0250      1.5516004      1.5301121      1.4863053
   23.0750      1.5563839      1.5313041      1.4641283
   23.1250      1.4599637      1.5014149      1.4420574
   23.1750      1.4992761      1.4676557      1.4201793
   23.2250      1.4398502      1.4193747      1.3984583
   23.2750      1.3828045      1.4116680      1.3769289
   23.3250      1.3149790      1.3848432      1.3556068
   23.3750      1.4214302      1.3517036      1.3345023
   23.4250      1.3651519      1.3204082      1.3134656
   23.4750      1.2741523      1.2898864      1.2925686
   23.5250      1.2263276      1.2487940      1.2718013
   23.5750      1.1623701      1.2008154      1.2511255
   23.6250      1.2159679      1.1573973      1.2306590
   23.6750      1.1252593      1.1046005      1.2102899
   23.7250      1.0570614      1.0745760      1.1901115
   23.7750      0.9623438      1.0240327      1.1701188
   23.8250      1.0122474      0.9936794      1.1503963
   23.8750      0.9632513      0.9786402      1.1308582
   23.9250      0.9734931      0.9675829      1.1116220
   23.9750      0.9818655      0.9577656      1.0926342
   24.0250      0.9070572      0.9594048      1.0738732
   24.0750      0.9631609      0.9571450      1.0553281
   24.1250      0.9714473      0.9451131      1.0368944
   24.1750      0.9621942      0.9476307      1.0186121
   24.2250      0.9217060      0.9398969      1.0004103
   24.2750      0.9196449      0.9390238      0.9823122
   24.3250      0.9244921      0.9179975      0.9643316
   24.3750      0.9670819      0.9231102      0.9464065
   24.4250      0.8570629      0.9166647      0.9285237
   24.4750      0.9472694      0.9007547      0.9107601
   24.5250      0.8874170      0.8820368      0.8930660
   24.5750      0.8449423      0.8970193      0.8754327
   24.6250      0.8734921      0.8865297      0.8579296
   24.6750      0.9319757      0.8683340      0.8405685
   24.7250      0.8948213      0.8507058      0.8232967
   24.7750      0.7964386      0.8234610      0.8061328
   24.8250      0.7568012      0.7885282      0.7891884
   24.8750      0.7372681      0.7499488      0.7724586
   24.9250      0.7573118      0.7321153      0.7559574
   24.9750      0.7019245      0.7119066      0.7396114
   25.0250      0.7072707      0.7080168      0.7234408
   25.0750      0.6557580      0.6834456      0.7074803
   25.1250      0.7178190      0.6739403      0.6916909
   25.1750      0.6344558      0.6625289      0.6759891
   25.2250      0.6543979      0.6504047      0.6604818
   25.2750      0.6502138      0.6212786      0.6451081
   25.3250      0.5951368      0.6026919      0.6298802
   25.3750      0.5721886      0.5787485      0.6147639
   25.4250      0.5415223      0.5652485      0.5998231
   25.4750      0.5346809      0.5513865      0.5850194
   25.5250      0.5827141      0.5333113      0.5703822
   25.5750      0.5258268      0.5287353      0.5559134
   25.6250      0.4818125      0.5097031      0.5416432
   25.6750      0.5186424      0.4914768      0.5276035
   25.7250      0.4395196      0.4784327      0.5137262
   25.7750      0.4915829      0.4759699      0.5000899
   25.8250      0.4606064      0.4484687      0.4866301
   25.8750      0.4694984      0.4443645      0.4733497
   25.9250      0.3811363      0.4244028      0.4602178
   25.9750      0.4189988      0.3962263      0.4473403
   26.0250      0.3917743      0.3687185      0.4346659
   26.0750      0.3197239      0.3571400      0.4221821
   26.1250      0.3319590      0.3469431      0.4099239
   26.1750      0.3232440      0.3351112      0.3978578
   26.2250      0.3680144      0.3303680      0.3860111
   26.2750      0.3326145      0.3197259      0.3743146
   26.3250      0.2960080      0.3176315      0.3627692
   26.3750      0.2787487      0.2993580      0.3513661
   26.4250      0.3127720      0.2882462      0.3401384
   26.4750      0.2766469      0.2836693      0.3290410
   26.5250      0.2770554      0.2826273      0.3181051
   26.5750      0.2731237      0.2742889      0.3073341
   26.6250      0.2735385      0.2729727      0.2967019
   26.6750      0.2710797      0.2631166      0.2862296
   26.7250      0.2700664      0.2564300      0.2759224
   26.7750      0.2277745      0.2477866      0.2657775
   26.8250      0.2396908      0.2369301      0.2558118
   26.8750      0.2303217      0.2213469      0.2460153
   26.9250      0.2167971      0.2146390      0.2363972
   26.9750      0.1921506      0.2037339      0.2269842
   27.0250      0.1942350      0.1909597      0.2177529
   27.0750      0.1851650      0.1780041      0.2087365
   27.1250      0.1664508      0.1618800      0.1999189
   27.1750      0.1520189      0.1501962      0.1912981
   27.2250      0.1115304      0.1363998      0.1828963
   27.2750      0.1358156      0.1229929      0.1747671
   27.3250      0.1161830      0.1115859      0.1668774
   27.3750      0.0994166      0.1068555      0.1592046
   27.4250      0.0949837      0.0920853      0.1517463
   27.4750      0.0878784      0.0828075      0.1444985
   27.5250      0.0619651      0.0746927      0.1374742
   27.5750      0.0697937      0.0647570      0.1306722
   27.6250      0.0588426      0.0564753      0.1240884
   27.6750      0.0453052      0.0517552      0.1177115
   27.7250      0.0464696      0.0441237      0.1115757
   27.7750      0.0383649      0.0376090      0.1056481
   27.8250      0.0316363      0.0337830      0.0999426
   27.8750      0.0262690      0.0284013      0.0944628
   27.9250      0.0261751      0.0225475      0.0891916
   27.9750      0.0195612      0.0190688      0.0841202
   28.0250      0.0090960      0.0171696      0.0792420
   28.0750      0.0142429      0.0132202      0.0745624
   28.1250      0.0167727      0.0093079      0.0700959
   28.1750      0.0064282      0.0087653      0.0658186
   28.2250      0.0000000      0.0064255      0.0617216
   28.2750      0.0063828      0.0040851      0.0578241
   28.3250      0.0025441      0.0048204      0.0540906
   28.3750      0.0050703      0.0053239      0.0505441
   28.4250      0.0101049      0.0042982      0.0471708
   28.4750      0.0025174      0.0047893      0.0439703
   28.5250      0.0012543      0.0037752      0.0409144
   28.5750      0.0049996      0.0020025      0.0380185
   28.6250      0.0000000      0.0017464      0.0352695
   28.6750      0.0012412      0.0017420      0.0326434
   28.7250      0.0012369      0.0009878      0.0301440
   28.7750      0.0012326      0.0009878      0.0277679
   28.8250      0.0012283      0.0009835      0.0255323
   28.8750      0.0000000      0.0009793      0.0234237
   28.9250      0.0012198      0.0007327      0.0214289
   28.9750      0.0012156      0.0007285      0.0195403
   29.0250      0.0000000      0.0007285      0.0177710
   29.0750      0.0012073      0.0004846      0.0161081
   29.1250      0.0000000      0.0002415      0.0145508
   29.1750      0.0000000      0.0002415      0.0130984
   29.2250      0.0000000      0.0000000      0.0117513
   29.2750      0.0000000      0.0000000      0.0105084
   29.3250      0.0000000      0.0000000      0.0093693
   29.3750      0.0000000      0.0000000      0.0083177
   29.4250      0.0000000      0.0000000      0.0073584
   29.4750      0.0000000      0.0000000      0.0064875
   29.5250      0.0000000      0.0000000      0.0057001
   29.5750      0.0000000      0.0000000      0.0049865
   29.6250      0.0000000      0.0000000      0.0043476
   29.6750      0.0000000      0.0000000      0.0037798
   29.7250      0.0000000      0.0000000      0.0032761
   29.7750      0.0000000      0.0000000      0.0028308
   29.8250      0.0000000      0.0000000      0.0024284
   29.8750      0.0000000      0.0000000      0.0020782
   29.9250      0.0000000      0.0000000      0.0017727
   29.9750      0.0000000      0.0000000      0.0015054
   30.0250      0.0000000      0.0000000      0.0012746
   30.0750      0.0000000      0.0000000      0.0010777
   30.1250      0.0000000      0.0000000      0.0009045
   30.1750      0.0000000      0.0000000      0.0007581
   30.2250      0.0000000      0.0000000      0.0006344
   30.2750      0.0000000      0.0000000      0.0005281
   30.3250      0.0000000      0.0000000      0.0004397
   30.3750      0.0000000      0.0000000      0.0003660
   30.4250      0.0000000      0.0000000      0.0003045
   30.4750      0.0000000      0.0000000      0.0002531
   30.5250      0.0000000      0.0000000      0.0002118
   30.5750      0.0000000      0.0000000      0.0001779
   30.6250      0.0000000      0.0000000      0.0001476
   30.6750      0.0000000      0.0000000      0.0001227
   30.7250      0.0000000      0.0000000      0.0001043
   30.7750      0.0000000      0.0000000      0.0000884
   30.8250      0.0000000      0.0000000      0.0000724
   30.8750      0.0000000      0.0000000      0.0000590
   30.9250      0.0000000      0.0000000      0.0000465
   30.9750      0.0000000      0.0000000      0.0000359
   31.0250      0.0000000      0.0000000      0.0000292
   31.0750      0.0000000      0.0000000      0.0000235
   31.1250      0.0000000      0.0000000      0.0000183
   31.1750      0.0000000      0.0000000      0.0000150
   31.2250      0.0000000      0.0000000      0.0000117
   31.2750      0.0000000      0.0000000      0.0000091
   31.3250      0.0000000      0.0000000      0.0000068
   31.3750      0.0000000      0.0000000      0.0000050
   31.4250      0.0000000      0.0000000      0.0000035
   31.4750      0.0000000      0.0000000      0.0000021
   31.5250      0.0000000      0.0000000      0.0000011
   31.5750      0.0000000      0.0000000      0.0000005
   31.6250      0.0000000      0.0000000      0.0000000
   31.6750      0.0000000      0.0000000      0.0000000
   31.7250      0.0000000      0.0000000      0.0000000
   31.7750      0.0000000      0.0000000      0.0000000
   31.8250      0.0000000      0.0000000      0.0000000
   31.8750      0.0000000      0.0000000      0.0000000
   31.9250      0.0000000      0.0000000      0.0000000
   31.9750      0.0000000      0.0000000      0.0000000
   32.0250      0.0000000      0.0000000      0.0000000
   32.0750      0.0000000      0.0000000      0.0000000
   32.1250      0.0000000      0.0000000      0.0000000
   32.1750      0.0000000      0.0000000      0.0000000
   32.2250      0.0000000      0.0000000      0.0000000
   32.2750      0.0000000      0.0000000      0.0000000
   32.3250      0.0000000      0.0000000      0.0000000
   32.3750      0.0000000      0.0000000      0.0000000
   32.4250      0.0000000      0.0000000      0.0000000
   32.4750      0.0000000      0.0000000      0.0000000
