 #r(A)        G(r)
  0.02      0.00000
  0.04      0.00000
  0.06      0.00000
  0.08      0.00000
  0.10      0.00000
  0.12      0.00000
  0.14      0.00000
  0.16      0.00000
  0.18      0.00000
  0.20      0.00000
  0.22      0.00000
  0.24      0.00000
  0.26      0.00000
  0.28      0.00000
  0.30      0.00000
  0.32      0.00000
  0.34      0.00000
  0.36      0.00000
  0.38      0.00000
  0.40      0.00000
  0.42      0.00000
  0.44      0.00000
  0.46      0.00000
  0.48      0.00000
  0.50      0.00000
  0.52      0.00000
  0.54      0.00000
  0.56      0.00000
  0.58      0.00000
  0.60      0.00000
  0.62     -0.00023
  0.64     -0.00046
  0.66     -0.00069
  0.68     -0.00092
  0.70     -0.00115
  0.72     -0.00139
  0.74     -0.00162
  0.76     -0.00210
  0.78     -0.00259
  0.80     -0.00308
  0.82     -0.00356
  0.84     -0.00405
  0.86     -0.00454
  0.88     -0.00503
  0.90     -0.00551
  0.92     -0.00600
  0.94     -0.00649
  0.96     -0.00697
  0.98     -0.00746
  1.00     -0.00795
  1.02     -0.00843
  1.04     -0.00892
  1.06     -0.00941
  1.08     -0.00990
  1.10     -0.01038
  1.12     -0.01087
  1.14     -0.01136
  1.16     -0.01184
  1.18     -0.01233
  1.20     -0.01282
  1.22     -0.01331
  1.24     -0.01379
  1.26     -0.01428
  1.28     -0.01477
  1.30     -0.01525
  1.32     -0.01574
  1.34     -0.01623
  1.36     -0.01671
  1.38     -0.01720
  1.40     -0.01769
  1.42     -0.01818
  1.44     -0.01866
  1.46     -0.01915
  1.48     -0.01964
  1.50     -0.02012
  1.52     -0.02061
  1.54     -0.02110
  1.56     -0.02158
  1.58     -0.02207
  1.60     -0.02256
  1.62     -0.02305
  1.64     -0.02353
  1.66     -0.02402
  1.68     -0.02451
  1.70     -0.02499
  1.72     -0.02548
  1.74     -0.02597
  1.76     -0.02646
  1.78     -0.02694
  1.80     -0.02743
  1.82     -0.02807
  1.84     -0.02871
  1.86     -0.02936
  1.88     -0.03000
  1.90     -0.03064
  1.92     -0.03128
  1.94     -0.03192
  1.96     -0.03257
  1.98     -0.03321
  2.00     -0.03385
  2.02     -0.03449
  2.04     -0.03513
  2.06     -0.03578
  2.08     -0.03642
  2.10     -0.03706
  2.12     -0.03770
  2.14     -0.03834
  2.16     -0.03899
  2.18     -0.03963
  2.20     -0.04027
  2.22     -0.04091
  2.24     -0.04156
  2.26     -0.04220
  2.28     -0.04284
  2.30     -0.04348
  2.32     -0.04412
  2.34     -0.04477
  2.36     -0.04541
  2.38     -0.04605
  2.40     -0.04669
  2.42     -0.04152
  2.44     -0.03053
  2.46     -0.01373
  2.48      0.00875
  2.50      0.03704
  2.52      0.06533
  2.54      0.09362
  2.56      0.12837
  2.58      0.16956
  2.60      0.20558
  2.62      0.23642
  2.64      0.26254
  2.66      0.27704
  2.68      0.27990
  2.70      0.28276
  2.72      0.28543
  2.74      0.27518
  2.76      0.25204
  2.78      0.22232
  2.80      0.18540
  2.82      0.14138
  2.84      0.10319
  2.86      0.07081
  2.88      0.03843
  2.90      0.00605
  2.92     -0.01988
  2.94     -0.03936
  2.96     -0.05238
  2.98     -0.05895
  3.00     -0.05907
  3.02     -0.05919
  3.04     -0.05931
  3.06     -0.05943
  3.08     -0.05955
  3.10     -0.05967
  3.12     -0.05979
  3.14     -0.05991
  3.16     -0.06003
  3.18     -0.06015
  3.20     -0.06036
  3.22     -0.06057
  3.24     -0.06078
  3.26     -0.06110
  3.28     -0.06142
  3.30     -0.06175
  3.32     -0.06207
  3.34     -0.06240
  3.36     -0.06272
  3.38     -0.06305
  3.40     -0.06337
  3.42     -0.06370
  3.44     -0.06402
  3.46     -0.06435
  3.48     -0.06467
  3.50     -0.06499
  3.52     -0.06532
  3.54     -0.06572
  3.56     -0.06612
  3.58     -0.06652
  3.60     -0.06692
  3.62     -0.06341
  3.64     -0.05600
  3.66     -0.04468
  3.68     -0.02946
  3.70     -0.01034
  3.72      0.00879
  3.74      0.02791
  3.76      0.04704
  3.78      0.06616
  3.80      0.07748
  3.82      0.08098
  3.84      0.07699
  3.86      0.06519
  3.88      0.04557
  3.90      0.02596
  3.92      0.00635
  3.94     -0.01327
  3.96     -0.03300
  3.98     -0.04883
  4.00     -0.06075
  4.02     -0.06877
  4.04     -0.07289
  4.06     -0.07310
  4.08     -0.07331
  4.10     -0.07352
  4.12     -0.07373
  4.14     -0.07405
  4.16     -0.07438
  4.18     -0.07471
  4.20     -0.07503
  4.22     -0.07536
  4.24     -0.07569
  4.26     -0.07601
  4.28     -0.07278
  4.30     -0.06595
  4.32     -0.05553
  4.34     -0.04155
  4.36     -0.02398
  4.38     -0.00640
  4.40      0.01117
  4.42      0.02874
  4.44      0.04631
  4.46      0.05670
  4.48      0.05989
  4.50      0.05619
  4.52      0.05025
  4.54      0.04211
  4.56      0.03896
  4.58      0.04081
  4.60      0.05043
  4.62      0.06284
  4.64      0.08162
  4.66      0.10655
  4.68      0.13785
  4.70      0.16277
  4.72      0.18129
  4.74      0.19018
  4.76      0.18908
  4.78      0.17243
  4.80      0.14996
  4.82      0.12214
  4.84      0.08875
  4.86      0.04968
  4.88      0.01559
  4.90     -0.01350
  4.92     -0.03771
  4.94     -0.05693
  4.96     -0.06838
  4.98     -0.07704
  5.00     -0.08065
  5.02     -0.07921
  5.04     -0.07272
  5.06     -0.06106
  5.08     -0.04423
  5.10     -0.02451
  5.12     -0.00188
  5.14      0.02355
  5.16      0.04899
  5.18      0.06989
  5.20      0.08626
  5.22      0.09828
  5.24      0.09996
  5.26      0.09129
  5.28      0.07698
  5.30      0.05687
  5.32      0.03096
  5.34      0.00685
  5.36     -0.01311
  5.38     -0.02893
  5.40     -0.04068
  5.42     -0.04539
  5.44     -0.04493
  5.46     -0.04157
  5.48     -0.03531
  5.50     -0.02615
  5.52     -0.02075
  5.54     -0.01911
  5.56     -0.02107
  5.58     -0.02679
  5.60     -0.03627
  5.62     -0.04575
  5.64     -0.05524
  5.66     -0.06474
  5.68     -0.07425
  5.70     -0.08188
  5.72     -0.08764
  5.74     -0.09153
  5.76     -0.09050
  5.78     -0.08461
  5.80     -0.07568
  5.82     -0.06372
  5.84     -0.04872
  5.86     -0.03388
  5.88     -0.01903
  5.90     -0.00419
  5.92      0.01057
  5.94      0.02220
  5.96      0.03066
  5.98      0.03624
  6.00      0.03870
  6.02      0.03803
  6.04      0.03736
  6.06      0.03669
  6.08      0.03681
  6.10      0.03772
  6.12      0.03657
  6.14      0.03425
  6.16      0.03102
  6.18      0.02587
  6.20      0.01876
  6.22      0.01257
  6.24      0.00639
  6.26     -0.00138
  6.28     -0.01076
  6.30     -0.01871
  6.32     -0.02598
  6.34     -0.03254
  6.36     -0.03674
  6.38     -0.03868
  6.40     -0.04127
  6.42     -0.04389
  6.44     -0.04571
  6.46     -0.04675
  6.48     -0.04699
  6.50     -0.04792
  6.52     -0.04969
  6.54     -0.05172
  6.56     -0.05410
  6.58     -0.05680
  6.60     -0.05832
  6.62     -0.05869
  6.64     -0.05905
  6.66     -0.05632
  6.68     -0.04929
  6.70     -0.03803
  6.72     -0.02201
  6.74     -0.00118
  6.76      0.02125
  6.78      0.04418
  6.80      0.06762
  6.82      0.09106
  6.84      0.10819
  6.86      0.11913
  6.88      0.12413
  6.90      0.11845
  6.92      0.10207
  6.94      0.08362
  6.96      0.06291
  6.98      0.03990
  7.00      0.01914
  7.02      0.00374
  7.04     -0.00859
  7.06     -0.01735
  7.08     -0.01801
  7.10     -0.01064
  7.12     -0.00279
  7.14      0.00755
  7.16      0.02008
  7.18      0.03011
  7.20      0.03969
  7.22      0.05331
  7.24      0.06789
  7.26      0.08014
  7.28      0.09012
  7.30      0.09807
  7.32      0.09987
  7.34      0.09652
  7.36      0.09145
  7.38      0.08053
  7.40      0.06144
  7.42      0.03896
  7.44      0.01461
  7.46     -0.01098
  7.48     -0.03374
  7.50     -0.05163
  7.52     -0.06474
  7.54     -0.07474
  7.56     -0.08032
  7.58     -0.08026
  7.60     -0.07654
  7.62     -0.06954
  7.64     -0.06063
  7.66     -0.05182
  7.68     -0.04430
  7.70     -0.03894
  7.72     -0.03351
  7.74     -0.02663
  7.76     -0.01990
  7.78     -0.01329
  7.80     -0.00592
  7.82      0.00058
  7.84      0.00620
  7.86      0.01247
  7.88      0.01982
  7.90      0.02374
  7.92      0.02362
  7.94      0.01997
  7.96      0.01262
  7.98      0.00123
  8.00     -0.00899
  8.02     -0.01790
  8.04     -0.02589
  8.06     -0.03293
  8.08     -0.03621
  8.10     -0.03669
  8.12     -0.03485
  8.14     -0.03073
  8.16     -0.02420
  8.18     -0.01916
  8.20     -0.01548
  8.22     -0.01205
  8.24     -0.00895
  8.26     -0.00731
  8.28     -0.00626
  8.30     -0.00601
  8.32     -0.00721
  8.34     -0.00846
  8.36     -0.00923
  8.38     -0.00961
  8.40     -0.01030
  8.42     -0.01141
  8.44     -0.01359
  8.46     -0.01633
  8.48     -0.01895
  8.50     -0.01872
  8.52     -0.01725
  8.54     -0.01515
  8.56     -0.01239
  8.58     -0.00905
  8.60     -0.00686
  8.62     -0.00419
  8.64     -0.00027
  8.66      0.00490
  8.68      0.00753
  8.70      0.00690
  8.72      0.00372
  8.74     -0.00157
  8.76     -0.00901
  8.78     -0.01393
  8.80     -0.01560
  8.82     -0.01598
  8.84     -0.01592
  8.86     -0.01373
  8.88     -0.00995
  8.90     -0.00325
  8.92      0.00544
  8.94      0.01631
  8.96      0.02548
  8.98      0.03203
  9.00      0.03531
  9.02      0.03689
  9.04      0.03621
  9.06      0.03599
  9.08      0.03328
  9.10      0.02856
  9.12      0.02165
  9.14      0.01233
  9.16      0.00192
  9.18     -0.00670
  9.20     -0.01268
  9.22     -0.01493
  9.24     -0.01438
  9.26     -0.01054
  9.28     -0.00335
  9.30      0.00562
  9.32      0.01703
  9.34      0.02845
  9.36      0.03898
  9.38      0.04533
  9.40      0.04753
  9.42      0.04584
  9.44      0.04256
  9.46      0.03738
  9.48      0.03369
  9.50      0.03129
  9.52      0.03105
  9.54      0.03135
  9.56      0.03315
  9.58      0.03527
  9.60      0.03692
  9.62      0.03608
  9.64      0.03342
  9.66      0.02750
  9.68      0.01867
  9.70      0.00828
  9.72     -0.00192
  9.74     -0.01060
  9.76     -0.01701
  9.78     -0.02089
  9.80     -0.02223
  9.82     -0.02145
  9.84     -0.01783
  9.86     -0.01206
  9.88     -0.00590
  9.90     -0.00065
  9.92      0.00312
  9.94      0.00493
  9.96      0.00479
  9.98      0.00426
 10.00      0.00331
 10.02      0.00017
 10.04     -0.00510
 10.06     -0.01169
 10.08     -0.01839
 10.10     -0.02521
 10.12     -0.03146
 10.14     -0.03714
 10.16     -0.04351
 10.18     -0.04990
 10.20     -0.05523
 10.22     -0.05745
 10.24     -0.05633
 10.26     -0.05204
 10.28     -0.04564
 10.30     -0.03788
 10.32     -0.02912
 10.34     -0.01923
 10.36     -0.00971
 10.38     -0.00050
 10.40      0.00719
 10.42      0.01187
 10.44      0.01387
 10.46      0.01548
 10.48      0.01703
 10.50      0.01845
 10.52      0.02058
 10.54      0.02361
 10.56      0.02681
 10.58      0.02857
 10.60      0.03054
 10.62      0.03129
 10.64      0.02876
 10.66      0.02303
 10.68      0.01519
 10.70      0.00403
 10.72     -0.00870
 10.74     -0.02151
 10.76     -0.03209
 10.78     -0.04087
 10.80     -0.04610
 10.82     -0.04756
 10.84     -0.04525
 10.86     -0.04105
 10.88     -0.03416
 10.90     -0.02639
 10.92     -0.01883
 10.94     -0.01328
 10.96     -0.00995
 10.98     -0.00999
 11.00     -0.01270
 11.02     -0.01705
 11.04     -0.02107
 11.06     -0.02461
 11.08     -0.02704
 11.10     -0.02814
 11.12     -0.02690
 11.14     -0.02226
 11.16     -0.01385
 11.18     -0.00152
 11.20      0.01298
 11.22      0.02757
 11.24      0.04003
 11.26      0.05007
 11.28      0.05877
 11.30      0.06495
 11.32      0.06688
 11.34      0.06495
 11.36      0.05985
 11.38      0.05080
 11.40      0.04116
 11.42      0.03375
 11.44      0.03024
 11.46      0.02746
 11.48      0.02699
 11.50      0.02830
 11.52      0.03121
 11.54      0.03236
 11.56      0.03443
 11.58      0.03444
 11.60      0.03203
 11.62      0.02477
 11.64      0.01615
 11.66      0.00512
 11.68     -0.00581
 11.70     -0.01662
 11.72     -0.02421
 11.74     -0.03065
 11.76     -0.03482
 11.78     -0.03659
 11.80     -0.03454
 11.82     -0.02997
 11.84     -0.02187
 11.86     -0.01251
 11.88     -0.00300
 11.90      0.00559
 11.92      0.01422
 11.94      0.02240
 11.96      0.02879
 11.98      0.03207
 12.00      0.03223
 12.02      0.02820
 12.04      0.02156
 12.06      0.01464
 12.08      0.00760
 12.10      0.00040
 12.12     -0.00648
 12.14     -0.01311
 12.16     -0.01750
 12.18     -0.01959
 12.20     -0.01897
 12.22     -0.01692
 12.24     -0.01457
 12.26     -0.01263
 12.28     -0.01162
 12.30     -0.01202
 12.32     -0.01124
 12.34     -0.01142
 12.36     -0.01252
 12.38     -0.01403
 12.40     -0.01553
 12.42     -0.01828
 12.44     -0.02032
 12.46     -0.02153
 12.48     -0.02082
 12.50     -0.02056
 12.52     -0.01961
 12.54     -0.01833
 12.56     -0.01736
 12.58     -0.01719
 12.60     -0.01580
 12.62     -0.01458
 12.64     -0.01345
 12.66     -0.01333
 12.68     -0.01275
 12.70     -0.01165
 12.72     -0.00971
 12.74     -0.00684
 12.76     -0.00261
 12.78      0.00164
 12.80      0.00610
 12.82      0.01089
 12.84      0.01610
 12.86      0.01976
 12.88      0.02110
 12.90      0.02001
 12.92      0.01659
 12.94      0.01103
 12.96      0.00606
 12.98      0.00171
 13.00     -0.00212
 13.02     -0.00554
 13.04     -0.00759
 13.06     -0.00804
 13.08     -0.00645
 13.10     -0.00320
 13.12      0.00140
 13.14      0.00477
 13.16      0.00652
 13.18      0.00656
 13.20      0.00535
 13.22      0.00314
 13.24      0.00044
 13.26     -0.00288
 13.28     -0.00569
 13.30     -0.00787
 13.32     -0.00972
 13.34     -0.01096
 13.36     -0.01103
 13.38     -0.01060
 13.40     -0.00988
 13.42     -0.00789
 13.44     -0.00441
 13.46     -0.00113
 13.48      0.00161
 13.50      0.00447
 13.52      0.00688
 13.54      0.00895
 13.56      0.01146
 13.58      0.01427
 13.60      0.01581
 13.62      0.01597
 13.64      0.01532
 13.66      0.01480
 13.68      0.01449
 13.70      0.01608
 13.72      0.01768
 13.74      0.01947
 13.76      0.02112
 13.78      0.02306
 13.80      0.02417
 13.82      0.02560
 13.84      0.02581
 13.86      0.02475
 13.88      0.02141
 13.90      0.01797
 13.92      0.01374
 13.94      0.00953
 13.96      0.00560
 13.98      0.00361
 14.00      0.00263
 14.02      0.00363
 14.04      0.00684
 14.06      0.01158
 14.08      0.01584
 14.10      0.01875
 14.12      0.02048
 14.14      0.02054
 14.16      0.01755
 14.18      0.01208
 14.20      0.00460
 14.22     -0.00503
 14.24     -0.01533
 14.26     -0.02474
 14.28     -0.03176
 14.30     -0.03670
 14.32     -0.03935
 14.34     -0.03941
 14.36     -0.03729
 14.38     -0.03377
 14.40     -0.02892
 14.42     -0.02345
 14.44     -0.01837
 14.46     -0.01389
 14.48     -0.01021
 14.50     -0.00710
 14.52     -0.00518
 14.54     -0.00422
 14.56     -0.00429
 14.58     -0.00447
 14.60     -0.00533
 14.62     -0.00581
 14.64     -0.00613
 14.66     -0.00594
 14.68     -0.00631
 14.70     -0.00566
 14.72     -0.00416
 14.74     -0.00163
 14.76      0.00037
 14.78      0.00204
 14.80      0.00260
 14.82      0.00156
 14.84     -0.00054
 14.86     -0.00157
 14.88     -0.00270
 14.90     -0.00409
 14.92     -0.00542
 14.94     -0.00601
 14.96     -0.00608
 14.98     -0.00514
 15.00     -0.00253
 15.02      0.00043
 15.04      0.00157
 15.06      0.00153
 15.08      0.00140
 15.10      0.00067
 15.12      0.00019
 15.14      0.00042
 15.16      0.00125
 15.18      0.00153
 15.20      0.00156
 15.22      0.00225
 15.24      0.00390
 15.26      0.00527
 15.28      0.00672
 15.30      0.00713
 15.32      0.00620
 15.34      0.00394
 15.36      0.00181
 15.38     -0.00040
 15.40     -0.00194
 15.42     -0.00283
 15.44     -0.00353
 15.46     -0.00440
 15.48     -0.00482
 15.50     -0.00439
 15.52     -0.00303
 15.54     -0.00119
 15.56      0.00135
 15.58      0.00470
 15.60      0.00765
 15.62      0.01013
 15.64      0.01333
 15.66      0.01709
 15.68      0.02016
 15.70      0.02233
 15.72      0.02387
 15.74      0.02457
 15.76      0.02294
 15.78      0.01975
 15.80      0.01648
 15.82      0.01238
 15.84      0.00714
 15.86      0.00239
 15.88     -0.00144
 15.90     -0.00405
 15.92     -0.00537
 15.94     -0.00482
 15.96     -0.00282
 15.98     -0.00042
 16.00      0.00130
 16.02      0.00278
 16.04      0.00367
 16.06      0.00446
 16.08      0.00415
 16.10      0.00323
 16.12      0.00239
 16.14      0.00200
 16.16      0.00178
 16.18      0.00284
 16.20      0.00505
 16.22      0.00742
 16.24      0.00824
 16.26      0.00824
 16.28      0.00783
 16.30      0.00663
 16.32      0.00443
 16.34      0.00243
 16.36      0.00059
 16.38     -0.00101
 16.40     -0.00195
 16.42     -0.00166
 16.44     -0.00082
 16.46      0.00022
 16.48      0.00027
 16.50     -0.00016
 16.52     -0.00095
 16.54     -0.00219
 16.56     -0.00467
 16.58     -0.00720
 16.60     -0.00993
 16.62     -0.01254
 16.64     -0.01500
 16.66     -0.01572
 16.68     -0.01534
 16.70     -0.01464
 16.72     -0.01388
 16.74     -0.01236
 16.76     -0.01134
 16.78     -0.01034
 16.80     -0.00922
 16.82     -0.00825
 16.84     -0.00869
 16.86     -0.01065
 16.88     -0.01373
 16.90     -0.01691
 16.92     -0.01993
 16.94     -0.02198
 16.96     -0.02280
 16.98     -0.02221
 17.00     -0.02118
 17.02     -0.01958
 17.04     -0.01636
 17.06     -0.01206
 17.08     -0.00859
 17.10     -0.00557
 17.12     -0.00216
 17.14      0.00056
 17.16      0.00232
 17.18      0.00487
 17.20      0.00829
 17.22      0.01062
 17.24      0.01305
 17.26      0.01712
 17.28      0.02137
 17.30      0.02349
 17.32      0.02526
 17.34      0.02647
 17.36      0.02580
 17.38      0.02401
 17.40      0.02374
 17.42      0.02279
 17.44      0.02019
 17.46      0.01668
 17.48      0.01382
 17.50      0.00927
 17.52      0.00375
 17.54     -0.00191
 17.56     -0.00713
 17.58     -0.01339
 17.60     -0.01824
 17.62     -0.02096
 17.64     -0.02148
 17.66     -0.02083
 17.68     -0.01802
 17.70     -0.01303
 17.72     -0.00627
 17.74      0.00027
 17.76      0.00618
 17.78      0.01042
 17.80      0.01291
 17.82      0.01365
 17.84      0.01380
 17.86      0.01386
 17.88      0.01341
 17.90      0.01226
 17.92      0.01134
 17.94      0.01116
 17.96      0.01200
 17.98      0.01368
 18.00      0.01535
 18.02      0.01640
 18.04      0.01665
 18.06      0.01606
 18.08      0.01460
 18.10      0.01303
 18.12      0.01147
 18.14      0.00917
 18.16      0.00633
 18.18      0.00426
 18.20      0.00255
 18.22      0.00083
 18.24     -0.00052
 18.26     -0.00122
 18.28     -0.00228
 18.30     -0.00388
 18.32     -0.00539
 18.34     -0.00734
 18.36     -0.01005
 18.38     -0.01237
 18.40     -0.01403
 18.42     -0.01532
 18.44     -0.01554
 18.46     -0.01483
 18.48     -0.01342
 18.50     -0.01156
 18.52     -0.00865
 18.54     -0.00566
 18.56     -0.00344
 18.58     -0.00214
 18.60     -0.00171
 18.62     -0.00325
 18.64     -0.00564
 18.66     -0.00819
 18.68     -0.01044
 18.70     -0.01267
 18.72     -0.01422
 18.74     -0.01487
 18.76     -0.01468
 18.78     -0.01392
 18.80     -0.01236
 18.82     -0.01062
 18.84     -0.00877
 18.86     -0.00767
 18.88     -0.00751
 18.90     -0.00700
 18.92     -0.00552
 18.94     -0.00372
 18.96     -0.00103
 18.98      0.00311
 19.00      0.00740
 19.02      0.01092
 19.04      0.01481
 19.06      0.01945
 19.08      0.02212
 19.10      0.02217
 19.12      0.02076
 19.14      0.01725
 19.16      0.01102
 19.18      0.00459
 19.20     -0.00138
 19.22     -0.00791
 19.24     -0.01476
 19.26     -0.02033
 19.28     -0.02478
 19.30     -0.02758
 19.32     -0.02797
 19.34     -0.02609
 19.36     -0.02316
 19.38     -0.01891
 19.40     -0.01383
 19.42     -0.00872
 19.44     -0.00331
 19.46      0.00260
 19.48      0.00767
 19.50      0.01155
 19.52      0.01483
 19.54      0.01682
 19.56      0.01781
 19.58      0.01892
 19.60      0.02038
 19.62      0.02186
 19.64      0.02357
 19.66      0.02470
 19.68      0.02508
 19.70      0.02484
 19.72      0.02433
 19.74      0.02256
 19.76      0.01985
 19.78      0.01642
 19.80      0.01179
 19.82      0.00608
 19.84      0.00091
 19.86     -0.00333
 19.88     -0.00672
 19.90     -0.00872
 19.92     -0.00922
 19.94     -0.00866
 19.96     -0.00733
 19.98     -0.00541
 20.00     -0.00330
 20.02     -0.00117
 20.04      0.00009
 20.06      0.00079
 20.08      0.00105
 20.10      0.00096
 20.12      0.00022
 20.14     -0.00026
 20.16     -0.00052
 20.18     -0.00049
 20.20     -0.00014
 20.22      0.00083
 20.24      0.00164
 20.26      0.00176
 20.28      0.00133
 20.30      0.00064
 20.32     -0.00074
 20.34     -0.00197
 20.36     -0.00280
 20.38     -0.00349
 20.40     -0.00380
 20.42     -0.00366
 20.44     -0.00309
 20.46     -0.00197
 20.48     -0.00077
 20.50      0.00014
 20.52      0.00053
 20.54      0.00033
 20.56     -0.00008
 20.58     -0.00069
 20.60     -0.00132
 20.62     -0.00174
 20.64     -0.00223
 20.66     -0.00284
 20.68     -0.00333
 20.70     -0.00360
 20.72     -0.00356
 20.74     -0.00365
 20.76     -0.00416
 20.78     -0.00501
 20.80     -0.00646
 20.82     -0.00823
 20.84     -0.00998
 20.86     -0.01104
 20.88     -0.01171
 20.90     -0.01231
 20.92     -0.01279
 20.94     -0.01289
 20.96     -0.01320
 20.98     -0.01340
 21.00     -0.01303
 21.02     -0.01204
 21.04     -0.01116
 21.06     -0.01022
 21.08     -0.00885
 21.10     -0.00751
 21.12     -0.00605
 21.14     -0.00373
 21.16     -0.00080
 21.18      0.00188
 21.20      0.00438
 21.22      0.00680
 21.24      0.00879
 21.26      0.01008
 21.28      0.01162
 21.30      0.01306
 21.32      0.01376
 21.34      0.01398
 21.36      0.01413
 21.38      0.01407
 21.40      0.01317
 21.42      0.01178
 21.44      0.01016
 21.46      0.00762
 21.48      0.00433
 21.50      0.00158
 21.52     -0.00077
 21.54     -0.00288
 21.56     -0.00483
 21.58     -0.00585
 21.60     -0.00585
 21.62     -0.00487
 21.64     -0.00273
 21.66      0.00043
 21.68      0.00318
 21.70      0.00529
 21.72      0.00674
 21.74      0.00811
 21.76      0.00912
 21.78      0.00936
 21.80      0.00878
 21.82      0.00729
 21.84      0.00445
 21.86      0.00149
 21.88     -0.00094
 21.90     -0.00274
 21.92     -0.00448
 21.94     -0.00579
 21.96     -0.00650
 21.98     -0.00676
 22.00     -0.00648
 22.02     -0.00477
 22.04     -0.00274
 22.06     -0.00046
 22.08      0.00225
 22.10      0.00500
 22.12      0.00708
 22.14      0.00868
 22.16      0.00962
 22.18      0.00985
 22.20      0.00929
 22.22      0.00895
 22.24      0.00858
 22.26      0.00771
 22.28      0.00676
 22.30      0.00632
 22.32      0.00602
 22.34      0.00614
 22.36      0.00687
 22.38      0.00775
 22.40      0.00777
 22.42      0.00663
 22.44      0.00483
 22.46      0.00232
 22.48     -0.00100
 22.50     -0.00448
 22.52     -0.00781
 22.54     -0.01139
 22.56     -0.01491
 22.58     -0.01786
 22.60     -0.02002
 22.62     -0.02129
 22.64     -0.02132
 22.66     -0.02019
 22.68     -0.01836
 22.70     -0.01608
 22.72     -0.01352
 22.74     -0.01073
 22.76     -0.00781
 22.78     -0.00468
 22.80     -0.00207
 22.82     -0.00044
 22.84      0.00021
 22.86      0.00005
 22.88     -0.00092
 22.90     -0.00184
 22.92     -0.00279
 22.94     -0.00358
 22.96     -0.00416
 22.98     -0.00417
 23.00     -0.00347
 23.02     -0.00197
 23.04     -0.00020
 23.06      0.00159
 23.08      0.00300
 23.10      0.00403
 23.12      0.00461
 23.14      0.00451
 23.16      0.00388
 23.18      0.00282
 23.20      0.00135
 23.22     -0.00011
 23.24     -0.00115
 23.26     -0.00188
 23.28     -0.00190
 23.30     -0.00154
 23.32     -0.00065
 23.34      0.00086
 23.36      0.00275
 23.38      0.00436
 23.40      0.00597
 23.42      0.00745
 23.44      0.00874
 23.46      0.00894
 23.48      0.00823
 23.50      0.00680
 23.52      0.00437
 23.54      0.00103
 23.56     -0.00184
 23.58     -0.00436
 23.60     -0.00632
 23.62     -0.00735
 23.64     -0.00700
 23.66     -0.00529
 23.68     -0.00268
 23.70      0.00050
 23.72      0.00415
 23.74      0.00725
 23.76      0.00994
 23.78      0.01174
 23.80      0.01222
 23.82      0.01150
 23.84      0.00997
 23.86      0.00756
 23.88      0.00531
 23.90      0.00348
 23.92      0.00264
 23.94      0.00216
 23.96      0.00227
 23.98      0.00313
 24.00      0.00437
 24.02      0.00531
 24.04      0.00666
 24.06      0.00780
 24.08      0.00845
 24.10      0.00801
 24.12      0.00690
 24.14      0.00505
 24.16      0.00237
 24.18     -0.00085
 24.20     -0.00364
 24.22     -0.00649
 24.24     -0.00918
 24.26     -0.01150
 24.28     -0.01317
 24.30     -0.01436
 24.32     -0.01488
 24.34     -0.01461
 24.36     -0.01356
 24.38     -0.01227
 24.40     -0.01027
 24.42     -0.00792
 24.44     -0.00552
 24.46     -0.00305
 24.48     -0.00038
 24.50      0.00202
 24.52      0.00399
 24.54      0.00548
 24.56      0.00655
 24.58      0.00652
 24.60      0.00561
 24.62      0.00428
 24.64      0.00270
 24.66      0.00074
 24.68     -0.00084
 24.70     -0.00202
 24.72     -0.00275
 24.74     -0.00331
 24.76     -0.00343
 24.78     -0.00311
 24.80     -0.00255
 24.82     -0.00214
 24.84     -0.00173
 24.86     -0.00164
 24.88     -0.00196
 24.90     -0.00263
 24.92     -0.00320
 24.94     -0.00371
 24.96     -0.00435
 24.98     -0.00500
 25.00     -0.00550
 25.02     -0.00596
 25.04     -0.00642
 25.06     -0.00664
 25.08     -0.00674
 25.10     -0.00696
 25.12     -0.00723
 25.14     -0.00699
 25.16     -0.00640
 25.18     -0.00539
 25.20     -0.00379
 25.22     -0.00163
 25.24      0.00052
 25.26      0.00292
 25.28      0.00548
 25.30      0.00814
 25.32      0.01012
 25.34      0.01147
 25.36      0.01184
 25.38      0.01107
 25.40      0.00920
 25.42      0.00700
 25.44      0.00464
 25.46      0.00234
 25.48      0.00030
 25.50     -0.00115
 25.52     -0.00202
 25.54     -0.00224
 25.56     -0.00177
 25.58     -0.00067
 25.60      0.00096
 25.62      0.00248
 25.64      0.00374
 25.66      0.00469
 25.68      0.00534
 25.70      0.00542
 25.72      0.00542
 25.74      0.00537
 25.76      0.00532
 25.78      0.00474
 25.80      0.00386
 25.82      0.00279
 25.84      0.00138
 25.86     -0.00039
 25.88     -0.00198
 25.90     -0.00360
 25.92     -0.00517
 25.94     -0.00665
 25.96     -0.00775
 25.98     -0.00842
 26.00     -0.00868
 26.02     -0.00857
 26.04     -0.00767
 26.06     -0.00631
 26.08     -0.00457
 26.10     -0.00264
 26.12     -0.00055
 26.14      0.00132
 26.16      0.00301
 26.18      0.00450
 26.20      0.00597
 26.22      0.00674
 26.24      0.00686
 26.26      0.00635
 26.28      0.00530
 26.30      0.00375
 26.32      0.00234
 26.34      0.00106
 26.36     -0.00003
 26.38     -0.00101
 26.40     -0.00165
 26.42     -0.00192
 26.44     -0.00184
 26.46     -0.00148
 26.48     -0.00090
 26.50     -0.00031
 26.52      0.00009
 26.54      0.00025
 26.56      0.00019
 26.58     -0.00007
 26.60     -0.00061
 26.62     -0.00125
 26.64     -0.00197
 26.66     -0.00273
 26.68     -0.00353
 26.70     -0.00418
 26.72     -0.00471
 26.74     -0.00512
 26.76     -0.00531
 26.78     -0.00526
 26.80     -0.00508
 26.82     -0.00474
 26.84     -0.00425
 26.86     -0.00381
 26.88     -0.00345
 26.90     -0.00311
 26.92     -0.00268
 26.94     -0.00234
 26.96     -0.00198
 26.98     -0.00165
 27.00     -0.00137
 27.02     -0.00126
 27.04     -0.00109
 27.06     -0.00092
 27.08     -0.00076
 27.10     -0.00074
 27.12     -0.00078
 27.14     -0.00089
 27.16     -0.00101
 27.18     -0.00113
 27.20     -0.00111
 27.22     -0.00103
 27.24     -0.00092
 27.26     -0.00077
 27.28     -0.00061
 27.30     -0.00041
 27.32     -0.00024
 27.34     -0.00016
 27.36     -0.00013
 27.38     -0.00014
 27.40     -0.00021
 27.42     -0.00016
 27.44      0.00002
 27.46      0.00031
 27.48      0.00063
 27.50      0.00103
 27.52      0.00141
 27.54      0.00173
 27.56      0.00194
 27.58      0.00209
 27.60      0.00196
 27.62      0.00158
 27.64      0.00101
 27.66      0.00034
 27.68     -0.00046
 27.70     -0.00115
 27.72     -0.00170
 27.74     -0.00213
 27.76     -0.00242
 27.78     -0.00244
 27.80     -0.00225
 27.82     -0.00186
 27.84     -0.00125
 27.86     -0.00046
 27.88      0.00031
 27.90      0.00104
 27.92      0.00173
 27.94      0.00221
 27.96      0.00248
 27.98      0.00265
 28.00      0.00272
 28.02      0.00260
 28.04      0.00239
 28.06      0.00215
 28.08      0.00186
 28.10      0.00153
 28.12      0.00131
 28.14      0.00118
 28.16      0.00099
 28.18      0.00074
 28.20      0.00047
 28.22      0.00012
 28.24     -0.00029
 28.26     -0.00067
 28.28     -0.00104
 28.30     -0.00141
 28.32     -0.00176
 28.34     -0.00204
 28.36     -0.00226
 28.38     -0.00239
 28.40     -0.00243
 28.42     -0.00241
 28.44     -0.00238
 28.46     -0.00233
 28.48     -0.00228
 28.50     -0.00224
 28.52     -0.00216
 28.54     -0.00206
 28.56     -0.00193
 28.58     -0.00178
 28.60     -0.00161
 28.62     -0.00142
 28.64     -0.00121
 28.66     -0.00100
 28.68     -0.00077
 28.70     -0.00058
 28.72     -0.00045
 28.74     -0.00037
 28.76     -0.00035
 28.78     -0.00038
 28.80     -0.00044
 28.82     -0.00053
 28.84     -0.00063
 28.86     -0.00074
 28.88     -0.00084
 28.90     -0.00090
 28.92     -0.00092
 28.94     -0.00091
 28.96     -0.00087
 28.98     -0.00081
 29.00     -0.00073
 29.02     -0.00065
 29.04     -0.00059
 29.06     -0.00054
 29.08     -0.00051
 29.10     -0.00051
 29.12     -0.00051
 29.14     -0.00053
 29.16     -0.00056
 29.18     -0.00061
 29.20     -0.00065
 29.22     -0.00070
 29.24     -0.00072
 29.26     -0.00071
 29.28     -0.00068
 29.30     -0.00063
 29.32     -0.00056
 29.34     -0.00049
 29.36     -0.00041
 29.38     -0.00031
 29.40     -0.00020
 29.42     -0.00011
 29.44     -0.00005
 29.46     -0.00000
 29.48      0.00001
 29.50      0.00000
 29.52     -0.00001
 29.54     -0.00003
 29.56     -0.00007
 29.58     -0.00013
 29.60     -0.00018
 29.62     -0.00024
 29.64     -0.00028
 29.66     -0.00031
 29.68     -0.00033
 29.70     -0.00035
 29.72     -0.00036
 29.74     -0.00036
 29.76     -0.00036
 29.78     -0.00036
 29.80     -0.00034
 29.82     -0.00033
 29.84     -0.00031
 29.86     -0.00030
 29.88     -0.00028
 29.90     -0.00027
 29.92     -0.00026
 29.94     -0.00024
 29.96     -0.00023
 29.98     -0.00022
 30.00     -0.00021
 30.02     -0.00020
 30.04     -0.00019
 30.06     -0.00018
 30.08     -0.00017
 30.10     -0.00017
 30.12     -0.00016
 30.14     -0.00016
 30.16     -0.00015
 30.18     -0.00014
 30.20     -0.00014
 30.22     -0.00013
 30.24     -0.00013
 30.26     -0.00013
 30.28     -0.00012
 30.30     -0.00012
 30.32     -0.00012
 30.34     -0.00011
 30.36     -0.00011
 30.38     -0.00011
 30.40     -0.00010
 30.42     -0.00010
 30.44     -0.00010
 30.46     -0.00009
 30.48     -0.00009
 30.50     -0.00009
 30.52     -0.00008
 30.54     -0.00008
 30.56     -0.00008
 30.58     -0.00007
 30.60     -0.00007
 30.62     -0.00007
 30.64     -0.00006
 30.66     -0.00006
 30.68     -0.00006
 30.70     -0.00005
 30.72     -0.00005
 30.74     -0.00005
 30.76     -0.00005
 30.78     -0.00004
 30.80     -0.00004
 30.82     -0.00004
 30.84     -0.00004
 30.86     -0.00004
 30.88     -0.00003
 30.90     -0.00003
 30.92     -0.00003
 30.94     -0.00003
 30.96     -0.00003
 30.98     -0.00003
 31.00     -0.00002
 31.02     -0.00002
 31.04     -0.00002
 31.06     -0.00002
 31.08     -0.00002
 31.10     -0.00002
 31.12     -0.00002
 31.14     -0.00001
 31.16     -0.00001
 31.18     -0.00001
 31.20     -0.00001
 31.22     -0.00001
 31.24     -0.00001
 31.26     -0.00001
 31.28     -0.00001
 31.30     -0.00001
 31.32     -0.00001
 31.34     -0.00001
 31.36     -0.00001
 31.38     -0.00000
 31.40     -0.00000
 31.42     -0.00000
 31.44     -0.00000
 31.46     -0.00000
 31.48     -0.00000
 31.50     -0.00000
 31.52     -0.00000
 31.54     -0.00000
 31.56     -0.00000
 31.58      0.00000
 31.60      0.00000
 31.62      0.00000
 31.64      0.00000
 31.66      0.00000
 31.68      0.00000
 31.70      0.00000
 31.72      0.00000
 31.74      0.00000
 31.76      0.00000
 31.78      0.00000
 31.80      0.00000
 31.82      0.00000
 31.84      0.00000
 31.86      0.00000
 31.88      0.00000
 31.90      0.00000
 31.92      0.00000
 31.94      0.00000
 31.96      0.00000
 31.98      0.00000
 32.00      0.00000
