 #r(A)        h(r)         Base         G(r)
  0.02      0.00000      0.00000      0.00000
  0.04      0.00000      0.00000      0.00000
  0.06      0.00000      0.00000      0.00000
  0.08      0.00000      0.00000      0.00000
  0.10      0.00000      0.00000      0.00000
  0.12      0.00000      0.00000      0.00000
  0.14      0.00000      0.00000      0.00000
  0.16      0.00000      0.00000      0.00000
  0.18      0.00000      0.00000      0.00000
  0.20      0.00000      0.00000      0.00000
  0.22      0.00000      0.00000     -0.00000
  0.24      0.00000      0.00000     -0.00000
  0.26      0.00000      0.00000     -0.00000
  0.28      0.00000      0.00000     -0.00000
  0.30      0.00000      0.00000     -0.00000
  0.32      0.00000      0.00000     -0.00000
  0.34      0.00000      0.00001     -0.00001
  0.36      0.00000      0.00001     -0.00001
  0.38      0.00000      0.00002     -0.00002
  0.40      0.00000      0.00003     -0.00003
  0.42      0.00000      0.00005     -0.00005
  0.44      0.00000      0.00007     -0.00007
  0.46      0.00000      0.00009     -0.00009
  0.48      0.00000      0.00013     -0.00013
  0.50      0.00000      0.00016     -0.00016
  0.52      0.00000      0.00021     -0.00021
  0.54      0.00000      0.00027     -0.00027
  0.56      0.00000      0.00034     -0.00034
  0.58      0.00000      0.00042     -0.00042
  0.60      0.00000      0.00052     -0.00052
  0.62      0.00000      0.00064     -0.00064
  0.64      0.00000      0.00079     -0.00079
  0.66      0.00000      0.00097     -0.00097
  0.68      0.00000      0.00118     -0.00118
  0.70      0.00000      0.00142     -0.00142
  0.72      0.00000      0.00169     -0.00169
  0.74      0.00000      0.00198     -0.00198
  0.76      0.00000      0.00229     -0.00229
  0.78      0.00000      0.00262     -0.00262
  0.80      0.00000      0.00297     -0.00297
  0.82      0.00000      0.00333     -0.00333
  0.84      0.00000      0.00370     -0.00370
  0.86      0.00000      0.00407     -0.00407
  0.88      0.00000      0.00445     -0.00445
  0.90      0.00000      0.00483     -0.00483
  0.92      0.00000      0.00522     -0.00522
  0.94      0.00000      0.00561     -0.00561
  0.96      0.00000      0.00600     -0.00600
  0.98      0.00000      0.00639     -0.00639
  1.00      0.00000      0.00679     -0.00679
  1.02      0.00000      0.00718     -0.00718
  1.04      0.00000      0.00758     -0.00758
  1.06      0.00000      0.00797     -0.00797
  1.08      0.00000      0.00837     -0.00837
  1.10      0.00000      0.00877     -0.00877
  1.12      0.00000      0.00916     -0.00916
  1.14      0.00000      0.00956     -0.00956
  1.16      0.00000      0.00996     -0.00996
  1.18      0.00000      0.01035     -0.01035
  1.20      0.00000      0.01075     -0.01075
  1.22      0.00000      0.01115     -0.01115
  1.24      0.00000      0.01155     -0.01155
  1.26      0.00000      0.01195     -0.01195
  1.28      0.00000      0.01235     -0.01235
  1.30      0.00000      0.01275     -0.01275
  1.32      0.00000      0.01315     -0.01315
  1.34      0.00000      0.01355     -0.01355
  1.36      0.00000      0.01395     -0.01395
  1.38      0.00000      0.01435     -0.01435
  1.40      0.00000      0.01476     -0.01476
  1.42      0.00000      0.01516     -0.01516
  1.44      0.00000      0.01557     -0.01557
  1.46      0.00000      0.01598     -0.01598
  1.48      0.00000      0.01639     -0.01639
  1.50      0.00000      0.01680     -0.01680
  1.52      0.00000      0.01721     -0.01721
  1.54      0.00000      0.01763     -0.01763
  1.56      0.00000      0.01805     -0.01805
  1.58      0.00000      0.01847     -0.01847
  1.60      0.00000      0.01890     -0.01890
  1.62      0.00000      0.01933     -0.01933
  1.64      0.00000      0.01976     -0.01976
  1.66      0.00000      0.02020     -0.02020
  1.68      0.00000      0.02064     -0.02064
  1.70      0.00000      0.02108     -0.02108
  1.72      0.00000      0.02153     -0.02153
  1.74      0.00000      0.02198     -0.02198
  1.76      0.00000      0.02244     -0.02244
  1.78      0.00000      0.02290     -0.02290
  1.80      0.00000      0.02336     -0.02336
  1.82      0.00000      0.02384     -0.02384
  1.84      0.00000      0.02431     -0.02431
  1.86      0.00000      0.02479     -0.02479
  1.88      0.00000      0.02528     -0.02528
  1.90      0.00000      0.02577     -0.02577
  1.92      0.00000      0.02626     -0.02626
  1.94      0.00000      0.02676     -0.02676
  1.96      0.00000      0.02726     -0.02726
  1.98      0.00000      0.02777     -0.02777
  2.00      0.00000      0.02828     -0.02828
  2.02      0.00000      0.02879     -0.02879
  2.04      0.00000      0.02930     -0.02930
  2.06      0.00000      0.02982     -0.02982
  2.08      0.00000      0.03033     -0.03033
  2.10      0.00000      0.03085     -0.03085
  2.12      0.00000      0.03137     -0.03137
  2.14      0.00000      0.03190     -0.03190
  2.16      0.00000      0.03242     -0.03242
  2.18      0.00000      0.03295     -0.03280
  2.20      0.00000      0.03348     -0.03325
  2.22      0.00074      0.03402     -0.03357
  2.24      0.00039      0.03455     -0.03362
  2.26      0.00111      0.03510     -0.03334
  2.28      0.00244      0.03565     -0.03245
  2.30      0.00412      0.03620     -0.03069
  2.32      0.00793      0.03676     -0.02702
  2.34      0.01197      0.03732     -0.02305
  2.36      0.02226      0.03789     -0.01642
  2.38      0.02511      0.03846     -0.01016
  2.40      0.04011      0.03904     -0.00238
  2.42      0.04210      0.03961      0.00406
  2.44      0.05369      0.04018      0.01158
  2.46      0.05736      0.04075      0.01622
  2.48      0.06556      0.04131      0.02436
  2.50      0.06613      0.04187      0.03278
  2.52      0.08561      0.04243      0.04276
  2.54      0.09861      0.04298      0.05851
  2.56      0.11002      0.04352      0.07958
  2.58      0.14708      0.04406      0.10728
  2.60      0.17420      0.04458      0.14522
  2.62      0.22678      0.04508      0.18049
  2.64      0.29093      0.04554      0.21332
  2.66      0.28883      0.04597      0.23561
  2.68      0.31361      0.04635      0.25305
  2.70      0.28776      0.04669      0.24396
  2.72      0.31592      0.04699      0.22654
  2.74      0.24712      0.04724      0.20008
  2.76      0.20324      0.04745      0.17359
  2.78      0.18254      0.04763      0.13551
  2.80      0.15640      0.04779      0.10397
  2.82      0.12640      0.04792      0.07769
  2.84      0.09022      0.04804      0.05142
  2.86      0.07254      0.04815      0.02935
  2.88      0.05176      0.04825      0.01021
  2.90      0.04657      0.04834     -0.00342
  2.92      0.03122      0.04843     -0.01331
  2.94      0.02252      0.04852     -0.02061
  2.96      0.02354      0.04862     -0.02832
  2.98      0.01574      0.04871     -0.03275
  3.00      0.00845      0.04880     -0.03582
  3.02      0.00954      0.04889     -0.04039
  3.04      0.00761      0.04899     -0.04315
  3.06      0.00119      0.04909     -0.04425
  3.08      0.00243      0.04920     -0.04531
  3.10      0.00344      0.04931     -0.04655
  3.12      0.00478      0.04943     -0.04620
  3.14      0.00197      0.04954     -0.04649
  3.16      0.00352      0.04967     -0.04676
  3.18      0.00156      0.04980     -0.04729
  3.20      0.00271      0.04993     -0.04700
  3.22      0.00281      0.05007     -0.04651
  3.24      0.00408      0.05022     -0.04619
  3.26      0.00666      0.05037     -0.04629
  3.28      0.00392      0.05053     -0.04608
  3.30      0.00293      0.05069     -0.04608
  3.32      0.00468      0.05086     -0.04561
  3.34      0.00488      0.05104     -0.04483
  3.36      0.00984      0.05122     -0.04253
  3.38      0.00872      0.05141     -0.04071
  3.40      0.01532      0.05160     -0.03961
  3.42      0.01475      0.05180     -0.03818
  3.44      0.01132      0.05200     -0.03588
  3.46      0.01797      0.05220     -0.03454
  3.48      0.02126      0.05241     -0.03410
  3.50      0.02301      0.05262     -0.03076
  3.52      0.01800      0.05283     -0.02859
  3.54      0.02908      0.05305     -0.02725
  3.56      0.02989      0.05327     -0.02592
  3.58      0.02903      0.05348     -0.02383
  3.60      0.03074      0.05370     -0.02335
  3.62      0.02951      0.05391     -0.02176
  3.64      0.03257      0.05412     -0.01979
  3.66      0.03890      0.05433     -0.01935
  3.68      0.03995      0.05454     -0.01565
  3.70      0.03398      0.05475     -0.01643
  3.72      0.04908      0.05495     -0.01505
  3.74      0.02970      0.05515     -0.01057
  3.76      0.04682      0.05534     -0.00693
  3.78      0.06333      0.05554     -0.00662
  3.80      0.05312      0.05572     -0.00356
  3.82      0.05162      0.05590     -0.00466
  3.84      0.04593      0.05607     -0.00650
  3.86      0.04217      0.05624     -0.00829
  3.88      0.05499      0.05641     -0.01018
  3.90      0.04505      0.05657     -0.01094
  3.92      0.04301      0.05673     -0.01355
  3.94      0.04293      0.05688     -0.01813
  3.96      0.02989      0.05704     -0.02105
  3.98      0.03289      0.05720     -0.02364
  4.00      0.03122      0.05736     -0.02777
  4.02      0.03085      0.05751     -0.03103
  4.04      0.02309      0.05767     -0.03441
  4.06      0.01435      0.05784     -0.03622
  4.08      0.01680      0.05800     -0.03829
  4.10      0.02299      0.05817     -0.03876
  4.12      0.02132      0.05835     -0.03651
  4.14      0.02162      0.05852     -0.03457
  4.16      0.02645      0.05870     -0.03308
  4.18      0.02737      0.05887     -0.03023
  4.20      0.03134      0.05905     -0.02607
  4.22      0.03645      0.05923     -0.02212
  4.24      0.04332      0.05940     -0.01550
  4.26      0.04707      0.05957     -0.01126
  4.28      0.06131      0.05974     -0.00680
  4.30      0.05343      0.05990     -0.00208
  4.32      0.05958      0.06006      0.00200
  4.34      0.06769      0.06020      0.00437
  4.36      0.06827      0.06034      0.00728
  4.38      0.07389      0.06048      0.00852
  4.40      0.06870      0.06061      0.00868
  4.42      0.06643      0.06073      0.00959
  4.44      0.06916      0.06085      0.01343
  4.46      0.07343      0.06096      0.01652
  4.48      0.09367      0.06108      0.02246
  4.50      0.08472      0.06119      0.03107
  4.52      0.09669      0.06129      0.04114
  4.54      0.11279      0.06140      0.04785
  4.56      0.12429      0.06149      0.05587
  4.58      0.12772      0.06159      0.06511
  4.60      0.12532      0.06167      0.07161
  4.62      0.14336      0.06176      0.07815
  4.64      0.14573      0.06184      0.08153
  4.66      0.15742      0.06193      0.08658
  4.68      0.14503      0.06202      0.08866
  4.70      0.15101      0.06213      0.09015
  4.72      0.15426      0.06224      0.08536
  4.74      0.15367      0.06236      0.07545
  4.76      0.13402      0.06249      0.06323
  4.78      0.09608      0.06262      0.04865
  4.80      0.09056      0.06276      0.03457
  4.82      0.08203      0.06291      0.02108
  4.84      0.08397      0.06307      0.01534
  4.86      0.06733      0.06324      0.01023
  4.88      0.06818      0.06340      0.00454
  4.90      0.06580      0.06357     -0.00244
  4.92      0.05443      0.06375     -0.00456
  4.94      0.04990      0.06392     -0.00933
  4.96      0.05762      0.06410     -0.01390
  4.98      0.04522      0.06428     -0.01674
  5.00      0.04386      0.06447     -0.01691
  5.02      0.04110      0.06466     -0.01837
  5.04      0.05001      0.06485     -0.01685
  5.06      0.05126      0.06505     -0.01575
  5.08      0.05379      0.06524     -0.01328
  5.10      0.05033      0.06544     -0.01364
  5.12      0.05442      0.06564     -0.01386
  5.14      0.04922      0.06584     -0.01307
  5.16      0.05115      0.06605     -0.01073
  5.18      0.05874      0.06625     -0.00784
  5.20      0.06304      0.06646     -0.00495
  5.22      0.06992      0.06666     -0.00359
  5.24      0.06469      0.06685     -0.00242
  5.26      0.05894      0.06704     -0.00059
  5.28      0.06558      0.06723     -0.00081
  5.30      0.07312      0.06741      0.00076
  5.32      0.06979      0.06759      0.00395
  5.34      0.07343      0.06777      0.00316
  5.36      0.07578      0.06793      0.00434
  5.38      0.06252      0.06809      0.00321
  5.40      0.07983      0.06824      0.00299
  5.42      0.06494      0.06839      0.00182
  5.44      0.07311      0.06853      0.00360
  5.46      0.07062      0.06866     -0.00070
  5.48      0.07213      0.06879     -0.00108
  5.50      0.05902      0.06891     -0.00301
  5.52      0.06366      0.06903     -0.00361
  5.54      0.06404      0.06914     -0.00699
  5.56      0.06822      0.06925     -0.00783
  5.58      0.05578      0.06935     -0.01067
  5.60      0.05537      0.06945     -0.01371
  5.62      0.04998      0.06955     -0.01716
  5.64      0.04934      0.06965     -0.01898
  5.66      0.05149      0.06974     -0.02158
  5.68      0.04717      0.06984     -0.02323
  5.70      0.04286      0.06993     -0.02413
  5.72      0.04216      0.07003     -0.02595
  5.74      0.04531      0.07013     -0.02697
  5.76      0.04292      0.07023     -0.02473
  5.78      0.04254      0.07033     -0.02199
  5.80      0.05457      0.07043     -0.02224
  5.82      0.05633      0.07054     -0.02077
  5.84      0.04461      0.07065     -0.01836
  5.86      0.05077      0.07076     -0.01697
  5.88      0.05516      0.07087     -0.01465
  5.90      0.06204      0.07098     -0.00998
  5.92      0.06852      0.07109     -0.00735
  5.94      0.06850      0.07120     -0.00400
  5.96      0.06451      0.07131     -0.00121
  5.98      0.07243      0.07142     -0.00072
  6.00      0.07656      0.07153     -0.00033
  6.02      0.07149      0.07163      0.00135
  6.04      0.07097      0.07172      0.00166
  6.06      0.07341      0.07182      0.00128
  6.08      0.07446      0.07191     -0.00124
  6.10      0.07517      0.07199     -0.00347
  6.12      0.05930      0.07207     -0.00473
  6.14      0.06025      0.07215     -0.00713
  6.16      0.06750      0.07222     -0.01085
  6.18      0.06288      0.07229     -0.01197
  6.20      0.05695      0.07236     -0.01358
  6.22      0.05402      0.07243     -0.01576
  6.24      0.05254      0.07250     -0.01926
  6.26      0.05697      0.07256     -0.02077
  6.28      0.04571      0.07263     -0.02234
  6.30      0.04973      0.07271     -0.02309
  6.32      0.04651      0.07279     -0.02355
  6.34      0.04919      0.07287     -0.02085
  6.36      0.05503      0.07296     -0.02027
  6.38      0.05963      0.07305     -0.01854
  6.40      0.05306      0.07314     -0.01578
  6.42      0.05562      0.07324     -0.01368
  6.44      0.06344      0.07334     -0.01054
  6.46      0.06604      0.07344     -0.00588
  6.48      0.07582      0.07355     -0.00096
  6.50      0.07687      0.07365      0.00341
  6.52      0.08079      0.07376      0.00900
  6.54      0.08578      0.07387      0.01190
  6.56      0.09457      0.07398      0.01551
  6.58      0.09085      0.07410      0.01604
  6.60      0.09547      0.07421      0.01724
  6.62      0.08403      0.07433      0.01686
  6.64      0.09235      0.07445      0.01803
  6.66      0.09323      0.07457      0.01639
  6.68      0.09730      0.07470      0.01730
  6.70      0.08792      0.07484      0.01587
  6.72      0.08919      0.07498      0.01503
  6.74      0.08591      0.07512      0.01089
  6.76      0.08969      0.07527      0.01102
  6.78      0.07733      0.07542      0.00940
  6.80      0.08934      0.07558      0.00834
  6.82      0.08186      0.07574      0.00708
  6.84      0.08142      0.07591      0.00905
  6.86      0.08416      0.07607      0.01085
  6.88      0.08799      0.07623      0.01393
  6.90      0.09916      0.07640      0.01816
  6.92      0.09810      0.07656      0.02233
  6.94      0.10338      0.07671      0.02523
  6.96      0.10578      0.07686      0.02744
  6.98      0.10327      0.07701      0.02824
  7.00      0.11101      0.07715      0.03260
  7.02      0.10282      0.07728      0.03230
  7.04      0.12585      0.07741      0.03379
  7.06      0.10497      0.07753      0.03431
  7.08      0.11133      0.07764      0.03837
  7.10      0.11424      0.07775      0.03666
  7.12      0.12369      0.07784      0.04095
  7.14      0.11780      0.07793      0.03980
  7.16      0.12692      0.07801      0.03585
  7.18      0.10601      0.07808      0.02960
  7.20      0.09489      0.07815      0.02217
  7.22      0.09279      0.07821      0.01476
  7.24      0.08100      0.07826      0.01064
  7.26      0.09014      0.07832      0.00767
  7.28      0.08570      0.07838      0.00693
  7.30      0.08033      0.07843      0.00550
  7.32      0.08939      0.07848      0.00157
  7.34      0.07409      0.07853     -0.00221
  7.36      0.07072      0.07858     -0.00433
  7.38      0.06704      0.07863     -0.00942
  7.40      0.07000      0.07869     -0.00970
  7.42      0.06423      0.07875     -0.01329
  7.44      0.07298      0.07881     -0.01393
  7.46      0.05303      0.07888     -0.01524
  7.48      0.06419      0.07895     -0.01540
  7.50      0.06378      0.07902     -0.01743
  7.52      0.06373      0.07909     -0.01599
  7.54      0.06320      0.07917     -0.01711
  7.56      0.06063      0.07925     -0.01920
  7.58      0.05898      0.07933     -0.02003
  7.60      0.05371      0.07942     -0.02232
  7.62      0.05997      0.07951     -0.02285
  7.64      0.05220      0.07960     -0.02349
  7.66      0.05845      0.07970     -0.02187
  7.68      0.05625      0.07980     -0.02200
  7.70      0.06228      0.07991     -0.02036
  7.72      0.05987      0.08001     -0.02005
  7.74      0.06088      0.08012     -0.01829
  7.76      0.06054      0.08023     -0.01737
  7.78      0.06558      0.08034     -0.01501
  7.80      0.06744      0.08045     -0.01273
  7.82      0.07219      0.08055     -0.01075
  7.84      0.07283      0.08066     -0.00957
  7.86      0.07098      0.08076     -0.00932
  7.88      0.07198      0.08086     -0.00870
  7.90      0.06924      0.08096     -0.00806
  7.92      0.07577      0.08106     -0.00724
  7.94      0.07652      0.08116     -0.00670
  7.96      0.07557      0.08125     -0.00592
  7.98      0.07521      0.08135     -0.00544
  8.00      0.07360      0.08144     -0.00629
  8.02      0.07865      0.08153     -0.00561
  8.04      0.07272      0.08162     -0.00435
  8.06      0.07941      0.08171     -0.00407
  8.08      0.08197      0.08180     -0.00445
  8.10      0.07548      0.08189     -0.00307
  8.12      0.07721      0.08198     -0.00372
  8.14      0.08005      0.08206     -0.00508
  8.16      0.07657      0.08215     -0.00536
  8.18      0.07561      0.08223     -0.00437
  8.20      0.07449      0.08231     -0.00408
  8.22      0.08259      0.08239     -0.00447
  8.24      0.08191      0.08247     -0.00153
  8.26      0.07498      0.08254     -0.00043
  8.28      0.09070      0.08262     -0.00194
  8.30      0.08037      0.08269     -0.00260
  8.32      0.07544      0.08275     -0.00153
  8.34      0.07895      0.08281     -0.00302
  8.36      0.08063      0.08288     -0.00314
  8.38      0.08358      0.08293     -0.00175
  8.40      0.08010      0.08299     -0.00148
  8.42      0.08266      0.08305     -0.00088
  8.44      0.08056      0.08310     -0.00122
  8.46      0.08390      0.08315      0.00063
  8.48      0.08215      0.08319      0.00053
  8.50      0.08961      0.08324      0.00155
  8.52      0.08238      0.08329      0.00034
  8.54      0.08592      0.08333      0.00097
  8.56      0.07810      0.08338      0.00066
  8.58      0.08552      0.08343      0.00124
  8.60      0.08829      0.08348      0.00129
  8.62      0.08549      0.08353      0.00247
  8.64      0.08645      0.08358      0.00367
  8.66      0.08424      0.08363      0.00317
  8.68      0.09175      0.08368      0.00125
  8.70      0.08606      0.08374     -0.00070
  8.72      0.07615      0.08379     -0.00334
  8.74      0.07696      0.08385     -0.00511
  8.76      0.07132      0.08391     -0.00697
  8.78      0.08319      0.08397     -0.00583
  8.80      0.07711      0.08404     -0.00220
  8.82      0.08215      0.08411      0.00077
  8.84      0.09544      0.08418      0.00275
  8.86      0.08654      0.08425      0.00612
  8.88      0.09342      0.08432      0.00871
  8.90      0.09433      0.08439      0.01016
  8.92      0.09542      0.08446      0.01223
  8.94      0.10304      0.08454      0.01263
  8.96      0.09727      0.08461      0.01485
  8.98      0.09578      0.08468      0.01741
  9.00      0.10578      0.08476      0.01734
  9.02      0.10860      0.08483      0.01863
  9.04      0.10306      0.08490      0.02091
  9.06      0.10410      0.08497      0.01937
  9.08      0.10751      0.08505      0.01739
  9.10      0.09844      0.08512      0.01659
  9.12      0.09908      0.08520      0.01529
  9.14      0.09945      0.08527      0.01348
  9.16      0.09796      0.08535      0.01403
  9.18      0.09885      0.08543      0.01241
  9.20      0.10156      0.08551      0.01080
  9.22      0.09138      0.08559      0.01065
  9.24      0.09179      0.08567      0.00860
  9.26      0.09765      0.08576      0.00505
  9.28      0.08899      0.08584      0.00463
  9.30      0.08422      0.08592      0.00374
  9.32      0.08971      0.08600      0.00082
  9.34      0.08774      0.08608      0.00361
  9.36      0.08346      0.08616      0.00463
  9.38      0.10333      0.08624      0.00574
  9.40      0.08972      0.08632      0.00588
  9.42      0.09567      0.08640      0.00721
  9.44      0.08884      0.08647      0.00283
  9.46      0.09049      0.08654      0.00321
  9.48      0.08178      0.08661      0.00217
  9.50      0.09200      0.08668      0.00061
  9.52      0.09082      0.08675      0.00108
  9.54      0.08139      0.08681      0.00231
  9.56      0.09315      0.08687      0.00265
  9.58      0.08824      0.08693      0.00385
  9.60      0.09403      0.08699      0.00767
  9.62      0.09707      0.08705      0.00768
  9.64      0.10081      0.08710      0.00923
  9.66      0.09345      0.08714      0.00883
  9.68      0.09626      0.08718      0.00612
  9.70      0.09229      0.08722      0.00497
  9.72      0.08372      0.08726      0.00352
  9.74      0.09526      0.08729      0.00157
  9.76      0.08636      0.08732     -0.00322
  9.78      0.08665      0.08734     -0.00432
  9.80      0.06848      0.08737     -0.00693
  9.82      0.07838      0.08739     -0.00831
  9.84      0.08230      0.08742     -0.01169
  9.86      0.07960      0.08744     -0.01012
  9.88      0.06988      0.08747     -0.01001
  9.90      0.07644      0.08750     -0.01060
  9.92      0.07909      0.08752     -0.01284
  9.94      0.07949      0.08755     -0.01288
  9.96      0.06852      0.08758     -0.01622
  9.98      0.06980      0.08761     -0.01837
 10.00      0.05986      0.08764     -0.02015
 10.02      0.06850      0.08767     -0.01978
 10.04      0.07075      0.08771     -0.02043
 10.06      0.07058      0.08775     -0.01791
 10.08      0.06672      0.08779     -0.01625
 10.10      0.07265      0.08783     -0.01571
 10.12      0.07700      0.08788     -0.01603
 10.14      0.07366      0.08792     -0.01395
 10.16      0.06921      0.08797     -0.01176
 10.18      0.07734      0.08801     -0.01282
 10.20      0.08383      0.08806     -0.01149
 10.22      0.07192      0.08811     -0.00894
 10.24      0.08054      0.08815     -0.00896
 10.26      0.08220      0.08820     -0.01000
 10.28      0.07749      0.08824     -0.00788
 10.30      0.07883      0.08829     -0.00779
 10.32      0.08276      0.08834     -0.00722
 10.34      0.08119      0.08838     -0.00466
 10.36      0.08532      0.08843     -0.00240
 10.38      0.09048      0.08847     -0.00276
 10.40      0.09036      0.08851     -0.00227
 10.42      0.08117      0.08856     -0.00359
 10.44      0.08388      0.08860     -0.00494
 10.46      0.07893      0.08864     -0.00333
 10.48      0.08394      0.08869     -0.00090
 10.50      0.09862      0.08873     -0.00081
 10.52      0.09355      0.08877      0.00172
 10.54      0.08457      0.08881      0.00285
 10.56      0.09178      0.08885      0.00066
 10.58      0.08977      0.08890     -0.00016
 10.60      0.08790      0.08893      0.00114
 10.62      0.08964      0.08897      0.00032
 10.64      0.09129      0.08901      0.00183
 10.66      0.08787      0.08905      0.00295
 10.68      0.09754      0.08909      0.00336
 10.70      0.09369      0.08913      0.00354
 10.72      0.09186      0.08917      0.00423
 10.74      0.09238      0.08920      0.00404
 10.76      0.09153      0.08923      0.00475
 10.78      0.09677      0.08927      0.00613
 10.80      0.09738      0.08930      0.00827
 10.82      0.09895      0.08933      0.00971
 10.84      0.10320      0.08935      0.00985
 10.86      0.09886      0.08938      0.01141
 10.88      0.09761      0.08940      0.01300
 10.90      0.10528      0.08942      0.01120
 10.92      0.10702      0.08944      0.01159
 10.94      0.09432      0.08945      0.01336
 10.96      0.10092      0.08947      0.01221
 10.98      0.10655      0.08949      0.01089
 11.00      0.09961      0.08951      0.01250
 11.02      0.10049      0.08952      0.01160
 11.04      0.10245      0.08954      0.01158
 11.06      0.09651      0.08956      0.01251
 11.08      0.10657      0.08958      0.01045
 11.10      0.10432      0.08960      0.00854
 11.12      0.09029      0.08962      0.00790
 11.14      0.09302      0.08964      0.00441
 11.16      0.09340      0.08967      0.00269
 11.18      0.08925      0.08969      0.00351
 11.20      0.09585      0.08972      0.00512
 11.22      0.09452      0.08975      0.00610
 11.24      0.10120      0.08978      0.00583
 11.26      0.09841      0.08981      0.00538
 11.28      0.08808      0.08984      0.00574
 11.30      0.09372      0.08987      0.00333
 11.32      0.09648      0.08990      0.00085
 11.34      0.08932      0.08993      0.00153
 11.36      0.08615      0.08996      0.00163
 11.38      0.09162      0.08999      0.00322
 11.40      0.09439      0.09002      0.00457
 11.42      0.10457      0.09005      0.00568
 11.44      0.09621      0.09008      0.00545
 11.46      0.09187      0.09011      0.00541
 11.48      0.09061      0.09014      0.00379
 11.50      0.09433      0.09017      0.00222
 11.52      0.09661      0.09019      0.00240
 11.54      0.08850      0.09022      0.00294
 11.56      0.09292      0.09024      0.00414
 11.58      0.09344      0.09027      0.00396
 11.60      0.10046      0.09029      0.00485
 11.62      0.09581      0.09031      0.00584
 11.64      0.09311      0.09033      0.00566
 11.66      0.09794      0.09035      0.00358
 11.68      0.09263      0.09037      0.00369
 11.70      0.09017      0.09039      0.00266
 11.72      0.09647      0.09040      0.00032
 11.74      0.08803      0.09042      0.00007
 11.76      0.08631      0.09043     -0.00044
 11.78      0.09148      0.09045     -0.00135
 11.80      0.08767      0.09047     -0.00110
 11.82      0.09198      0.09048     -0.00114
 11.84      0.08940      0.09049     -0.00219
 11.86      0.08619      0.09050     -0.00387
 11.88      0.08629      0.09051     -0.00514
 11.90      0.07932      0.09052     -0.00529
 11.92      0.08566      0.09053     -0.00522
 11.94      0.08869      0.09054     -0.00637
 11.96      0.08657      0.09054     -0.00419
 11.98      0.08060      0.09055     -0.00421
 12.00      0.09021      0.09055     -0.00586
 12.02      0.08563      0.09055     -0.00778
 12.04      0.08045      0.09055     -0.00856
 12.06      0.07695      0.09055     -0.00873
 12.08      0.07672      0.09055     -0.01041
 12.10      0.08934      0.09055     -0.01079
 12.12      0.07724      0.09055     -0.01107
 12.14      0.07854      0.09054     -0.01109
 12.16      0.07555      0.09054     -0.01350
 12.18      0.07660      0.09054     -0.01411
 12.20      0.07729      0.09054     -0.01354
 12.22      0.07418      0.09054     -0.01205
 12.24      0.08137      0.09054     -0.01178
 12.26      0.08303      0.09054     -0.01270
 12.28      0.07795      0.09055     -0.01223
 12.30      0.07269      0.09055     -0.01187
 12.32      0.07655      0.09055     -0.01191
 12.34      0.08319      0.09056     -0.01202
 12.36      0.08282      0.09057     -0.00934
 12.38      0.07741      0.09057     -0.00696
 12.40      0.08615      0.09058     -0.00601
 12.42      0.08846      0.09059     -0.00573
 12.44      0.08800      0.09060     -0.00341
 12.46      0.08427      0.09061     -0.00308
 12.48      0.08907      0.09062     -0.00236
 12.50      0.08786      0.09062     -0.00185
 12.52      0.09206      0.09063     -0.00044
 12.54      0.09060      0.09064     -0.00076
 12.56      0.09137      0.09064     -0.00056
 12.58      0.08751      0.09065     -0.00027
 12.60      0.08888      0.09065     -0.00022
 12.62      0.09351      0.09066     -0.00078
 12.64      0.09089      0.09066     -0.00003
 12.66      0.08858      0.09067     -0.00022
 12.68      0.09133      0.09067      0.00011
 12.70      0.08792      0.09068     -0.00106
 12.72      0.09518      0.09068     -0.00106
 12.74      0.08506      0.09068     -0.00013
 12.76      0.08863      0.09069      0.00148
 12.78      0.09596      0.09069      0.00147
 12.80      0.09601      0.09070      0.00407
 12.82      0.09515      0.09070      0.00459
 12.84      0.09807      0.09070      0.00456
 12.86      0.09127      0.09071      0.00453
 12.88      0.09582      0.09071      0.00478
 12.90      0.09586      0.09071      0.00471
 12.92      0.09642      0.09071      0.00731
 12.94      0.09776      0.09071      0.00800
 12.96      0.10424      0.09072      0.00940
 12.98      0.09930      0.09072      0.01208
 13.00      0.10288      0.09071      0.01371
 13.02      0.10978      0.09071      0.01267
 13.04      0.10592      0.09071      0.01402
 13.06      0.09903      0.09070      0.01429
 13.08      0.10602      0.09069      0.01374
 13.10      0.10416      0.09068      0.01267
 13.12      0.10703      0.09067      0.01424
 13.14      0.10052      0.09065      0.01459
 13.16      0.10680      0.09064      0.01342
 13.18      0.10770      0.09062      0.01194
 13.20      0.09824      0.09060      0.01336
 13.22      0.09955      0.09058      0.01131
 13.24      0.10749      0.09056      0.00955
 13.26      0.09647      0.09053      0.01020
 13.28      0.09879      0.09051      0.00997
 13.30      0.10138      0.09048      0.00804
 13.32      0.09828      0.09046      0.00791
 13.34      0.09771      0.09043      0.00681
 13.36      0.09572      0.09041      0.00558
 13.38      0.09315      0.09038      0.00518
 13.40      0.09507      0.09035      0.00490
 13.42      0.09617      0.09033      0.00327
 13.44      0.09616      0.09030      0.00304
 13.46      0.08743      0.09027      0.00231
 13.48      0.09190      0.09025      0.00037
 13.50      0.09129      0.09022     -0.00005
 13.52      0.08633      0.09020     -0.00057
 13.54      0.09392      0.09018     -0.00017
 13.56      0.08470      0.09015     -0.00034
 13.58      0.09377      0.09013     -0.00231
 13.60      0.09033      0.09011     -0.00370
 13.62      0.07639      0.09008     -0.00291
 13.64      0.08685      0.09006     -0.00499
 13.66      0.08853      0.09005     -0.00662
 13.68      0.08327      0.09003     -0.00536
 13.70      0.08207      0.09002     -0.00568
 13.72      0.08261      0.09000     -0.00660
 13.74      0.08522      0.08999     -0.00591
 13.76      0.08382      0.08998     -0.00478
 13.78      0.08669      0.08997     -0.00442
 13.80      0.08765      0.08996     -0.00325
 13.82      0.08439      0.08995     -0.00358
 13.84      0.09098      0.08994     -0.00395
 13.86      0.08213      0.08993     -0.00507
 13.88      0.08478      0.08992     -0.00409
 13.90      0.08201      0.08991     -0.00598
 13.92      0.08927      0.08990     -0.00566
 13.94      0.08145      0.08989     -0.00603
 13.96      0.08371      0.08988     -0.00520
 13.98      0.08284      0.08987     -0.00585
 14.00      0.08612      0.08986     -0.00356
 14.02      0.08596      0.08984     -0.00316
 14.04      0.09285      0.08983     -0.00225
 14.06      0.08567      0.08982     -0.00338
 14.08      0.08730      0.08980     -0.00340
 14.10      0.08044      0.08979     -0.00431
 14.12      0.08577      0.08977     -0.00501
 14.14      0.08824      0.08975     -0.00427
 14.16      0.08206      0.08973     -0.00343
 14.18      0.09093      0.08971     -0.00343
 14.20      0.08450      0.08969     -0.00333
 14.22      0.08568      0.08966     -0.00288
 14.24      0.08860      0.08964     -0.00441
 14.26      0.08420      0.08961     -0.00330
 14.28      0.08316      0.08958     -0.00352
 14.30      0.08987      0.08955     -0.00222
 14.32      0.08446      0.08952     -0.00188
 14.34      0.09495      0.08948     -0.00188
 14.36      0.08572      0.08945     -0.00156
 14.38      0.08303      0.08941     -0.00039
 14.40      0.09125      0.08937     -0.00294
 14.42      0.09016      0.08933     -0.00316
 14.44      0.08198      0.08929     -0.00301
 14.46      0.08442      0.08925     -0.00292
 14.48      0.08361      0.08921     -0.00440
 14.50      0.09148      0.08917     -0.00477
 14.52      0.08257      0.08913     -0.00420
 14.54      0.07989      0.08909     -0.00270
 14.56      0.08710      0.08905     -0.00225
 14.58      0.09089      0.08901     -0.00182
 14.60      0.09356      0.08897      0.00046
 14.62      0.08452      0.08893      0.00094
 14.64      0.09107      0.08889     -0.00068
 14.66      0.08930      0.08885     -0.00237
 14.68      0.08262      0.08881     -0.00009
 14.70      0.08487      0.08877     -0.00155
 14.72      0.09573      0.08873     -0.00276
 14.74      0.08360      0.08869     -0.00203
 14.76      0.08306      0.08866     -0.00097
 14.78      0.08606      0.08862     -0.00138
 14.80      0.08997      0.08858      0.00046
 14.82      0.09349      0.08855      0.00244
 14.84      0.09266      0.08851      0.00191
 14.86      0.09278      0.08848      0.00095
 14.88      0.08320      0.08844      0.00019
 14.90      0.08501      0.08841     -0.00053
 14.92      0.08949      0.08837     -0.00142
 14.94      0.08889      0.08834      0.00015
 14.96      0.08818      0.08831     -0.00002
 14.98      0.09087      0.08828     -0.00068
 15.00      0.08400      0.08824     -0.00031
 15.02      0.08601      0.08822      0.00082
 15.04      0.09062      0.08819      0.00044
 15.06      0.09367      0.08816      0.00153
 15.08      0.08883      0.08814      0.00289
 15.10      0.08934      0.08811      0.00182
 15.12      0.09268      0.08809      0.00201
 15.14      0.08513      0.08806      0.00322
 15.16      0.09448      0.08804      0.00563
 15.18      0.09480      0.08802      0.00597
 15.20      0.10126      0.08800      0.00896
 15.22      0.09428      0.08798      0.00976
 15.24      0.09999      0.08795      0.00982
 15.26      0.09834      0.08793      0.00852
 15.28      0.09498      0.08790      0.00987
 15.30      0.09465      0.08788      0.01032
 15.32      0.10094      0.08785      0.01042
 15.34      0.10206      0.08782      0.01003
 15.36      0.09869      0.08779      0.01114
 15.38      0.09292      0.08776      0.00997
 15.40      0.10004      0.08772      0.00845
 15.42      0.09492      0.08768      0.00867
 15.44      0.09430      0.08764      0.00716
 15.46      0.09958      0.08761      0.00612
 15.48      0.08519      0.08757      0.00563
 15.50      0.09462      0.08752      0.00482
 15.52      0.09228      0.08748      0.00362
 15.54      0.09006      0.08744      0.00497
 15.56      0.09337      0.08740      0.00414
 15.58      0.09172      0.08735      0.00465
 15.60      0.09026      0.08730      0.00477
 15.62      0.09461      0.08726      0.00454
 15.64      0.09044      0.08721      0.00468
 15.66      0.09198      0.08716      0.00379
 15.68      0.09214      0.08711      0.00234
 15.70      0.08556      0.08706      0.00272
 15.72      0.08715      0.08700      0.00125
 15.74      0.09207      0.08695     -0.00110
 15.76      0.08436      0.08690     -0.00028
 15.78      0.08012      0.08684      0.00019
 15.80      0.08936      0.08679     -0.00232
 15.82      0.08923      0.08673     -0.00223
 15.84      0.07927      0.08667     -0.00116
 15.86      0.08454      0.08662     -0.00315
 15.88      0.08515      0.08656     -0.00592
 15.90      0.07918      0.08651     -0.00523
 15.92      0.07509      0.08645     -0.00543
 15.94      0.08242      0.08640     -0.00553
 15.96      0.08326      0.08634     -0.00529
 15.98      0.08438      0.08629     -0.00557
 16.00      0.08012      0.08623     -0.00511
 16.02      0.07339      0.08618     -0.00407
 16.04      0.08448      0.08613     -0.00529
 16.06      0.08819      0.08607     -0.00581
 16.08      0.07798      0.08602     -0.00502
 16.10      0.07729      0.08597     -0.00626
 16.12      0.07706      0.08592     -0.00879
 16.14      0.07802      0.08587     -0.00908
 16.16      0.07525      0.08582     -0.00939
 16.18      0.07628      0.08577     -0.00893
 16.20      0.07549      0.08572     -0.00957
 16.22      0.07916      0.08567     -0.00880
 16.24      0.07454      0.08562     -0.00607
 16.26      0.07890      0.08558     -0.00529
 16.28      0.08968      0.08553     -0.00482
 16.30      0.07915      0.08548     -0.00329
 16.32      0.08128      0.08544     -0.00254
 16.34      0.08197      0.08539     -0.00533
 16.36      0.08239      0.08534     -0.00582
 16.38      0.07550      0.08530     -0.00542
 16.40      0.07647      0.08525     -0.00443
 16.42      0.08304      0.08520     -0.00461
 16.44      0.08672      0.08516     -0.00308
 16.46      0.08122      0.08511     -0.00184
 16.48      0.08294      0.08507     -0.00125
 16.50      0.08246      0.08502     -0.00247
 16.52      0.08576      0.08498     -0.00098
 16.54      0.08036      0.08493     -0.00054
 16.56      0.08846      0.08488     -0.00147
 16.58      0.08491      0.08483     -0.00160
 16.60      0.07756      0.08478      0.00023
 16.62      0.08487      0.08474      0.00053
 16.64      0.08927      0.08469      0.00131
 16.66      0.08974      0.08464      0.00393
 16.68      0.08856      0.08459      0.00469
 16.70      0.09040      0.08454      0.00451
 16.72      0.08840      0.08448      0.00411
 16.74      0.08812      0.08443      0.00363
 16.76      0.08746      0.08437      0.00400
 16.78      0.08589      0.08431      0.00590
 16.80      0.09200      0.08425      0.00568
 16.82      0.09757      0.08419      0.00512
 16.84      0.08673      0.08413      0.00637
 16.86      0.08436      0.08406      0.00493
 16.88      0.09185      0.08400      0.00372
 16.90      0.08445      0.08393      0.00331
 16.92      0.09121      0.08386      0.00467
 16.94      0.08434      0.08379      0.00292
 16.96      0.09081      0.08372      0.00306
 16.98      0.08275      0.08365      0.00227
 17.00      0.08483      0.08358      0.00296
 17.02      0.08688      0.08351      0.00197
 17.04      0.08743      0.08344      0.00179
 17.06      0.08550      0.08336      0.00184
 17.08      0.08151      0.08329      0.00162
 17.10      0.08470      0.08322      0.00182
 17.12      0.08539      0.08314      0.00114
 17.14      0.08807      0.08307      0.00241
 17.16      0.08175      0.08300      0.00320
 17.18      0.08751      0.08292      0.00339
 17.20      0.08828      0.08285      0.00257
 17.22      0.08594      0.08277      0.00296
 17.24      0.08362      0.08270      0.00171
 17.26      0.08329      0.08262      0.00005
 17.28      0.08092      0.08255     -0.00036
 17.30      0.07958      0.08248     -0.00087
 17.32      0.08353      0.08241     -0.00189
 17.34      0.08072      0.08234     -0.00164
 17.36      0.07781      0.08227     -0.00139
 17.38      0.08182      0.08220     -0.00258
 17.40      0.08050      0.08214     -0.00164
 17.42      0.07727      0.08207      0.00066
 17.44      0.08510      0.08201      0.00178
 17.46      0.08899      0.08195      0.00207
 17.48      0.08711      0.08189      0.00235
 17.50      0.08163      0.08182      0.00297
 17.52      0.07837      0.08176      0.00137
 17.54      0.08786      0.08170      0.00093
 17.56      0.08070      0.08164      0.00210
 17.58      0.08456      0.08157      0.00292
 17.60      0.08720      0.08151      0.00234
 17.62      0.08216      0.08145      0.00272
 17.64      0.08460      0.08138      0.00351
 17.66      0.08232      0.08132      0.00328
 17.68      0.08820      0.08126      0.00405
 17.70      0.08573      0.08119      0.00386
 17.72      0.08570      0.08113      0.00408
 17.74      0.08334      0.08106      0.00207
 17.76      0.08305      0.08099      0.00200
 17.78      0.07785      0.08093      0.00198
 17.80      0.08501      0.08086      0.00185
 17.82      0.08529      0.08079      0.00067
 17.84      0.08238      0.08072      0.00119
 17.86      0.07677      0.08065     -0.00072
 17.88      0.08012      0.08058     -0.00137
 17.90      0.07513      0.08052     -0.00130
 17.92      0.08168      0.08045     -0.00033
 17.94      0.08238      0.08038     -0.00028
 17.96      0.08128      0.08030      0.00096
 17.98      0.08003      0.08023      0.00156
 18.00      0.08096      0.08016      0.00194
 18.02      0.08431      0.08009      0.00155
 18.04      0.08391      0.08001      0.00198
 18.06      0.07898      0.07993      0.00136
 18.08      0.08180      0.07985      0.00020
 18.10      0.07750      0.07978     -0.00208
 18.12      0.07809      0.07970     -0.00269
 18.14      0.07213      0.07962     -0.00361
 18.16      0.07554      0.07954     -0.00433
 18.18      0.07677      0.07946     -0.00534
 18.20      0.07355      0.07938     -0.00427
 18.22      0.07263      0.07930     -0.00338
 18.24      0.07709      0.07922     -0.00436
 18.26      0.07958      0.07914     -0.00402
 18.28      0.07146      0.07906     -0.00397
 18.30      0.07485      0.07897     -0.00297
 18.32      0.07247      0.07889     -0.00402
 18.34      0.08164      0.07881     -0.00241
 18.36      0.07395      0.07873     -0.00219
 18.38      0.07908      0.07864     -0.00220
 18.40      0.07558      0.07856     -0.00324
 18.42      0.07199      0.07848     -0.00281
 18.44      0.07603      0.07839     -0.00310
 18.46      0.07567      0.07831     -0.00111
 18.48      0.07720      0.07822     -0.00087
 18.50      0.08512      0.07814      0.00012
 18.52      0.07275      0.07805      0.00039
 18.54      0.08053      0.07796      0.00040
 18.56      0.07659      0.07787     -0.00081
 18.58      0.07680      0.07779      0.00020
 18.60      0.07866      0.07770     -0.00079
 18.62      0.07737      0.07761     -0.00128
 18.64      0.07511      0.07752     -0.00001
 18.66      0.07370      0.07743     -0.00035
 18.68      0.08271      0.07734     -0.00157
 18.70      0.07648      0.07725     -0.00029
 18.72      0.07080      0.07716     -0.00064
 18.74      0.08110      0.07707     -0.00234
 18.76      0.07148      0.07698     -0.00201
 18.78      0.07378      0.07689     -0.00096
 18.80      0.07769      0.07681     -0.00149
 18.82      0.07563      0.07672     -0.00135
 18.84      0.07800      0.07663     -0.00105
 18.86      0.07176      0.07655     -0.00169
 18.88      0.07484      0.07647     -0.00183
 18.90      0.07405      0.07638     -0.00192
 18.92      0.07455      0.07630     -0.00096
 18.94      0.07712      0.07622      0.00044
 18.96      0.07617      0.07614      0.00004
 18.98      0.08141      0.07606      0.00063
 19.00      0.07165      0.07598      0.00187
 19.02      0.07706      0.07590      0.00264
 19.04      0.08294      0.07582      0.00168
 19.06      0.07961      0.07574      0.00262
 19.08      0.07623      0.07565      0.00333
 19.10      0.07591      0.07557      0.00164
 19.12      0.08023      0.07549      0.00156
 19.14      0.07410      0.07541      0.00208
 19.16      0.07879      0.07533      0.00236
 19.18      0.07842      0.07525      0.00119
 19.20      0.07688      0.07516      0.00208
 19.22      0.07401      0.07508      0.00156
 19.24      0.07812      0.07500      0.00114
 19.26      0.07578      0.07491      0.00162
 19.28      0.07591      0.07483      0.00309
 19.30      0.07886      0.07475      0.00318
 19.32      0.08096      0.07466      0.00341
 19.34      0.07815      0.07458      0.00360
 19.36      0.07648      0.07449      0.00351
 19.38      0.07642      0.07440      0.00254
 19.40      0.07801      0.07431      0.00190
 19.42      0.07566      0.07422      0.00143
 19.44      0.07450      0.07413      0.00089
 19.46      0.07366      0.07404      0.00095
 19.48      0.07329      0.07395      0.00156
 19.50      0.07784      0.07386      0.00110
 19.52      0.07825      0.07376      0.00062
 19.54      0.07175      0.07367      0.00155
 19.56      0.07077      0.07358      0.00081
 19.58      0.07748      0.07348      0.00044
 19.60      0.07370      0.07339     -0.00004
 19.62      0.07593      0.07330      0.00026
 19.64      0.06886      0.07320      0.00002
 19.66      0.07182      0.07311      0.00090
 19.68      0.07577      0.07302      0.00066
 19.70      0.07767      0.07292      0.00187
 19.72      0.07424      0.07283      0.00232
 19.74      0.07446      0.07273      0.00274
 19.76      0.07361      0.07264      0.00181
 19.78      0.07740      0.07255      0.00195
 19.80      0.07254      0.07245      0.00158
 19.82      0.07445      0.07236      0.00129
 19.84      0.07216      0.07226      0.00019
 19.86      0.07168      0.07217      0.00047
 19.88      0.07145      0.07208      0.00044
 19.90      0.07347      0.07198      0.00062
 19.92      0.07380      0.07189      0.00138
 19.94      0.07264      0.07179      0.00132
 19.96      0.07497      0.07170      0.00110
 19.98      0.07068      0.07160      0.00028
 20.00      0.07189      0.07151     -0.00081
 20.02      0.06923      0.07141     -0.00098
 20.04      0.06671      0.07132     -0.00096
 20.06      0.07364      0.07122     -0.00050
 20.08      0.07030      0.07113      0.00047
 20.10      0.07375      0.07104      0.00191
 20.12      0.07359      0.07094      0.00250
 20.14      0.07345      0.07085      0.00172
 20.16      0.07613      0.07075      0.00055
 20.18      0.06595      0.07066     -0.00074
 20.20      0.06740      0.07056     -0.00190
 20.22      0.06667      0.07046     -0.00355
 20.24      0.06714      0.07037     -0.00341
 20.26      0.06739      0.07027     -0.00294
 20.28      0.06618      0.07017     -0.00235
 20.30      0.06925      0.07007     -0.00154
 20.32      0.06916      0.06998     -0.00072
 20.34      0.07069      0.06988     -0.00058
 20.36      0.07100      0.06978     -0.00115
 20.38      0.06641      0.06968     -0.00135
 20.40      0.06588      0.06958     -0.00239
 20.42      0.06765      0.06948     -0.00338
 20.44      0.06500      0.06939     -0.00367
 20.46      0.06557      0.06929     -0.00376
 20.48      0.06449      0.06919     -0.00409
 20.50      0.06493      0.06909     -0.00413
 20.52      0.06550      0.06899     -0.00378
 20.54      0.06434      0.06890     -0.00321
 20.56      0.06679      0.06880     -0.00231
 20.58      0.06686      0.06870     -0.00304
 20.60      0.06893      0.06861     -0.00250
 20.62      0.06136      0.06851     -0.00203
 20.64      0.06660      0.06841     -0.00125
 20.66      0.06864      0.06832     -0.00127
 20.68      0.07031      0.06822      0.00010
 20.70      0.06830      0.06812      0.00006
 20.72      0.06775      0.06803      0.00006
 20.74      0.06589      0.06793      0.00014
 20.76      0.06816      0.06783     -0.00026
 20.78      0.07022      0.06773     -0.00005
 20.80      0.06581      0.06763      0.00080
 20.82      0.06833      0.06753      0.00069
 20.84      0.06963      0.06743      0.00052
 20.86      0.06712      0.06733      0.00127
 20.88      0.06887      0.06723      0.00193
 20.90      0.06904      0.06712      0.00170
 20.92      0.07110      0.06702      0.00218
 20.94      0.06798      0.06691      0.00288
 20.96      0.06903      0.06681      0.00369
 20.98      0.07182      0.06670      0.00313
 21.00      0.07255      0.06659      0.00308
 21.02      0.06777      0.06649      0.00359
 21.04      0.06721      0.06638      0.00268
 21.06      0.07104      0.06627      0.00224
 21.08      0.06672      0.06616      0.00255
 21.10      0.06978      0.06605      0.00225
 21.12      0.06879      0.06594      0.00154
 21.14      0.06515      0.06583      0.00197
 21.16      0.06695      0.06572      0.00134
 21.18      0.06832      0.06560      0.00021
 21.20      0.06606      0.06549      0.00098
 21.22      0.06259      0.06538     -0.00017
 21.24      0.06846      0.06527      0.00040
 21.26      0.06063      0.06516      0.00027
 21.28      0.07064      0.06505      0.00103
 21.30      0.06482      0.06494     -0.00005
 21.32      0.06584      0.06483      0.00020
 21.34      0.06252      0.06472     -0.00048
 21.36      0.06136      0.06461     -0.00113
 21.38      0.06670      0.06450     -0.00087
 21.40      0.06103      0.06440     -0.00096
 21.42      0.06656      0.06429      0.00007
 21.44      0.06153      0.06418     -0.00197
 21.46      0.06596      0.06407     -0.00152
 21.48      0.05596      0.06397     -0.00206
 21.50      0.06274      0.06386     -0.00186
 21.52      0.06336      0.06376     -0.00213
 21.54      0.06199      0.06365     -0.00044
 21.56      0.06410      0.06355     -0.00064
 21.58      0.06387      0.06344     -0.00002
 21.60      0.06119      0.06334      0.00049
 21.62      0.06596      0.06323     -0.00079
 21.64      0.06401      0.06313      0.00014
 21.66      0.05716      0.06302      0.00012
 21.68      0.06800      0.06291     -0.00017
 21.70      0.06058      0.06281      0.00004
 21.72      0.06397      0.06270      0.00101
 21.74      0.06453      0.06260     -0.00043
 21.76      0.06148      0.06249      0.00148
 21.78      0.06026      0.06239      0.00146
 21.80      0.06964      0.06228      0.00157
 21.82      0.06335      0.06218      0.00231
 21.84      0.06453      0.06207      0.00326
 21.86      0.06468      0.06197      0.00291
 21.88      0.06445      0.06186      0.00321
 21.90      0.06737      0.06176      0.00224
 21.92      0.06434      0.06165      0.00267
 21.94      0.05912      0.06154      0.00306
 21.96      0.06631      0.06143      0.00193
 21.98      0.06584      0.06133      0.00148
 22.00      0.06122      0.06122      0.00194
 22.02      0.06155      0.06111      0.00263
 22.04      0.06085      0.06100      0.00251
 22.06      0.06924      0.06089      0.00254
 22.08      0.06467      0.06078      0.00194
 22.10      0.06083      0.06067      0.00196
 22.12      0.05803      0.06055     -0.00037
 22.14      0.06039      0.06044     -0.00100
 22.16      0.05701      0.06033     -0.00050
 22.18      0.06092      0.06022     -0.00090
 22.20      0.06282      0.06011     -0.00049
 22.22      0.05543      0.06000     -0.00041
 22.24      0.06188      0.05988     -0.00123
 22.26      0.05689      0.05977     -0.00122
 22.28      0.05623      0.05966     -0.00018
 22.30      0.06234      0.05955     -0.00080
 22.32      0.06006      0.05943     -0.00066
 22.34      0.05823      0.05932      0.00132
 22.36      0.05701      0.05921      0.00076
 22.38      0.06557      0.05909     -0.00016
 22.40      0.05895      0.05898     -0.00019
 22.42      0.05492      0.05887     -0.00003
 22.44      0.05749      0.05875     -0.00186
 22.46      0.05727      0.05864     -0.00297
 22.48      0.05583      0.05852     -0.00322
 22.50      0.05283      0.05841     -0.00243
 22.52      0.05310      0.05829     -0.00201
 22.54      0.06086      0.05818     -0.00117
 22.56      0.05878      0.05806     -0.00004
 22.58      0.05947      0.05795      0.00042
 22.60      0.05788      0.05783     -0.00025
 22.62      0.05482      0.05771     -0.00128
 22.64      0.05697      0.05759     -0.00191
 22.66      0.05300      0.05748     -0.00286
 22.68      0.05574      0.05736     -0.00261
 22.70      0.05257      0.05724     -0.00284
 22.72      0.05547      0.05712     -0.00196
 22.74      0.05523      0.05700     -0.00317
 22.76      0.05681      0.05688     -0.00277
 22.78      0.04908      0.05676     -0.00289
 22.80      0.05400      0.05665     -0.00259
 22.82      0.05423      0.05653     -0.00289
 22.84      0.05613      0.05641     -0.00086
 22.86      0.05475      0.05629     -0.00081
 22.88      0.05862      0.05617     -0.00079
 22.90      0.05367      0.05605     -0.00099
 22.92      0.05373      0.05594     -0.00083
 22.94      0.05456      0.05582     -0.00123
 22.96      0.05496      0.05570     -0.00127
 22.98      0.05600      0.05558     -0.00101
 23.00      0.05290      0.05546     -0.00015
 23.02      0.05446      0.05535     -0.00036
 23.04      0.05824      0.05523     -0.00002
 23.06      0.05334      0.05511      0.00073
 23.08      0.05711      0.05500      0.00082
 23.10      0.05605      0.05488      0.00036
 23.12      0.05433      0.05476      0.00140
 23.14      0.05534      0.05464      0.00129
 23.16      0.05794      0.05452      0.00175
 23.18      0.05599      0.05441      0.00251
 23.20      0.05775      0.05429      0.00225
 23.22      0.05756      0.05417      0.00134
 23.24      0.05344      0.05405      0.00159
 23.26      0.05281      0.05393      0.00147
 23.28      0.05662      0.05381      0.00065
 23.30      0.05657      0.05369      0.00080
 23.32      0.05286      0.05357      0.00083
 23.34      0.05360      0.05345      0.00035
 23.36      0.05235      0.05333     -0.00003
 23.38      0.05361      0.05321      0.00038
 23.40      0.05411      0.05309      0.00166
 23.42      0.05433      0.05298      0.00218
 23.44      0.05940      0.05286      0.00277
 23.46      0.05433      0.05274      0.00301
 23.48      0.05595      0.05262      0.00286
 23.50      0.05471      0.05250      0.00067
 23.52      0.05298      0.05237      0.00102
 23.54      0.04788      0.05225      0.00047
 23.56      0.05545      0.05213      0.00016
 23.58      0.05260      0.05201     -0.00003
 23.60      0.05255      0.05189      0.00098
 23.62      0.05142      0.05177     -0.00034
 23.64      0.05229      0.05164      0.00040
 23.66      0.04825      0.05152      0.00005
 23.68      0.05572      0.05140     -0.00008
 23.70      0.05015      0.05128      0.00044
 23.72      0.05019      0.05115      0.00104
 23.74      0.05427      0.05103      0.00107
 23.76      0.05062      0.05091      0.00231
 23.78      0.05527      0.05078      0.00330
 23.80      0.05570      0.05066      0.00333
 23.82      0.05452      0.05053      0.00440
 23.84      0.05382      0.05041      0.00387
 23.86      0.05535      0.05028      0.00218
 23.88      0.05198      0.05016      0.00151
 23.90      0.04662      0.05003      0.00154
 23.92      0.05054      0.04990      0.00028
 23.94      0.05336      0.04978     -0.00019
 23.96      0.04841      0.04965      0.00168
 23.98      0.04904      0.04953      0.00162
 24.00      0.05533      0.04940      0.00064
 24.02      0.04962      0.04927      0.00117
 24.04      0.04779      0.04915      0.00108
 24.06      0.05044      0.04902     -0.00057
 24.08      0.04797      0.04889     -0.00065
 24.10      0.04643      0.04877     -0.00054
 24.12      0.04861      0.04864     -0.00071
 24.14      0.04767      0.04851     -0.00053
 24.16      0.04897      0.04839     -0.00013
 24.18      0.04826      0.04826      0.00130
 24.20      0.04778      0.04813      0.00092
 24.22      0.05511      0.04801      0.00043
 24.24      0.04517      0.04788      0.00062
 24.26      0.04587      0.04775      0.00047
 24.28      0.04855      0.04762     -0.00025
 24.30      0.04642      0.04750      0.00027
 24.32      0.05087      0.04737      0.00104
 24.34      0.04712      0.04724      0.00141
 24.36      0.04905      0.04711      0.00229
 24.38      0.04976      0.04698      0.00142
 24.40      0.05017      0.04684      0.00171
 24.42      0.04588      0.04671      0.00042
 24.44      0.04792      0.04658     -0.00037
 24.46      0.04196      0.04645     -0.00143
 24.48      0.04514      0.04632     -0.00234
 24.50      0.04418      0.04618     -0.00361
 24.52      0.04069      0.04605     -0.00271
 24.54      0.04089      0.04592     -0.00293
 24.56      0.04582      0.04579     -0.00242
 24.58      0.04336      0.04566     -0.00160
 24.60      0.04610      0.04553     -0.00096
 24.62      0.04411      0.04540     -0.00175
 24.64      0.04342      0.04526     -0.00167
 24.66      0.04126      0.04513     -0.00240
 24.68      0.04308      0.04500     -0.00303
 24.70      0.04179      0.04487     -0.00345
 24.72      0.04032      0.04474     -0.00394
 24.74      0.04068      0.04461     -0.00437
 24.76      0.03815      0.04448     -0.00435
 24.78      0.04026      0.04435     -0.00389
 24.80      0.04123      0.04422     -0.00381
 24.82      0.04197      0.04409     -0.00242
 24.84      0.04043      0.04396     -0.00222
 24.86      0.04445      0.04383     -0.00249
 24.88      0.04060      0.04370     -0.00237
 24.90      0.03927      0.04357     -0.00176
 24.92      0.04189      0.04345     -0.00317
 24.94      0.04288      0.04332     -0.00247
 24.96      0.03672      0.04319     -0.00088
 24.98      0.04347      0.04306     -0.00062
 25.00      0.04658      0.04293     -0.00055
 25.02      0.04255      0.04280     -0.00016
 25.04      0.04259      0.04267     -0.00047
 25.06      0.03800      0.04254     -0.00132
 25.08      0.04128      0.04241     -0.00204
 25.10      0.04166      0.04228     -0.00166
 25.12      0.03831      0.04214     -0.00102
 25.14      0.04382      0.04201     -0.00070
 25.16      0.04058      0.04188      0.00049
 25.18      0.04220      0.04175      0.00123
 25.20      0.04694      0.04162      0.00172
 25.22      0.04139      0.04149      0.00285
 25.24      0.04558      0.04136      0.00294
 25.26      0.04557      0.04122      0.00215
 25.28      0.04202      0.04109      0.00291
 25.30      0.04229      0.04096      0.00199
 25.32      0.04454      0.04082      0.00242
 25.34      0.04034      0.04068      0.00276
 25.36      0.04700      0.04055      0.00336
 25.38      0.04304      0.04041      0.00386
 25.40      0.04462      0.04027      0.00459
 25.42      0.04638      0.04013      0.00332
 25.44      0.04327      0.03999      0.00411
 25.46      0.03996      0.03985      0.00315
 25.48      0.04626      0.03971      0.00333
 25.50      0.03915      0.03957      0.00399
 25.52      0.04656      0.03942      0.00342
 25.54      0.04583      0.03928      0.00220
 25.56      0.03640      0.03913      0.00262
 25.58      0.03943      0.03899      0.00090
 25.60      0.04055      0.03884     -0.00007
 25.62      0.03722      0.03870      0.00058
 25.64      0.04027      0.03855      0.00114
 25.66      0.03890      0.03840      0.00071
 25.68      0.04151      0.03825      0.00071
 25.70      0.03766      0.03811      0.00017
 25.72      0.03648      0.03796      0.00025
 25.74      0.03681      0.03781      0.00052
 25.76      0.03860      0.03766      0.00083
 25.78      0.04210      0.03751      0.00147
 25.80      0.03847      0.03736      0.00238
 25.82      0.03895      0.03722      0.00267
 25.84      0.04059      0.03707      0.00212
 25.86      0.03931      0.03692      0.00222
 25.88      0.03859      0.03677      0.00216
 25.90      0.03823      0.03662      0.00228
 25.92      0.03791      0.03647      0.00119
 25.94      0.04046      0.03632      0.00072
 25.96      0.03310      0.03617      0.00018
 25.98      0.03551      0.03602     -0.00029
 26.00      0.03478      0.03587     -0.00108
 26.02      0.03481      0.03572      0.00006
 26.04      0.03575      0.03557     -0.00005
 26.06      0.03807      0.03542      0.00028
 26.08      0.03421      0.03527      0.00087
 26.10      0.03566      0.03512      0.00046
 26.12      0.03701      0.03497      0.00023
 26.14      0.03295      0.03482      0.00008
 26.16      0.03617      0.03467      0.00047
 26.18      0.03274      0.03452      0.00004
 26.20      0.03686      0.03437      0.00067
 26.22      0.03410      0.03422     -0.00026
 26.24      0.03533      0.03407      0.00033
 26.26      0.03078      0.03391     -0.00002
 26.28      0.03491      0.03376      0.00006
 26.30      0.03435      0.03361     -0.00007
 26.32      0.03376      0.03346     -0.00027
 26.34      0.03389      0.03330     -0.00092
 26.36      0.02906      0.03315     -0.00139
 26.38      0.03087      0.03300     -0.00119
 26.40      0.03122      0.03284     -0.00140
 26.42      0.03398      0.03269     -0.00032
 26.44      0.03211      0.03254      0.00068
 26.46      0.03367      0.03239      0.00093
 26.48      0.03511      0.03223      0.00108
 26.50      0.03174      0.03208      0.00041
 26.52      0.03392      0.03192     -0.00041
 26.54      0.02804      0.03177     -0.00097
 26.56      0.02878      0.03161     -0.00061
 26.58      0.03153      0.03146     -0.00062
 26.60      0.03273      0.03130      0.00002
 26.62      0.03311      0.03114      0.00072
 26.64      0.03046      0.03098      0.00083
 26.66      0.03150      0.03083      0.00097
 26.68      0.03127      0.03067      0.00064
 26.70      0.03265      0.03051      0.00031
 26.72      0.03065      0.03035      0.00003
 26.74      0.02804      0.03018     -0.00008
 26.76      0.02927      0.03002     -0.00060
 26.78      0.02991      0.02986     -0.00109
 26.80      0.02926      0.02970     -0.00151
 26.82      0.02737      0.02953     -0.00132
 26.84      0.02513      0.02937     -0.00145
 26.86      0.02939      0.02921     -0.00136
 26.88      0.02845      0.02904     -0.00125
 26.90      0.02887      0.02888     -0.00024
 26.92      0.02714      0.02871     -0.00078
 26.94      0.02931      0.02855     -0.00048
 26.96      0.02588      0.02838     -0.00045
 26.98      0.02912      0.02822     -0.00074
 27.00      0.02819      0.02805     -0.00130
 27.02      0.02487      0.02788     -0.00107
 27.04      0.02569      0.02772     -0.00112
 27.06      0.02620      0.02755     -0.00156
 27.08      0.02804      0.02738     -0.00084
 27.10      0.02515      0.02722     -0.00054
 27.12      0.02763      0.02705     -0.00041
 27.14      0.02634      0.02688     -0.00075
 27.16      0.02604      0.02671     -0.00100
 27.18      0.02550      0.02655     -0.00093
 27.20      0.02308      0.02638     -0.00141
 27.22      0.02710      0.02621     -0.00113
 27.24      0.02310      0.02604     -0.00083
 27.26      0.02663      0.02588     -0.00021
 27.28      0.02615      0.02571     -0.00026
 27.30      0.02535      0.02554      0.00012
 27.32      0.02603      0.02538      0.00001
 27.34      0.02414      0.02521     -0.00009
 27.36      0.02529      0.02504      0.00007
 27.38      0.02480      0.02488     -0.00020
 27.40      0.02531      0.02471     -0.00057
 27.42      0.02386      0.02455     -0.00080
 27.44      0.02145      0.02438     -0.00041
 27.46      0.02332      0.02422     -0.00096
 27.48      0.02594      0.02405      0.00013
 27.50      0.02172      0.02389      0.00071
 27.52      0.02849      0.02373      0.00090
 27.54      0.02355      0.02356      0.00059
 27.56      0.02344      0.02340      0.00093
 27.58      0.02358      0.02324     -0.00040
 27.60      0.02257      0.02308     -0.00051
 27.62      0.02107      0.02292     -0.00129
 27.64      0.02218      0.02275     -0.00138
 27.66      0.01872      0.02259     -0.00090
 27.68      0.02235      0.02243     -0.00054
 27.70      0.02414      0.02227      0.00037
 27.72      0.02208      0.02211      0.00138
 27.74      0.02594      0.02195      0.00205
 27.76      0.02298      0.02179      0.00257
 27.78      0.02489      0.02163      0.00310
 27.80      0.02593      0.02147      0.00290
 27.82      0.02391      0.02131      0.00266
 27.84      0.02413      0.02114      0.00223
 27.86      0.02098      0.02098      0.00234
 27.88      0.02194      0.02082      0.00187
 27.90      0.02567      0.02066      0.00175
 27.92      0.02074      0.02050      0.00235
 27.94      0.02274      0.02033      0.00268
 27.96      0.02314      0.02017      0.00221
 27.98      0.02279      0.02001      0.00199
 28.00      0.02249      0.01984      0.00219
 28.02      0.01883      0.01968      0.00164
 28.04      0.02291      0.01952      0.00128
 28.06      0.01958      0.01935      0.00093
 28.08      0.02016      0.01919      0.00175
 28.10      0.01995      0.01903      0.00135
 28.12      0.02211      0.01886      0.00113
 28.14      0.02008      0.01870      0.00145
 28.16      0.01769      0.01854      0.00098
 28.18      0.02090      0.01837      0.00002
 28.20      0.01682      0.01821     -0.00061
 28.22      0.01649      0.01804     -0.00059
 28.24      0.01611      0.01788     -0.00104
 28.26      0.01694      0.01772     -0.00044
 28.28      0.01785      0.01756     -0.00013
 28.30      0.01900      0.01740     -0.00032
 28.32      0.01723      0.01723     -0.00018
 28.34      0.01438      0.01707     -0.00011
 28.36      0.01681      0.01691     -0.00088
 28.38      0.01740      0.01675     -0.00098
 28.40      0.01438      0.01659     -0.00053
 28.42      0.01593      0.01643     -0.00111
 28.44      0.01579      0.01627     -0.00104
 28.46      0.01312      0.01611     -0.00076
 28.48      0.01697      0.01596     -0.00083
 28.50      0.01497      0.01580     -0.00111
 28.52      0.01479      0.01564     -0.00134
 28.54      0.01359      0.01548     -0.00176
 28.56      0.01120      0.01533     -0.00134
 28.58      0.01405      0.01517     -0.00140
 28.60      0.01630      0.01502     -0.00111
 28.62      0.01372      0.01486     -0.00041
 28.64      0.01426      0.01471     -0.00047
 28.66      0.01393      0.01456     -0.00108
 28.68      0.01302      0.01441     -0.00133
 28.70      0.01245      0.01425     -0.00149
 28.72      0.01173      0.01410     -0.00150
 28.74      0.01267      0.01395     -0.00129
 28.76      0.01313      0.01381     -0.00104
 28.78      0.01336      0.01366     -0.00083
 28.80      0.01292      0.01351     -0.00079
 28.82      0.01204      0.01336     -0.00138
 28.84      0.01215      0.01321     -0.00143
 28.86      0.00943      0.01307     -0.00130
 28.88      0.01237      0.01292     -0.00090
 28.90      0.01283      0.01278     -0.00114
 28.92      0.01330      0.01263     -0.00089
 28.94      0.01023      0.01249     -0.00124
 28.96      0.00999      0.01234     -0.00139
 28.98      0.00986      0.01220     -0.00227
 29.00      0.01138      0.01206     -0.00215
 29.02      0.00821      0.01192     -0.00207
 29.04      0.01008      0.01178     -0.00200
 29.06      0.00972      0.01164     -0.00204
 29.08      0.00948      0.01150     -0.00162
 29.10      0.01052      0.01136     -0.00151
 29.12      0.00958      0.01123     -0.00177
 29.14      0.00997      0.01109     -0.00152
 29.16      0.00774      0.01095     -0.00183
 29.18      0.01003      0.01082     -0.00154
 29.20      0.00832      0.01069     -0.00130
 29.22      0.01036      0.01055     -0.00095
 29.24      0.01047      0.01042     -0.00134
 29.26      0.00884      0.01029     -0.00078
 29.28      0.00744      0.01016     -0.00114
 29.30      0.01045      0.01003     -0.00130
 29.32      0.00789      0.00990     -0.00096
 29.34      0.00905      0.00977     -0.00096
 29.36      0.00985      0.00965     -0.00109
 29.38      0.00683      0.00952     -0.00090
 29.40      0.00914      0.00939     -0.00108
 29.42      0.00821      0.00927     -0.00099
 29.44      0.00751      0.00914     -0.00041
 29.46      0.00970      0.00902     -0.00050
 29.48      0.00912      0.00890     -0.00040
 29.50      0.00807      0.00878      0.00013
 29.52      0.00807      0.00866      0.00001
 29.54      0.00956      0.00853      0.00008
 29.56      0.00852      0.00842      0.00031
 29.58      0.00886      0.00830      0.00063
 29.60      0.00862      0.00818      0.00019
 29.62      0.00908      0.00806     -0.00004
 29.64      0.00677      0.00794     -0.00016
 29.66      0.00677      0.00783     -0.00037
 29.68      0.00768      0.00771     -0.00072
 29.70      0.00699      0.00760     -0.00061
 29.72      0.00676      0.00748     -0.00086
 29.74      0.00675      0.00737     -0.00091
 29.76      0.00492      0.00726     -0.00069
 29.78      0.00686      0.00715     -0.00056
 29.80      0.00754      0.00704     -0.00023
 29.82      0.00685      0.00693      0.00024
 29.84      0.00787      0.00682      0.00021
 29.86      0.00672      0.00671     -0.00003
 29.88      0.00615      0.00661     -0.00009
 29.90      0.00580      0.00650     -0.00052
 29.92      0.00603      0.00640     -0.00092
 29.94      0.00523      0.00630     -0.00075
 29.96      0.00420      0.00620     -0.00065
 29.98      0.00647      0.00610     -0.00067
 30.00      0.00579      0.00600     -0.00033
 30.02      0.00544      0.00590     -0.00023
 30.04      0.00646      0.00580     -0.00027
 30.06      0.00419      0.00571     -0.00043
 30.08      0.00577      0.00561     -0.00050
 30.10      0.00452      0.00552     -0.00082
 30.12      0.00463      0.00543     -0.00048
 30.14      0.00440      0.00534     -0.00068
 30.16      0.00542      0.00525     -0.00075
 30.18      0.00428      0.00516     -0.00071
 30.20      0.00372      0.00507     -0.00090
 30.22      0.00439      0.00498     -0.00117
 30.24      0.00304      0.00489     -0.00127
 30.26      0.00360      0.00481     -0.00123
 30.28      0.00337      0.00472     -0.00126
 30.30      0.00348      0.00464     -0.00094
 30.32      0.00382      0.00456     -0.00079
 30.34      0.00426      0.00448     -0.00058
 30.36      0.00392      0.00440     -0.00050
 30.38      0.00403      0.00432     -0.00042
 30.40      0.00347      0.00424     -0.00034
 30.42      0.00380      0.00416     -0.00054
 30.44      0.00425      0.00409     -0.00069
 30.46      0.00257      0.00401     -0.00079
 30.48      0.00290      0.00393     -0.00092
 30.50      0.00257      0.00386     -0.00127
 30.52      0.00279      0.00379     -0.00115
 30.54      0.00212      0.00371     -0.00100
 30.56      0.00278      0.00364     -0.00093
 30.58      0.00334      0.00357     -0.00088
 30.60      0.00256      0.00350     -0.00068
 30.62      0.00267      0.00343     -0.00057
 30.64      0.00278      0.00336     -0.00074
 30.66      0.00300      0.00330     -0.00077
 30.68      0.00211      0.00323     -0.00090
 30.70      0.00211      0.00317     -0.00110
 30.72      0.00166      0.00310     -0.00126
 30.74      0.00144      0.00304     -0.00116
 30.76      0.00188      0.00297     -0.00112
 30.78      0.00232      0.00291     -0.00103
 30.80      0.00199      0.00285     -0.00110
 30.82      0.00177      0.00279     -0.00109
 30.84      0.00077      0.00273     -0.00112
 30.86      0.00165      0.00267     -0.00124
 30.88      0.00187      0.00262     -0.00129
 30.90      0.00110      0.00256     -0.00099
 30.92      0.00121      0.00250     -0.00094
 30.94      0.00198      0.00245     -0.00106
 30.96      0.00165      0.00239     -0.00096
 30.98      0.00099      0.00234     -0.00072
 31.00      0.00132      0.00229     -0.00084
 31.02      0.00219      0.00224     -0.00085
 31.04      0.00110      0.00219     -0.00076
 31.06      0.00131      0.00214     -0.00078
 31.08      0.00120      0.00209     -0.00090
 31.10      0.00098      0.00204     -0.00096
 31.12      0.00131      0.00199     -0.00103
 31.14      0.00055      0.00194     -0.00100
 31.16      0.00076      0.00189     -0.00095
 31.18      0.00109      0.00185     -0.00095
 31.20      0.00098      0.00180     -0.00084
 31.22      0.00109      0.00176     -0.00078
 31.24      0.00087      0.00171     -0.00080
 31.26      0.00087      0.00167     -0.00078
 31.28      0.00076      0.00163     -0.00089
 31.30      0.00087      0.00159     -0.00089
 31.32      0.00033      0.00155     -0.00085
 31.34      0.00065      0.00151     -0.00083
 31.36      0.00087      0.00147     -0.00079
 31.38      0.00065      0.00143     -0.00067
 31.40      0.00087      0.00139     -0.00055
 31.42      0.00076      0.00135     -0.00055
 31.44      0.00108      0.00132     -0.00058
 31.46      0.00065      0.00128     -0.00055
 31.48      0.00032      0.00125     -0.00060
 31.50      0.00086      0.00121     -0.00071
 31.52      0.00032      0.00118     -0.00077
 31.54      0.00032      0.00114     -0.00071
 31.56      0.00022      0.00111     -0.00072
 31.58      0.00043      0.00108     -0.00071
 31.60      0.00065      0.00105     -0.00060
 31.62      0.00022      0.00102     -0.00055
 31.64      0.00075      0.00099     -0.00045
 31.66      0.00032      0.00096     -0.00045
 31.68      0.00075      0.00094     -0.00044
 31.70      0.00054      0.00091     -0.00035
 31.72      0.00011      0.00088     -0.00035
 31.74      0.00107      0.00086     -0.00043
 31.76      0.00021      0.00083     -0.00047
 31.78      0.00021      0.00081     -0.00038
 31.80      0.00021      0.00078     -0.00048
 31.82      0.00043      0.00076     -0.00048
 31.84      0.00043      0.00073     -0.00041
 31.86      0.00011      0.00071     -0.00041
 31.88      0.00043      0.00069     -0.00041
 31.90      0.00011      0.00067     -0.00046
 31.92      0.00032      0.00065     -0.00035
 31.94      0.00011      0.00063     -0.00035
 31.96      0.00053      0.00061     -0.00029
 31.98      0.00032      0.00059     -0.00029
 32.00      0.00032      0.00057     -0.00021
 32.02      0.00021      0.00055     -0.00023
 32.04      0.00042      0.00054     -0.00028
 32.06      0.00032      0.00052     -0.00031
 32.08      0.00000      0.00050     -0.00033
 32.10      0.00011      0.00049     -0.00034
 32.12      0.00000      0.00047     -0.00032
 32.14      0.00032      0.00045     -0.00028
 32.16      0.00032      0.00044     -0.00027
 32.18      0.00011      0.00042     -0.00023
 32.20      0.00011      0.00041     -0.00024
 32.22      0.00011      0.00040     -0.00029
 32.24      0.00021      0.00038     -0.00030
 32.26      0.00000      0.00037     -0.00029
 32.28      0.00000      0.00036     -0.00027
 32.30      0.00011      0.00035     -0.00026
 32.32      0.00011      0.00033     -0.00023
 32.34      0.00021      0.00032     -0.00015
 32.36      0.00011      0.00031     -0.00016
 32.38      0.00032      0.00030     -0.00018
 32.40      0.00000      0.00029     -0.00014
 32.42      0.00000      0.00028     -0.00013
 32.44      0.00031      0.00027     -0.00019
 32.46      0.00010      0.00026     -0.00016
 32.48      0.00000      0.00025     -0.00015
 32.50      0.00010      0.00024     -0.00020
 32.52      0.00000      0.00024     -0.00019
 32.54      0.00000      0.00023     -0.00018
 32.56      0.00010      0.00022     -0.00020
 32.58      0.00000      0.00021     -0.00019
 32.60      0.00000      0.00020     -0.00012
 32.62      0.00000      0.00020     -0.00009
 32.64      0.00031      0.00019     -0.00004
 32.66      0.00021      0.00018     -0.00004
 32.68      0.00021      0.00018     -0.00003
 32.70      0.00000      0.00017     -0.00009
 32.72      0.00000      0.00016     -0.00012
 32.74      0.00000      0.00016     -0.00016
 32.76      0.00000      0.00015     -0.00015
 32.78      0.00000      0.00015     -0.00015
 32.80      0.00000      0.00014     -0.00014
 32.82      0.00000      0.00014     -0.00009
 32.84      0.00000      0.00013     -0.00009
 32.86      0.00021      0.00013     -0.00008
 32.88      0.00000      0.00012     -0.00008
 32.90      0.00000      0.00012     -0.00008
 32.92      0.00000      0.00011     -0.00011
 32.94      0.00000      0.00011     -0.00009
 32.96      0.00000      0.00010     -0.00008
 32.98      0.00010      0.00010     -0.00008
 33.00      0.00000      0.00010     -0.00008
 33.02      0.00000      0.00009     -0.00007
 33.04      0.00000      0.00009     -0.00009
 33.06      0.00000      0.00009     -0.00009
 33.08      0.00000      0.00008     -0.00008
 33.10      0.00000      0.00008     -0.00008
 33.12      0.00000      0.00008     -0.00008
 33.14      0.00000      0.00007     -0.00007
 33.16      0.00000      0.00007     -0.00007
 33.18      0.00000      0.00007     -0.00007
 33.20      0.00000      0.00006     -0.00006
 33.22      0.00000      0.00006     -0.00006
 33.24      0.00000      0.00006     -0.00006
 33.26      0.00000      0.00006     -0.00006
 33.28      0.00000      0.00005     -0.00005
 33.30      0.00000      0.00005     -0.00005
 33.32      0.00000      0.00005     -0.00005
 33.34      0.00000      0.00005     -0.00005
 33.36      0.00000      0.00005     -0.00005
 33.38      0.00000      0.00004     -0.00004
 33.40      0.00000      0.00004     -0.00004
 33.42      0.00000      0.00004     -0.00004
 33.44      0.00000      0.00004     -0.00004
 33.46      0.00000      0.00004     -0.00004
 33.48      0.00000      0.00004     -0.00004
 33.50      0.00000      0.00003     -0.00003
 33.52      0.00000      0.00003     -0.00001
 33.54      0.00000      0.00003     -0.00001
 33.56      0.00010      0.00003     -0.00001
 33.58      0.00000      0.00003     -0.00001
 33.60      0.00000      0.00003     -0.00001
 33.62      0.00000      0.00003     -0.00003
 33.64      0.00000      0.00002     -0.00000
 33.66      0.00000      0.00002     -0.00000
 33.68      0.00010      0.00002     -0.00000
 33.70      0.00000      0.00002     -0.00000
 33.72      0.00000      0.00002      0.00000
 33.74      0.00000      0.00002     -0.00002
 33.76      0.00000      0.00002     -0.00002
 33.78      0.00000      0.00002     -0.00002
 33.80      0.00000      0.00002     -0.00002
 33.82      0.00000      0.00002     -0.00002
 33.84      0.00000      0.00001     -0.00001
 33.86      0.00000      0.00001     -0.00001
 33.88      0.00000      0.00001     -0.00001
 33.90      0.00000      0.00001     -0.00001
 33.92      0.00000      0.00001     -0.00001
 33.94      0.00000      0.00001     -0.00001
 33.96      0.00000      0.00001     -0.00001
 33.98      0.00000      0.00001     -0.00001
 34.00      0.00000      0.00001     -0.00001
