 #r(A)        h(r)         Base         G(r)
  0.02      0.00000      0.00000      0.00000
  0.04      0.00000      0.00000      0.00000
  0.06      0.00000      0.00000      0.00000
  0.08      0.00000      0.00000      0.00000
  0.10      0.00000      0.00000      0.00000
  0.12      0.00000      0.00000     -0.00000
  0.14      0.00000      0.00000     -0.00000
  0.16      0.00000      0.00000     -0.00000
  0.18      0.00000      0.00000     -0.00000
  0.20      0.00000      0.00000     -0.00000
  0.22      0.00000      0.00000     -0.00000
  0.24      0.00000      0.00001     -0.00001
  0.26      0.00000      0.00001     -0.00001
  0.28      0.00000      0.00001     -0.00001
  0.30      0.00000      0.00002     -0.00002
  0.32      0.00000      0.00003     -0.00003
  0.34      0.00000      0.00004     -0.00004
  0.36      0.00000      0.00006     -0.00006
  0.38      0.00000      0.00008     -0.00008
  0.40      0.00000      0.00010     -0.00010
  0.42      0.00000      0.00012     -0.00012
  0.44      0.00000      0.00015     -0.00015
  0.46      0.00000      0.00018     -0.00018
  0.48      0.00000      0.00022     -0.00022
  0.50      0.00000      0.00026     -0.00026
  0.52      0.00000      0.00031     -0.00031
  0.54      0.00000      0.00036     -0.00036
  0.56      0.00000      0.00041     -0.00041
  0.58      0.00000      0.00048     -0.00048
  0.60      0.00000      0.00056     -0.00056
  0.62      0.00000      0.00065     -0.00065
  0.64      0.00000      0.00077     -0.00077
  0.66      0.00000      0.00092     -0.00092
  0.68      0.00000      0.00110     -0.00110
  0.70      0.00000      0.00132     -0.00132
  0.72      0.00000      0.00158     -0.00158
  0.74      0.00000      0.00187     -0.00187
  0.76      0.00000      0.00221     -0.00221
  0.78      0.00000      0.00258     -0.00258
  0.80      0.00000      0.00298     -0.00298
  0.82      0.00000      0.00340     -0.00340
  0.84      0.00000      0.00384     -0.00384
  0.86      0.00000      0.00429     -0.00429
  0.88      0.00000      0.00475     -0.00475
  0.90      0.00000      0.00521     -0.00521
  0.92      0.00000      0.00568     -0.00568
  0.94      0.00000      0.00615     -0.00615
  0.96      0.00000      0.00662     -0.00662
  0.98      0.00000      0.00710     -0.00710
  1.00      0.00000      0.00757     -0.00757
  1.02      0.00000      0.00805     -0.00805
  1.04      0.00000      0.00852     -0.00852
  1.06      0.00000      0.00900     -0.00900
  1.08      0.00000      0.00947     -0.00947
  1.10      0.00000      0.00995     -0.00995
  1.12      0.00000      0.01043     -0.01043
  1.14      0.00000      0.01090     -0.01090
  1.16      0.00000      0.01138     -0.01138
  1.18      0.00000      0.01186     -0.01186
  1.20      0.00000      0.01233     -0.01233
  1.22      0.00000      0.01281     -0.01281
  1.24      0.00000      0.01329     -0.01329
  1.26      0.00000      0.01377     -0.01377
  1.28      0.00000      0.01425     -0.01425
  1.30      0.00000      0.01473     -0.01473
  1.32      0.00000      0.01521     -0.01521
  1.34      0.00000      0.01569     -0.01569
  1.36      0.00000      0.01617     -0.01617
  1.38      0.00000      0.01665     -0.01665
  1.40      0.00000      0.01713     -0.01713
  1.42      0.00000      0.01761     -0.01761
  1.44      0.00000      0.01810     -0.01810
  1.46      0.00000      0.01858     -0.01858
  1.48      0.00000      0.01906     -0.01906
  1.50      0.00000      0.01955     -0.01955
  1.52      0.00000      0.02004     -0.02004
  1.54      0.00000      0.02053     -0.02053
  1.56      0.00000      0.02101     -0.02101
  1.58      0.00000      0.02151     -0.02151
  1.60      0.00000      0.02200     -0.02200
  1.62      0.00000      0.02249     -0.02249
  1.64      0.00000      0.02299     -0.02299
  1.66      0.00000      0.02349     -0.02349
  1.68      0.00000      0.02399     -0.02399
  1.70      0.00000      0.02450     -0.02450
  1.72      0.00000      0.02501     -0.02501
  1.74      0.00000      0.02552     -0.02552
  1.76      0.00000      0.02604     -0.02604
  1.78      0.00000      0.02657     -0.02657
  1.80      0.00000      0.02711     -0.02711
  1.82      0.00000      0.02765     -0.02765
  1.84      0.00000      0.02821     -0.02821
  1.86      0.00000      0.02877     -0.02877
  1.88      0.00000      0.02934     -0.02934
  1.90      0.00000      0.02992     -0.02992
  1.92      0.00000      0.03051     -0.03051
  1.94      0.00000      0.03111     -0.03111
  1.96      0.00000      0.03171     -0.03171
  1.98      0.00000      0.03232     -0.03232
  2.00      0.00000      0.03294     -0.03294
  2.02      0.00000      0.03356     -0.03356
  2.04      0.00000      0.03419     -0.03419
  2.06      0.00000      0.03482     -0.03482
  2.08      0.00000      0.03546     -0.03526
  2.10      0.00000      0.03610     -0.03572
  2.12      0.00098      0.03673     -0.03626
  2.14      0.00092      0.03738     -0.03653
  2.16      0.00048      0.03802     -0.03643
  2.18      0.00186      0.03867     -0.03593
  2.20      0.00373      0.03931     -0.03455
  2.22      0.00670      0.03996     -0.03328
  2.24      0.01106      0.04061     -0.03054
  2.26      0.01009      0.04127     -0.02898
  2.28      0.01877      0.04192     -0.02603
  2.30      0.01480      0.04257     -0.02377
  2.32      0.02472      0.04322     -0.01965
  2.34      0.02563      0.04387     -0.01788
  2.36      0.03393      0.04452     -0.01563
  2.38      0.03089      0.04517     -0.01344
  2.40      0.02928      0.04582     -0.01198
  2.42      0.03892      0.04646     -0.01098
  2.44      0.03614      0.04710     -0.00919
  2.46      0.04214      0.04773     -0.00717
  2.48      0.04307      0.04837     -0.00516
  2.50      0.04257      0.04900     -0.00394
  2.52      0.05209      0.04962      0.00094
  2.54      0.04543      0.05025      0.00734
  2.56      0.06966      0.05087      0.02569
  2.58      0.07818      0.05149      0.04951
  2.60      0.13742      0.05210      0.08935
  2.62      0.17432      0.05270      0.13320
  2.64      0.24770      0.05329      0.18495
  2.66      0.29191      0.05384      0.23079
  2.68      0.33982      0.05436      0.27275
  2.70      0.36941      0.05484      0.31046
  2.72      0.38675      0.05528      0.33366
  2.74      0.43863      0.05567      0.33105
  2.76      0.41011      0.05600      0.30887
  2.78      0.32871      0.05628      0.27958
  2.80      0.26012      0.05652      0.22677
  2.82      0.24171      0.05673      0.17003
  2.84      0.17580      0.05692      0.12264
  2.86      0.12746      0.05709      0.08127
  2.88      0.09269      0.05725      0.03938
  2.90      0.05412      0.05741      0.01023
  2.92      0.03306      0.05756     -0.01103
  2.94      0.03087      0.05772     -0.02850
  2.96      0.02191      0.05787     -0.03832
  2.98      0.00611      0.05803     -0.04432
  3.00      0.00583      0.05819     -0.04901
  3.02      0.00386      0.05835     -0.05335
  3.04      0.00821      0.05852     -0.05421
  3.06      0.00099      0.05868     -0.05486
  3.08      0.00264      0.05885     -0.05481
  3.10      0.00339      0.05902     -0.05588
  3.12      0.00494      0.05919     -0.05571
  3.14      0.00372      0.05936     -0.05586
  3.16      0.00270      0.05953     -0.05620
  3.18      0.00276      0.05971     -0.05692
  3.20      0.00254      0.05988     -0.05726
  3.22      0.00223      0.06006     -0.05704
  3.24      0.00287      0.06024     -0.05727
  3.26      0.00471      0.06042     -0.05722
  3.28      0.00251      0.06060     -0.05704
  3.30      0.00369      0.06079     -0.05687
  3.32      0.00406      0.06099     -0.05729
  3.34      0.00462      0.06119     -0.05688
  3.36      0.00358      0.06139     -0.05647
  3.38      0.00559      0.06160     -0.05590
  3.40      0.00675      0.06182     -0.05556
  3.42      0.00799      0.06204     -0.05436
  3.44      0.00740      0.06228     -0.05411
  3.46      0.01070      0.06253     -0.05368
  3.48      0.00803      0.06278     -0.05343
  3.50      0.01011      0.06305     -0.05249
  3.52      0.01053      0.06332     -0.05250
  3.54      0.01340      0.06360     -0.05139
  3.56      0.01204      0.06390     -0.05000
  3.58      0.01500      0.06420     -0.04870
  3.60      0.01852      0.06450     -0.04692
  3.62      0.01850      0.06481     -0.04547
  3.64      0.02387      0.06513     -0.04287
  3.66      0.02083      0.06544     -0.03949
  3.68      0.02955      0.06576     -0.03510
  3.70      0.03701      0.06608     -0.03024
  3.72      0.04206      0.06639     -0.01824
  3.74      0.04973      0.06669     -0.01120
  3.76      0.08238      0.06699     -0.00268
  3.78      0.06629      0.06728      0.00469
  3.80      0.08113      0.06756      0.00964
  3.82      0.08033      0.06783      0.01436
  3.84      0.07585      0.06808      0.02235
  3.86      0.10733      0.06832      0.02305
  3.88      0.10751      0.06855      0.02103
  3.90      0.08586      0.06876      0.01963
  3.92      0.07134      0.06896      0.01476
  3.94      0.06991      0.06916      0.00699
  3.96      0.08401      0.06934      0.00496
  3.98      0.06963      0.06952      0.00139
  4.00      0.07666      0.06970     -0.00485
  4.02      0.05435      0.06987     -0.01329
  4.04      0.03962      0.07005     -0.02147
  4.06      0.04269      0.07023     -0.03180
  4.08      0.02959      0.07042     -0.03858
  4.10      0.02590      0.07062     -0.04060
  4.12      0.02141      0.07082     -0.04554
  4.14      0.03050      0.07104     -0.04761
  4.16      0.01902      0.07127     -0.04799
  4.18      0.02033      0.07151     -0.04735
  4.20      0.02515      0.07177     -0.04705
  4.22      0.02582      0.07203     -0.04519
  4.24      0.03327      0.07230     -0.04425
  4.26      0.02963      0.07258     -0.04294
  4.28      0.02637      0.07286     -0.04218
  4.30      0.03310      0.07314     -0.04179
  4.32      0.03100      0.07344     -0.04050
  4.34      0.03668      0.07373     -0.03913
  4.36      0.03754      0.07402     -0.03742
  4.38      0.03466      0.07432     -0.03671
  4.40      0.04314      0.07462     -0.03620
  4.42      0.03603      0.07491     -0.03359
  4.44      0.04069      0.07521     -0.03101
  4.46      0.05210      0.07550     -0.03103
  4.48      0.04901      0.07579     -0.02568
  4.50      0.04450      0.07609     -0.02301
  4.52      0.06425      0.07638     -0.01625
  4.54      0.05550      0.07666     -0.00605
  4.56      0.08739      0.07695      0.00648
  4.58      0.10143      0.07723      0.02153
  4.60      0.10858      0.07750      0.04576
  4.62      0.14088      0.07776      0.06990
  4.64      0.17797      0.07802      0.09802
  4.66      0.20945      0.07827      0.12522
  4.68      0.24330      0.07850      0.15117
  4.70      0.24583      0.07873      0.17692
  4.72      0.27182      0.07895      0.19174
  4.74      0.30785      0.07917      0.20201
  4.76      0.28465      0.07937      0.20429
  4.78      0.29576      0.07956      0.19591
  4.80      0.25821      0.07975      0.18048
  4.82      0.23086      0.07992      0.16168
  4.84      0.23166      0.08009      0.13521
  4.86      0.19150      0.08024      0.10911
  4.88      0.16425      0.08037      0.08209
  4.90      0.12846      0.08050      0.05014
  4.92      0.09643      0.08061      0.02346
  4.94      0.07251      0.08072      0.00124
  4.96      0.05870      0.08082     -0.01604
  4.98      0.05368      0.08091     -0.02903
  5.00      0.04255      0.08101     -0.03760
  5.02      0.03200      0.08111     -0.04461
  5.04      0.03015      0.08121     -0.05042
  5.06      0.02410      0.08131     -0.05464
  5.08      0.02515      0.08142     -0.05670
  5.10      0.02195      0.08153     -0.05805
  5.12      0.02221      0.08165     -0.05941
  5.14      0.02397      0.08179     -0.06020
  5.16      0.01795      0.08194     -0.06044
  5.18      0.02189      0.08210     -0.06061
  5.20      0.02146      0.08228     -0.06042
  5.22      0.02217      0.08247     -0.05788
  5.24      0.02582      0.08268     -0.05514
  5.26      0.03163      0.08291     -0.05114
  5.28      0.03662      0.08316     -0.04372
  5.30      0.04260      0.08343     -0.03764
  5.32      0.06053      0.08370     -0.03002
  5.34      0.05753      0.08399     -0.02401
  5.36      0.07113      0.08428     -0.01671
  5.38      0.06810      0.08458     -0.00849
  5.40      0.08056      0.08488      0.00279
  5.42      0.10315      0.08518      0.01235
  5.44      0.11544      0.08547      0.01959
  5.46      0.12040      0.08575      0.02645
  5.48      0.10576      0.08601      0.03073
  5.50      0.11626      0.08626      0.03086
  5.52      0.12583      0.08650      0.03110
  5.54      0.11737      0.08672      0.02824
  5.56      0.12276      0.08692      0.02239
  5.58      0.09260      0.08711      0.01418
  5.60      0.08803      0.08729      0.00496
  5.62      0.08568      0.08745     -0.00787
  5.64      0.07218      0.08761     -0.01707
  5.66      0.05942      0.08775     -0.02397
  5.68      0.04738      0.08790     -0.03381
  5.70      0.05426      0.08804     -0.04166
  5.72      0.03718      0.08818     -0.04707
  5.74      0.03367      0.08832     -0.04995
  5.76      0.03306      0.08846     -0.05295
  5.78      0.03370      0.08861     -0.05402
  5.80      0.03996      0.08876     -0.05192
  5.82      0.03256      0.08892     -0.05009
  5.84      0.04493      0.08909     -0.04650
  5.86      0.04302      0.08926     -0.04403
  5.88      0.05245      0.08943     -0.03826
  5.90      0.05320      0.08961     -0.03498
  5.92      0.06225      0.08980     -0.02879
  5.94      0.06227      0.08999     -0.02010
  5.96      0.07489      0.09018     -0.01123
  5.98      0.09686      0.09037      0.00225
  6.00      0.09852      0.09056      0.01491
  6.02      0.13056      0.09074      0.02749
  6.04      0.12654      0.09092      0.03741
  6.06      0.13867      0.09108      0.04820
  6.08      0.14734      0.09123      0.05535
  6.10      0.15330      0.09136      0.06357
  6.12      0.16704      0.09148      0.06674
  6.14      0.16829      0.09158      0.06912
  6.16      0.15514      0.09166      0.06862
  6.18      0.15973      0.09173      0.06203
  6.20      0.15120      0.09178      0.05721
  6.22      0.13444      0.09181      0.05132
  6.24      0.14443      0.09184      0.04050
  6.26      0.12589      0.09185      0.02800
  6.28      0.10576      0.09186      0.01845
  6.30      0.08874      0.09186      0.00439
  6.32      0.08672      0.09186     -0.00811
  6.34      0.07415      0.09186     -0.01824
  6.36      0.06342      0.09186     -0.02605
  6.38      0.05507      0.09186     -0.03495
  6.40      0.04970      0.09187     -0.04145
  6.42      0.04220      0.09188     -0.04677
  6.44      0.04171      0.09189     -0.04921
  6.46      0.03688      0.09192     -0.05099
  6.48      0.04296      0.09194     -0.05103
  6.50      0.04088      0.09198     -0.05075
  6.52      0.04214      0.09202     -0.04841
  6.54      0.04326      0.09206     -0.04661
  6.56      0.04881      0.09211     -0.04196
  6.58      0.05216      0.09217     -0.03518
  6.60      0.06441      0.09223     -0.02863
  6.62      0.07631      0.09230     -0.02521
  6.64      0.07631      0.09238     -0.02229
  6.66      0.06628      0.09246     -0.01661
  6.68      0.06716      0.09256     -0.01032
  6.70      0.09319      0.09268     -0.00867
  6.72      0.10825      0.09281     -0.00654
  6.74      0.08516      0.09296     -0.00364
  6.76      0.07760      0.09312     -0.00410
  6.78      0.08236      0.09331     -0.00815
  6.80      0.09173      0.09352     -0.00967
  6.82      0.08893      0.09374     -0.01027
  6.84      0.07859      0.09399     -0.01269
  6.86      0.07578      0.09425     -0.01535
  6.88      0.07148      0.09453     -0.02167
  6.90      0.07972      0.09482     -0.02572
  6.92      0.05874      0.09511     -0.03051
  6.94      0.05977      0.09542     -0.03145
  6.96      0.05331      0.09574     -0.03381
  6.98      0.06830      0.09605     -0.03189
  7.00      0.06952      0.09638     -0.02767
  7.02      0.06992      0.09670     -0.02111
  7.04      0.08249      0.09702     -0.01420
  7.06      0.08772      0.09734     -0.00505
  7.08      0.10444      0.09765      0.00851
  7.10      0.11687      0.09796      0.02440
  7.12      0.13929      0.09826      0.04009
  7.14      0.16345      0.09854      0.05495
  7.16      0.16769      0.09881      0.06845
  7.18      0.18014      0.09905      0.08065
  7.20      0.18570      0.09927      0.09285
  7.22      0.20151      0.09947      0.10721
  7.24      0.22556      0.09964      0.12187
  7.26      0.24049      0.09978      0.13084
  7.28      0.25428      0.09988      0.13379
  7.30      0.23126      0.09995      0.12838
  7.32      0.21679      0.09998      0.11820
  7.34      0.19882      0.09998      0.10104
  7.36      0.18974      0.09996      0.08740
  7.38      0.16850      0.09991      0.07082
  7.40      0.16291      0.09985      0.05556
  7.42      0.13366      0.09977      0.04141
  7.44      0.12225      0.09969      0.02468
  7.46      0.11858      0.09959      0.00810
  7.48      0.08442      0.09950     -0.00557
  7.50      0.07954      0.09942     -0.01801
  7.52      0.06488      0.09933     -0.02949
  7.54      0.05960      0.09926     -0.03470
  7.56      0.06078      0.09920     -0.03923
  7.58      0.05803      0.09915     -0.04162
  7.60      0.05657      0.09911     -0.04190
  7.62      0.05267      0.09908     -0.04214
  7.64      0.05799      0.09906     -0.04373
  7.66      0.05942      0.09905     -0.04456
  7.68      0.04997      0.09905     -0.04442
  7.70      0.05240      0.09905     -0.04583
  7.72      0.05335      0.09906     -0.04739
  7.74      0.05095      0.09908     -0.04730
  7.76      0.05167      0.09910     -0.04700
  7.78      0.05050      0.09913     -0.04494
  7.80      0.05402      0.09917     -0.04383
  7.82      0.06383      0.09922     -0.04379
  7.84      0.05668      0.09927     -0.04160
  7.86      0.05207      0.09932     -0.03961
  7.88      0.06174      0.09939     -0.03963
  7.90      0.06425      0.09946     -0.03833
  7.92      0.06404      0.09955     -0.03555
  7.94      0.06355      0.09964     -0.03446
  7.96      0.06643      0.09974     -0.03226
  7.98      0.06763      0.09984     -0.02907
  8.00      0.07572      0.09995     -0.02474
  8.02      0.08051      0.10008     -0.02063
  8.04      0.08580      0.10020     -0.01389
  8.06      0.08755      0.10034     -0.00844
  8.08      0.10197      0.10048     -0.00211
  8.10      0.10366      0.10063      0.00360
  8.12      0.11289      0.10078      0.01108
  8.14      0.11506      0.10093      0.01960
  8.16      0.12571      0.10109      0.02560
  8.18      0.14535      0.10124      0.03071
  8.20      0.13445      0.10139      0.03682
  8.22      0.13918      0.10153      0.03794
  8.24      0.14636      0.10167      0.03579
  8.26      0.13204      0.10180      0.03495
  8.28      0.13530      0.10193      0.03313
  8.30      0.13089      0.10205      0.02965
  8.32      0.13070      0.10215      0.02806
  8.34      0.12953      0.10225      0.02548
  8.36      0.12466      0.10234      0.02025
  8.38      0.12287      0.10241      0.01475
  8.40      0.10519      0.10248      0.01326
  8.42      0.10358      0.10254      0.00792
  8.44      0.12239      0.10259      0.00308
  8.46      0.09824      0.10262      0.00020
  8.48      0.09894      0.10265     -0.00360
  8.50      0.09097      0.10268     -0.00878
  8.52      0.08471      0.10270     -0.01035
  8.54      0.09663      0.10272     -0.01260
  8.56      0.09051      0.10273     -0.01334
  8.58      0.08774      0.10273     -0.01010
  8.60      0.08734      0.10274     -0.00936
  8.62      0.10096      0.10275     -0.00738
  8.64      0.10035      0.10275     -0.00483
  8.66      0.10044      0.10275     -0.00103
  8.68      0.10050      0.10275     -0.00020
  8.70      0.10634      0.10275     -0.00212
  8.72      0.10511      0.10274     -0.00288
  8.74      0.09073      0.10274     -0.00414
  8.76      0.09666      0.10274     -0.00712
  8.78      0.09415      0.10274     -0.01030
  8.80      0.09144      0.10274     -0.01066
  8.82      0.08918      0.10273     -0.01283
  8.84      0.08891      0.10274     -0.01387
  8.86      0.08584      0.10274     -0.01627
  8.88      0.08895      0.10274     -0.01679
  8.90      0.07947      0.10274     -0.01761
  8.92      0.08659      0.10275     -0.01680
  8.94      0.08483      0.10275     -0.01984
  8.96      0.08990      0.10275     -0.01636
  8.98      0.07374      0.10275     -0.01366
  9.00      0.09690      0.10275     -0.01264
  9.02      0.10006      0.10274     -0.00912
  9.04      0.08994      0.10273     -0.00212
  9.06      0.10749      0.10272      0.00008
  9.08      0.10869      0.10271      0.00214
  9.10      0.10784      0.10268      0.00787
  9.12      0.11026      0.10266      0.00825
  9.14      0.11849      0.10264      0.00821
  9.16      0.10927      0.10261      0.00629
  9.18      0.10840      0.10259      0.00686
  9.20      0.09810      0.10258      0.00465
  9.22      0.11301      0.10257      0.00130
  9.24      0.10736      0.10257     -0.00277
  9.26      0.09251      0.10259     -0.00318
  9.28      0.08803      0.10261     -0.00808
  9.30      0.09613      0.10266     -0.01267
  9.32      0.08862      0.10272     -0.01281
  9.34      0.08462      0.10279     -0.01238
  9.36      0.09215      0.10289     -0.01253
  9.38      0.09053      0.10300     -0.01132
  9.40      0.09586      0.10311     -0.01022
  9.42      0.09523      0.10324     -0.00822
  9.44      0.09068      0.10338     -0.00502
  9.46      0.10282      0.10352     -0.00304
  9.48      0.10722      0.10367     -0.00182
  9.50      0.10648      0.10381      0.00179
  9.52      0.10203      0.10396      0.00279
  9.54      0.10945      0.10410      0.00373
  9.56      0.10858      0.10424      0.00407
  9.58      0.11259      0.10437      0.00565
  9.60      0.10888      0.10450      0.00768
  9.62      0.11061      0.10463      0.01085
  9.64      0.12022      0.10474      0.01261
  9.66      0.12507      0.10485      0.01486
  9.68      0.12200      0.10495      0.01609
  9.70      0.12065      0.10505      0.01653
  9.72      0.11726      0.10513      0.01965
  9.74      0.12292      0.10521      0.02321
  9.76      0.14105      0.10528      0.02409
  9.78      0.14021      0.10534      0.03047
  9.80      0.12543      0.10539      0.03664
  9.82      0.14941      0.10542      0.03684
  9.84      0.15402      0.10545      0.03949
  9.86      0.14225      0.10546      0.04642
  9.88      0.15357      0.10546      0.05049
  9.90      0.16017      0.10545      0.05022
  9.92      0.16974      0.10542      0.05034
  9.94      0.15262      0.10538      0.04669
  9.96      0.14269      0.10533      0.04347
  9.98      0.13512      0.10527      0.03803
 10.00      0.14379      0.10520      0.03407
 10.02      0.14226      0.10512      0.02801
 10.04      0.13246      0.10503      0.02495
 10.06      0.11198      0.10493      0.01731
 10.08      0.11941      0.10483      0.00838
 10.10      0.10508      0.10473      0.00205
 10.12      0.09713      0.10463     -0.00329
 10.14      0.10030      0.10454     -0.01194
 10.16      0.08480      0.10444     -0.01812
 10.18      0.07569      0.10435     -0.02234
 10.20      0.07368      0.10427     -0.02750
 10.22      0.07558      0.10419     -0.03170
 10.24      0.07407      0.10413     -0.03335
 10.26      0.06346      0.10408     -0.03560
 10.28      0.06712      0.10403     -0.03802
 10.30      0.06218      0.10400     -0.04000
 10.32      0.06326      0.10397     -0.03990
 10.34      0.06398      0.10396     -0.03901
 10.36      0.06386      0.10395     -0.03649
 10.38      0.07149      0.10396     -0.03591
 10.40      0.07472      0.10397     -0.03277
 10.42      0.06617      0.10398     -0.02892
 10.44      0.07975      0.10401     -0.02592
 10.46      0.08318      0.10404     -0.02296
 10.48      0.08665      0.10407     -0.01693
 10.50      0.08962      0.10411     -0.01446
 10.52      0.09650      0.10414     -0.01144
 10.54      0.09230      0.10418     -0.00823
 10.56      0.09844      0.10422     -0.00405
 10.58      0.10290      0.10425     -0.00107
 10.60      0.11071      0.10428      0.00373
 10.62      0.11156      0.10431      0.00431
 10.64      0.11644      0.10434      0.00705
 10.66      0.10151      0.10436      0.00861
 10.68      0.11670      0.10438      0.01020
 10.70      0.11863      0.10440      0.00825
 10.72      0.11962      0.10441      0.01055
 10.74      0.10677      0.10442      0.00860
 10.76      0.11312      0.10443      0.00613
 10.78      0.10697      0.10444      0.00393
 10.80      0.10630      0.10444      0.00320
 10.82      0.10866      0.10444      0.00174
 10.84      0.10313      0.10443      0.00016
 10.86      0.10581      0.10443     -0.00120
 10.88      0.09907      0.10442     -0.00365
 10.90      0.09947      0.10441     -0.00419
 10.92      0.09637      0.10440     -0.00763
 10.94      0.10040      0.10439     -0.01125
 10.96      0.08852      0.10437     -0.01412
 10.98      0.08091      0.10436     -0.01450
 11.00      0.08508      0.10435     -0.01699
 11.02      0.09439      0.10434     -0.01735
 11.04      0.08788      0.10433     -0.01571
 11.06      0.08672      0.10433     -0.01500
 11.08      0.08903      0.10432     -0.01633
 11.10      0.08863      0.10432     -0.01559
 11.12      0.08773      0.10432     -0.01308
 11.14      0.09158      0.10433     -0.01146
 11.16      0.09928      0.10434     -0.00930
 11.18      0.09713      0.10435     -0.00639
 11.20      0.09948      0.10436     -0.00200
 11.22      0.10233      0.10437      0.00146
 11.24      0.11358      0.10439      0.00389
 11.26      0.11666      0.10440      0.00648
 11.28      0.10936      0.10441      0.01010
 11.30      0.11248      0.10442      0.01078
 11.32      0.12050      0.10443      0.01133
 11.34      0.11701      0.10443      0.01286
 11.36      0.11945      0.10443      0.01321
 11.38      0.11699      0.10442      0.01245
 11.40      0.11425      0.10441      0.01236
 11.42      0.11662      0.10439      0.01083
 11.44      0.11653      0.10438      0.00876
 11.46      0.11172      0.10435      0.00743
 11.48      0.10656      0.10433      0.00600
 11.50      0.10748      0.10431      0.00329
 11.52      0.10934      0.10428      0.00245
 11.54      0.10288      0.10425      0.00359
 11.56      0.10737      0.10423      0.00401
 11.58      0.11212      0.10420      0.00414
 11.60      0.10949      0.10417      0.00512
 11.62      0.10985      0.10414      0.00508
 11.64      0.10762      0.10412      0.00410
 11.66      0.10704      0.10409      0.00126
 11.68      0.10708      0.10407      0.00154
 11.70      0.09516      0.10404      0.00251
 11.72      0.11114      0.10403      0.00409
 11.74      0.11234      0.10401      0.00378
 11.76      0.11487      0.10399      0.00683
 11.78      0.10542      0.10397      0.00613
 11.80      0.11034      0.10395      0.00581
 11.82      0.10753      0.10394      0.00612
 11.84      0.11066      0.10393      0.00963
 11.86      0.11633      0.10392      0.01072
 11.88      0.12293      0.10391      0.01287
 11.90      0.11575      0.10391      0.01530
 11.92      0.11823      0.10391      0.01652
 11.94      0.12280      0.10391      0.01613
 11.96      0.12244      0.10391      0.01718
 11.98      0.12098      0.10392      0.01823
 12.00      0.12103      0.10392      0.01779
 12.02      0.12347      0.10392      0.01670
 12.04      0.12064      0.10392      0.01597
 12.06      0.11698      0.10392      0.01512
 12.08      0.11734      0.10393      0.01437
 12.10      0.11679      0.10392      0.01148
 12.12      0.11972      0.10392      0.01026
 12.14      0.10618      0.10392      0.00897
 12.16      0.11088      0.10391      0.00620
 12.18      0.11087      0.10390      0.00317
 12.20      0.10289      0.10389      0.00389
 12.22      0.10453      0.10387      0.00130
 12.24      0.10974      0.10385     -0.00151
 12.26      0.09784      0.10383     -0.00416
 12.28      0.09672      0.10380     -0.00696
 12.30      0.08949      0.10377     -0.01070
 12.32      0.09042      0.10374     -0.01077
 12.34      0.09090      0.10371     -0.01190
 12.36      0.09733      0.10368     -0.00965
 12.38      0.09094      0.10365     -0.00914
 12.40      0.10059      0.10362     -0.00710
 12.42      0.09278      0.10358     -0.00738
 12.44      0.10095      0.10355     -0.00774
 12.46      0.09576      0.10351     -0.00926
 12.48      0.08899      0.10347     -0.00907
 12.50      0.09275      0.10343     -0.01016
 12.52      0.09355      0.10339     -0.00931
 12.54      0.09531      0.10336     -0.00843
 12.56      0.09981      0.10332     -0.00760
 12.58      0.09322      0.10328     -0.00799
 12.60      0.09670      0.10324     -0.00670
 12.62      0.09142      0.10321     -0.00822
 12.64      0.10156      0.10317     -0.00676
 12.66      0.09203      0.10314     -0.00710
 12.68      0.10035      0.10310     -0.00661
 12.70      0.09481      0.10307     -0.00887
 12.72      0.09370      0.10304     -0.00826
 12.74      0.09013      0.10301     -0.00866
 12.76      0.09491      0.10298     -0.00959
 12.78      0.09818      0.10295     -0.00948
 12.80      0.09005      0.10293     -0.00827
 12.82      0.09409      0.10290     -0.00751
 12.84      0.09607      0.10288     -0.00941
 12.86      0.09857      0.10286     -0.00826
 12.88      0.08856      0.10283     -0.00627
 12.90      0.09572      0.10281     -0.00669
 12.92      0.10391      0.10279     -0.00553
 12.94      0.09384      0.10276     -0.00209
 12.96      0.10424      0.10274     -0.00047
 12.98      0.10565      0.10271     -0.00174
 13.00      0.10368      0.10268     -0.00078
 13.02      0.09742      0.10264     -0.00150
 13.04      0.09848      0.10261     -0.00198
 13.06      0.10048      0.10257     -0.00254
 13.08      0.10310      0.10253     -0.00117
 13.10      0.10067      0.10249     -0.00268
 13.12      0.10408      0.10245     -0.00174
 13.14      0.09074      0.10240     -0.00055
 13.16      0.10496      0.10235      0.00067
 13.18      0.10877      0.10230      0.00142
 13.20      0.10657      0.10225      0.00517
 13.22      0.10757      0.10220      0.00537
 13.24      0.10926      0.10214      0.00528
 13.26      0.10568      0.10209      0.00428
 13.28      0.10805      0.10203      0.00245
 13.30      0.10127      0.10197      0.00130
 13.32      0.09816      0.10192     -0.00042
 13.34      0.10319      0.10186     -0.00086
 13.36      0.09683      0.10181     -0.00013
 13.38      0.10558      0.10176      0.00234
 13.40      0.10467      0.10171      0.00242
 13.42      0.11023      0.10167      0.00299
 13.44      0.10334      0.10162      0.00295
 13.46      0.09946      0.10157      0.00172
 13.48      0.10515      0.10153     -0.00035
 13.50      0.09826      0.10148     -0.00060
 13.52      0.09965      0.10144      0.00131
 13.54      0.10188      0.10140      0.00196
 13.56      0.10878      0.10135      0.00312
 13.58      0.10823      0.10131      0.00624
 13.60      0.10381      0.10127      0.00823
 13.62      0.11508      0.10123      0.00896
 13.64      0.11157      0.10118      0.00817
 13.66      0.11222      0.10114      0.00930
 13.68      0.10411      0.10109      0.00723
 13.70      0.10920      0.10105      0.00632
 13.72      0.10451      0.10100      0.00522
 13.74      0.10683      0.10096      0.00511
 13.76      0.10645      0.10091      0.00412
 13.78      0.10336      0.10087      0.00491
 13.80      0.10399      0.10082      0.00481
 13.82      0.10823      0.10078      0.00463
 13.84      0.10613      0.10073      0.00491
 13.86      0.10533      0.10069      0.00781
 13.88      0.10455      0.10064      0.00774
 13.90      0.11822      0.10060      0.00579
 13.92      0.10770      0.10056      0.00453
 13.94      0.09614      0.10051      0.00210
 13.96      0.09883      0.10047     -0.00161
 13.98      0.09216      0.10043     -0.00469
 14.00      0.09946      0.10040     -0.00174
 14.02      0.09213      0.10036     -0.00127
 14.04      0.11069      0.10033     -0.00104
 14.06      0.10104      0.10030     -0.00077
 14.08      0.09316      0.10027      0.00029
 14.10      0.10064      0.10024     -0.00100
 14.12      0.09730      0.10021     -0.00156
 14.14      0.10406      0.10019     -0.00054
 14.16      0.09809      0.10016     -0.00179
 14.18      0.09813      0.10013     -0.00193
 14.20      0.09427      0.10010     -0.00315
 14.22      0.09645      0.10007     -0.00097
 14.24      0.09782      0.10004     -0.00055
 14.26      0.10884      0.10001      0.00211
 14.28      0.10010      0.09998      0.00390
 14.30      0.10741      0.09994      0.00590
 14.32      0.10522      0.09990      0.00807
 14.34      0.10765      0.09986      0.01052
 14.36      0.11948      0.09982      0.01025
 14.38      0.11215      0.09976      0.00973
 14.40      0.10585      0.09971      0.00987
 14.42      0.10233      0.09965      0.00577
 14.44      0.10809      0.09958      0.00471
 14.46      0.09868      0.09952      0.00559
 14.48      0.10654      0.09945      0.00581
 14.50      0.10987      0.09938      0.00569
 14.52      0.10312      0.09930      0.00559
 14.54      0.10711      0.09922      0.00513
 14.56      0.09779      0.09914     -0.00013
 14.58      0.10386      0.09905     -0.00157
 14.60      0.08316      0.09897     -0.00596
 14.62      0.09551      0.09888     -0.00591
 14.64      0.08470      0.09880     -0.00873
 14.66      0.09765      0.09871     -0.00612
 14.68      0.08933      0.09863     -0.00693
 14.70      0.09579      0.09855     -0.00633
 14.72      0.09102      0.09846     -0.00868
 14.74      0.08732      0.09838     -0.00843
 14.76      0.08544      0.09830     -0.00888
 14.78      0.09019      0.09822     -0.00966
 14.80      0.09313      0.09814     -0.00944
 14.82      0.08671      0.09806     -0.00890
 14.84      0.08803      0.09798     -0.00854
 14.86      0.08775      0.09791     -0.01038
 14.88      0.09159      0.09783     -0.01154
 14.90      0.08356      0.09776     -0.01140
 14.92      0.08052      0.09769     -0.01186
 14.94      0.08837      0.09762     -0.01254
 14.96      0.08508      0.09755     -0.01087
 14.98      0.08786      0.09749     -0.00756
 15.00      0.09158      0.09742     -0.00678
 15.02      0.09674      0.09736     -0.00600
 15.04      0.09198      0.09730     -0.00549
 15.06      0.08868      0.09724     -0.00469
 15.08      0.09010      0.09719     -0.00576
 15.10      0.09529      0.09713     -0.00483
 15.12      0.09108      0.09707     -0.00504
 15.14      0.09637      0.09702     -0.00374
 15.16      0.08736      0.09696     -0.00385
 15.18      0.09632      0.09691     -0.00312
 15.20      0.09445      0.09685     -0.00455
 15.22      0.09444      0.09680     -0.00043
 15.24      0.08894      0.09674      0.00025
 15.26      0.10769      0.09669      0.00206
 15.28      0.09945      0.09663      0.00389
 15.30      0.10321      0.09658      0.00543
 15.32      0.10333      0.09652      0.00443
 15.34      0.09636      0.09646      0.00599
 15.36      0.10238      0.09640      0.00713
 15.38      0.10700      0.09634      0.00642
 15.40      0.10858      0.09628      0.00642
 15.42      0.09950      0.09621      0.00585
 15.44      0.09604      0.09614      0.00493
 15.46      0.09917      0.09608      0.00483
 15.48      0.10207      0.09601      0.00600
 15.50      0.10773      0.09594      0.00640
 15.52      0.10503      0.09587      0.00701
 15.54      0.09772      0.09579      0.00861
 15.56      0.10183      0.09572      0.00712
 15.58      0.10968      0.09564      0.00778
 15.60      0.09990      0.09556      0.00915
 15.62      0.10796      0.09548      0.00961
 15.64      0.10420      0.09540      0.00864
 15.66      0.10371      0.09532      0.01075
 15.68      0.10441      0.09523      0.00953
 15.70      0.11006      0.09515      0.01048
 15.72      0.10145      0.09507      0.00979
 15.74      0.10852      0.09498      0.01084
 15.76      0.09984      0.09489      0.00926
 15.78      0.10925      0.09481      0.00927
 15.80      0.10173      0.09471      0.00744
 15.82      0.10103      0.09462      0.00899
 15.84      0.09890      0.09453      0.01005
 15.86      0.10715      0.09444      0.01065
 15.88      0.11409      0.09434      0.01084
 15.90      0.10427      0.09424      0.01159
 15.92      0.10150      0.09414      0.01078
 15.94      0.10216      0.09404      0.00842
 15.96      0.10259      0.09394      0.00683
 15.98      0.10181      0.09384      0.00609
 16.00      0.09582      0.09374      0.00422
 16.02      0.09729      0.09363      0.00175
 16.04      0.09226      0.09352     -0.00105
 16.06      0.08972      0.09342     -0.00335
 16.08      0.08725      0.09331     -0.00606
 16.10      0.08380      0.09321     -0.00633
 16.12      0.08323      0.09311     -0.00739
 16.14      0.09040      0.09301     -0.00849
 16.16      0.08391      0.09291     -0.00852
 16.18      0.08126      0.09281     -0.00814
 16.20      0.08318      0.09272     -0.01036
 16.22      0.08460      0.09262     -0.01062
 16.24      0.07885      0.09253     -0.01099
 16.26      0.08215      0.09244     -0.01052
 16.28      0.07895      0.09235     -0.01067
 16.30      0.08508      0.09226     -0.00974
 16.32      0.08337      0.09218     -0.00960
 16.34      0.08310      0.09210     -0.00770
 16.36      0.08242      0.09201     -0.00815
 16.38      0.08798      0.09193     -0.00782
 16.40      0.08243      0.09186     -0.00844
 16.42      0.08463      0.09178     -0.00930
 16.44      0.07960      0.09171     -0.01056
 16.46      0.07777      0.09164     -0.01148
 16.48      0.08130      0.09157     -0.01129
 16.50      0.07749      0.09151     -0.00972
 16.52      0.08526      0.09144     -0.00722
 16.54      0.08709      0.09138     -0.00538
 16.56      0.08998      0.09132     -0.00365
 16.58      0.09019      0.09126     -0.00304
 16.60      0.08583      0.09120     -0.00301
 16.62      0.08799      0.09114     -0.00343
 16.64      0.08694      0.09107     -0.00213
 16.66      0.08757      0.09101     -0.00082
 16.68      0.09638      0.09094     -0.00053
 16.70      0.09208      0.09088      0.00117
 16.72      0.08911      0.09081      0.00184
 16.74      0.09511      0.09074      0.00115
 16.76      0.09055      0.09067      0.00146
 16.78      0.09260      0.09059      0.00338
 16.80      0.09324      0.09051      0.00361
 16.82      0.09836      0.09043      0.00496
 16.84      0.09586      0.09035      0.00578
 16.86      0.09691      0.09027      0.00658
 16.88      0.09629      0.09018      0.00531
 16.90      0.09680      0.09009      0.00543
 16.92      0.09155      0.08999      0.00434
 16.94      0.09603      0.08989      0.00537
 16.96      0.09100      0.08979      0.00580
 16.98      0.10093      0.08969      0.00606
 17.00      0.09846      0.08959      0.00576
 17.02      0.09233      0.08948      0.00653
 17.04      0.09403      0.08937      0.00604
 17.06      0.09427      0.08925      0.00551
 17.08      0.09795      0.08914      0.00492
 17.10      0.09526      0.08902      0.00356
 17.12      0.08878      0.08891      0.00167
 17.14      0.08668      0.08879     -0.00105
 17.16      0.08422      0.08867     -0.00136
 17.18      0.08376      0.08855     -0.00328
 17.20      0.09309      0.08843     -0.00236
 17.22      0.07858      0.08831     -0.00162
 17.24      0.09071      0.08820     -0.00028
 17.26      0.08732      0.08808     -0.00229
 17.28      0.08987      0.08796     -0.00102
 17.30      0.08249      0.08785     -0.00118
 17.32      0.08431      0.08773     -0.00160
 17.34      0.08935      0.08762     -0.00154
 17.36      0.08462      0.08750     -0.00130
 17.38      0.08962      0.08739     -0.00111
 17.40      0.08315      0.08728     -0.00093
 17.42      0.08466      0.08717     -0.00081
 17.44      0.08968      0.08706     -0.00114
 17.46      0.08469      0.08695     -0.00073
 17.48      0.08740      0.08684     -0.00016
 17.50      0.08466      0.08673     -0.00011
 17.52      0.08697      0.08662     -0.00029
 17.54      0.08940      0.08651     -0.00042
 17.56      0.08324      0.08641     -0.00021
 17.58      0.08619      0.08630     -0.00008
 17.60      0.08518      0.08620     -0.00009
 17.62      0.08710      0.08610      0.00166
 17.64      0.08884      0.08600      0.00346
 17.66      0.09149      0.08590      0.00498
 17.68      0.09468      0.08580      0.00676
 17.70      0.09229      0.08570      0.00588
 17.72      0.09547      0.08559      0.00702
 17.74      0.08392      0.08549      0.00489
 17.76      0.09671      0.08539      0.00401
 17.78      0.08353      0.08529      0.00267
 17.80      0.08739      0.08519      0.00272
 17.82      0.08828      0.08509      0.00214
 17.84      0.08364      0.08499      0.00365
 17.86      0.09329      0.08489      0.00285
 17.88      0.09057      0.08479      0.00279
 17.90      0.08293      0.08469      0.00419
 17.92      0.08746      0.08459      0.00310
 17.94      0.09010      0.08449      0.00236
 17.96      0.08738      0.08439      0.00193
 17.98      0.08635      0.08429      0.00308
 18.00      0.08027      0.08419      0.00277
 18.02      0.09271      0.08409      0.00423
 18.04      0.08809      0.08399      0.00498
 18.06      0.09414      0.08388      0.00641
 18.08      0.08962      0.08378      0.00616
 18.10      0.08689      0.08367      0.00494
 18.12      0.09095      0.08357      0.00415
 18.14      0.08149      0.08346      0.00249
 18.16      0.08966      0.08334      0.00222
 18.18      0.08075      0.08323      0.00127
 18.20      0.08499      0.08312      0.00174
 18.22      0.08562      0.08300      0.00085
 18.24      0.08329      0.08289      0.00162
 18.26      0.08461      0.08277      0.00082
 18.28      0.08404      0.08265     -0.00046
 18.30      0.08038      0.08253     -0.00172
 18.32      0.07862      0.08241     -0.00211
 18.34      0.07640      0.08229     -0.00373
 18.36      0.08206      0.08216     -0.00278
 18.38      0.07531      0.08204     -0.00239
 18.40      0.08453      0.08191     -0.00102
 18.42      0.07996      0.08179     -0.00213
 18.44      0.08260      0.08166     -0.00193
 18.46      0.07590      0.08154     -0.00283
 18.48      0.07567      0.08141     -0.00322
 18.50      0.07938      0.08128     -0.00309
 18.52      0.07741      0.08115     -0.00337
 18.54      0.08258      0.08102     -0.00395
 18.56      0.07387      0.08089     -0.00522
 18.58      0.07213      0.08076     -0.00532
 18.60      0.07236      0.08063     -0.00774
 18.62      0.07625      0.08050     -0.00794
 18.64      0.06982      0.08037     -0.00752
 18.66      0.07222      0.08024     -0.00608
 18.68      0.07360      0.08011     -0.00608
 18.70      0.07892      0.07998     -0.00540
 18.72      0.07558      0.07985     -0.00509
 18.74      0.07257      0.07972     -0.00578
 18.76      0.07312      0.07959     -0.00684
 18.78      0.06951      0.07947     -0.00726
 18.80      0.07299      0.07934     -0.00657
 18.82      0.07283      0.07921     -0.00533
 18.84      0.07538      0.07909     -0.00385
 18.86      0.07871      0.07896     -0.00370
 18.88      0.07627      0.07883     -0.00437
 18.90      0.07312      0.07871     -0.00481
 18.92      0.06883      0.07858     -0.00483
 18.94      0.07258      0.07846     -0.00367
 18.96      0.07796      0.07834     -0.00356
 18.98      0.08145      0.07822     -0.00162
 19.00      0.07309      0.07810     -0.00073
 19.02      0.07792      0.07797     -0.00129
 19.04      0.07643      0.07786     -0.00156
 19.06      0.07453      0.07774      0.00015
 19.08      0.07951      0.07762      0.00033
 19.10      0.08104      0.07750      0.00162
 19.12      0.07824      0.07738      0.00273
 19.14      0.08226      0.07726      0.00323
 19.16      0.07949      0.07714      0.00333
 19.18      0.08144      0.07702      0.00502
 19.20      0.08092      0.07690      0.00569
 19.22      0.08611      0.07677      0.00627
 19.24      0.08499      0.07664      0.00601
 19.26      0.08172      0.07651      0.00526
 19.28      0.07953      0.07638      0.00393
 19.30      0.07653      0.07625      0.00300
 19.32      0.07880      0.07612      0.00304
 19.34      0.07969      0.07599      0.00296
 19.36      0.08128      0.07585      0.00347
 19.38      0.07844      0.07572      0.00331
 19.40      0.07842      0.07558      0.00268
 19.42      0.07731      0.07545      0.00256
 19.44      0.07588      0.07531      0.00365
 19.46      0.08000      0.07517      0.00246
 19.48      0.08322      0.07504      0.00270
 19.50      0.07178      0.07490      0.00349
 19.52      0.07783      0.07476      0.00383
 19.54      0.07914      0.07463      0.00379
 19.56      0.08102      0.07449      0.00590
 19.58      0.08231      0.07435      0.00509
 19.60      0.08166      0.07421      0.00574
 19.62      0.07306      0.07407      0.00601
 19.64      0.08170      0.07393      0.00646
 19.66      0.08166      0.07378      0.00582
 19.68      0.08383      0.07364      0.00567
 19.70      0.07775      0.07349      0.00586
 19.72      0.07160      0.07335      0.00510
 19.74      0.08193      0.07320      0.00309
 19.76      0.07713      0.07306      0.00178
 19.78      0.07305      0.07291      0.00308
 19.80      0.07050      0.07277      0.00124
 19.82      0.07739      0.07262     -0.00020
 19.84      0.07200      0.07248      0.00009
 19.86      0.06915      0.07233      0.00088
 19.88      0.07380      0.07218     -0.00038
 19.90      0.07370      0.07204     -0.00027
 19.92      0.07034      0.07189      0.00040
 19.94      0.07185      0.07174      0.00025
 19.96      0.07173      0.07159      0.00016
 19.98      0.07236      0.07144     -0.00007
 20.00      0.07250      0.07129     -0.00030
 20.02      0.06845      0.07115     -0.00078
 20.04      0.06993      0.07099     -0.00058
 20.06      0.06862      0.07085     -0.00057
 20.08      0.07260      0.07070     -0.00019
 20.10      0.07179      0.07055      0.00034
 20.12      0.06959      0.07040      0.00051
 20.14      0.07183      0.07025      0.00098
 20.16      0.06872      0.07010      0.00116
 20.18      0.07418      0.06995      0.00147
 20.20      0.07196      0.06980      0.00299
 20.22      0.07039      0.06965      0.00288
 20.24      0.07867      0.06949      0.00222
 20.26      0.06744      0.06934      0.00288
 20.28      0.07013      0.06919      0.00243
 20.30      0.07448      0.06904      0.00067
 20.32      0.06739      0.06888      0.00026
 20.34      0.06912      0.06873     -0.00094
 20.36      0.06461      0.06857     -0.00077
 20.38      0.06335      0.06842     -0.00147
 20.40      0.07455      0.06826     -0.00017
 20.42      0.06309      0.06811      0.00126
 20.44      0.07484      0.06795      0.00197
 20.46      0.07103      0.06779      0.00128
 20.48      0.06612      0.06764      0.00190
 20.50      0.07029      0.06748      0.00042
 20.52      0.06540      0.06732     -0.00049
 20.54      0.06666      0.06716      0.00019
 20.56      0.06572      0.06701     -0.00195
 20.58      0.06872      0.06685     -0.00320
 20.60      0.05877      0.06669     -0.00480
 20.62      0.05835      0.06653     -0.00579
 20.64      0.05790      0.06637     -0.00683
 20.66      0.05995      0.06622     -0.00630
 20.68      0.06276      0.06606     -0.00515
 20.70      0.06065      0.06591     -0.00583
 20.72      0.06332      0.06575     -0.00573
 20.74      0.05368      0.06560     -0.00588
 20.76      0.05972      0.06545     -0.00625
 20.78      0.06120      0.06529     -0.00712
 20.80      0.05805      0.06514     -0.00618
 20.82      0.05823      0.06499     -0.00641
 20.84      0.05763      0.06484     -0.00663
 20.86      0.05778      0.06468     -0.00696
 20.88      0.05935      0.06453     -0.00515
 20.90      0.05564      0.06438     -0.00427
 20.92      0.06652      0.06423     -0.00366
 20.94      0.06127      0.06408     -0.00271
 20.96      0.06010      0.06393     -0.00119
 20.98      0.06333      0.06378     -0.00187
 21.00      0.06251      0.06363     -0.00091
 21.02      0.06234      0.06347      0.00005
 21.04      0.06532      0.06332      0.00106
 21.06      0.06415      0.06317      0.00125
 21.08      0.06760      0.06302      0.00230
 21.10      0.06267      0.06286      0.00164
 21.12      0.06683      0.06270     -0.00070
 21.14      0.06123      0.06255     -0.00284
 21.16      0.05170      0.06239     -0.00257
 21.18      0.05610      0.06224     -0.00376
 21.20      0.06324      0.06208     -0.00321
 21.22      0.06009      0.06193     -0.00026
 21.24      0.06324      0.06177      0.00161
 21.26      0.06567      0.06162      0.00081
 21.28      0.06467      0.06146      0.00152
 21.30      0.05845      0.06131      0.00112
 21.32      0.06290      0.06115      0.00063
 21.34      0.06041      0.06099      0.00112
 21.36      0.06248      0.06083      0.00256
 21.38      0.06630      0.06067      0.00301
 21.40      0.06491      0.06051      0.00475
 21.42      0.06435      0.06035      0.00514
 21.44      0.06832      0.06019      0.00591
 21.46      0.06357      0.06003      0.00720
 21.48      0.06938      0.05986      0.00754
 21.50      0.07051      0.05969      0.00750
 21.52      0.06522      0.05952      0.00827
 21.54      0.06725      0.05935      0.00645
 21.56      0.06662      0.05918      0.00565
 21.58      0.05938      0.05900      0.00580
 21.60      0.06567      0.05883      0.00565
 21.62      0.06508      0.05866      0.00510
 21.64      0.06564      0.05848      0.00600
 21.66      0.06302      0.05831      0.00602
 21.68      0.06300      0.05813      0.00433
 21.70      0.06489      0.05796      0.00444
 21.72      0.05575      0.05778      0.00418
 21.74      0.06533      0.05761      0.00297
 21.76      0.06086      0.05743      0.00145
 21.78      0.05605      0.05725      0.00161
 21.80      0.05641      0.05708     -0.00074
 21.82      0.05570      0.05690     -0.00167
 21.84      0.05271      0.05673     -0.00236
 21.86      0.05533      0.05656     -0.00145
 21.88      0.05173      0.05638     -0.00190
 21.90      0.06006      0.05621     -0.00107
 21.92      0.05260      0.05604     -0.00262
 21.94      0.05602      0.05587     -0.00251
 21.96      0.04670      0.05570     -0.00413
 21.98      0.05144      0.05554     -0.00401
 22.00      0.05111      0.05537     -0.00495
 22.02      0.05237      0.05521     -0.00364
 22.04      0.05050      0.05504     -0.00291
 22.06      0.05243      0.05488     -0.00220
 22.08      0.05427      0.05471     -0.00340
 22.10      0.05381      0.05455     -0.00293
 22.12      0.04560      0.05439     -0.00188
 22.14      0.05203      0.05423     -0.00283
 22.16      0.05684      0.05407     -0.00243
 22.18      0.04874      0.05391      0.00012
 22.20      0.05498      0.05375      0.00055
 22.22      0.05753      0.05359      0.00072
 22.24      0.05342      0.05343      0.00122
 22.26      0.05690      0.05327      0.00159
 22.28      0.05044      0.05312      0.00009
 22.30      0.05603      0.05296     -0.00042
 22.32      0.04925      0.05280     -0.00101
 22.34      0.05005      0.05264     -0.00051
 22.36      0.05316      0.05248      0.00031
 22.38      0.05218      0.05232      0.00132
 22.40      0.05932      0.05216      0.00122
 22.42      0.05350      0.05200      0.00229
 22.44      0.04875      0.05184      0.00313
 22.46      0.05771      0.05168      0.00228
 22.48      0.05557      0.05152      0.00223
 22.50      0.05430      0.05136      0.00344
 22.52      0.05241      0.05119      0.00215
 22.54      0.05402      0.05103      0.00225
 22.56      0.05043      0.05086      0.00229
 22.58      0.05526      0.05070      0.00343
 22.60      0.05364      0.05053      0.00329
 22.62      0.05729      0.05036      0.00376
 22.64      0.05248      0.05019      0.00418
 22.66      0.05196      0.05002      0.00399
 22.68      0.05649      0.04985      0.00292
 22.70      0.05182      0.04967      0.00249
 22.72      0.05107      0.04950      0.00312
 22.74      0.04946      0.04932      0.00204
 22.76      0.05425      0.04914      0.00114
 22.78      0.05020      0.04896      0.00007
 22.80      0.04641      0.04878     -0.00051
 22.82      0.04484      0.04860     -0.00160
 22.84      0.04567      0.04842     -0.00164
 22.86      0.04790      0.04823     -0.00149
 22.88      0.04908      0.04805     -0.00138
 22.90      0.04622      0.04787     -0.00066
 22.92      0.04448      0.04768     -0.00131
 22.94      0.04837      0.04750     -0.00209
 22.96      0.04373      0.04732     -0.00155
 22.98      0.04425      0.04713     -0.00076
 23.00      0.04803      0.04695     -0.00179
 23.02      0.04750      0.04676     -0.00073
 23.04      0.04230      0.04658     -0.00094
 23.06      0.04810      0.04640     -0.00240
 23.08      0.04224      0.04621     -0.00179
 23.10      0.03983      0.04603     -0.00099
 23.12      0.04962      0.04585     -0.00258
 23.14      0.04542      0.04567     -0.00227
 23.16      0.03923      0.04548     -0.00233
 23.18      0.04289      0.04530     -0.00380
 23.20      0.03862      0.04512     -0.00506
 23.22      0.04135      0.04494     -0.00478
 23.24      0.03822      0.04477     -0.00554
 23.26      0.03977      0.04459     -0.00605
 23.28      0.03819      0.04441     -0.00658
 23.30      0.03515      0.04424     -0.00684
 23.32      0.03781      0.04406     -0.00632
 23.34      0.03605      0.04389     -0.00641
 23.36      0.04153      0.04372     -0.00552
 23.38      0.03687      0.04355     -0.00574
 23.40      0.03876      0.04338     -0.00516
 23.42      0.03583      0.04322     -0.00505
 23.44      0.03813      0.04305     -0.00443
 23.46      0.04126      0.04289     -0.00433
 23.48      0.03913      0.04273     -0.00363
 23.50      0.03845      0.04256     -0.00261
 23.52      0.03853      0.04240     -0.00289
 23.54      0.04239      0.04225     -0.00271
 23.56      0.03909      0.04209     -0.00157
 23.58      0.03924      0.04193     -0.00004
 23.60      0.04336      0.04178      0.00132
 23.62      0.04537      0.04162      0.00299
 23.64      0.04843      0.04146      0.00398
 23.66      0.04665      0.04131      0.00401
 23.68      0.04343      0.04115      0.00424
 23.70      0.04270      0.04099      0.00313
 23.72      0.04575      0.04083      0.00286
 23.74      0.04206      0.04068      0.00248
 23.76      0.04450      0.04052      0.00304
 23.78      0.04077      0.04036      0.00309
 23.80      0.04468      0.04020      0.00359
 23.82      0.04520      0.04004      0.00318
 23.84      0.04381      0.03988      0.00465
 23.86      0.04163      0.03972      0.00547
 23.88      0.04731      0.03955      0.00604
 23.90      0.04799      0.03939      0.00638
 23.92      0.04721      0.03922      0.00717
 23.94      0.04470      0.03905      0.00599
 23.96      0.04476      0.03888      0.00445
 23.98      0.04056      0.03871      0.00347
 24.00      0.03941      0.03854      0.00265
 24.02      0.04150      0.03836      0.00282
 24.04      0.03969      0.03819      0.00309
 24.06      0.04474      0.03801      0.00401
 24.08      0.04108      0.03783      0.00342
 24.10      0.04311      0.03765      0.00347
 24.12      0.03765      0.03748      0.00262
 24.14      0.03904      0.03730      0.00200
 24.16      0.03958      0.03712      0.00173
 24.18      0.03707      0.03693      0.00225
 24.20      0.04087      0.03675      0.00288
 24.22      0.03939      0.03657      0.00261
 24.24      0.04128      0.03639      0.00241
 24.26      0.03729      0.03621      0.00165
 24.28      0.03519      0.03603      0.00062
 24.30      0.03618      0.03585      0.00007
 24.32      0.03330      0.03567     -0.00000
 24.34      0.03768      0.03549     -0.00078
 24.36      0.03602      0.03532     -0.00124
 24.38      0.03039      0.03514     -0.00117
 24.40      0.03300      0.03496     -0.00206
 24.42      0.03275      0.03478     -0.00182
 24.44      0.03234      0.03461     -0.00149
 24.46      0.03634      0.03443     -0.00160
 24.48      0.03118      0.03426     -0.00071
 24.50      0.03158      0.03408     -0.00081
 24.52      0.03631      0.03391     -0.00188
 24.54      0.03095      0.03374     -0.00233
 24.56      0.03012      0.03356     -0.00227
 24.58      0.02806      0.03339     -0.00313
 24.60      0.03101      0.03322     -0.00312
 24.62      0.03117      0.03305     -0.00256
 24.64      0.03013      0.03288     -0.00158
 24.66      0.03209      0.03272     -0.00171
 24.68      0.03214      0.03255     -0.00129
 24.70      0.02953      0.03239     -0.00137
 24.72      0.03241      0.03222     -0.00171
 24.74      0.02891      0.03206     -0.00203
 24.76      0.02956      0.03190     -0.00207
 24.78      0.02974      0.03173     -0.00255
 24.80      0.02850      0.03157     -0.00166
 24.82      0.02922      0.03141     -0.00130
 24.84      0.03256      0.03126     -0.00098
 24.86      0.03056      0.03110     -0.00015
 24.88      0.03054      0.03094      0.00094
 24.90      0.03185      0.03078      0.00008
 24.92      0.03387      0.03062     -0.00032
 24.94      0.02745      0.03046     -0.00137
 24.96      0.02777      0.03030     -0.00114
 24.98      0.02453      0.03014     -0.00155
 25.00      0.03220      0.02999     -0.00039
 25.02      0.03103      0.02983     -0.00014
 25.04      0.03245      0.02967      0.00112
 25.06      0.02821      0.02951      0.00088
 25.08      0.03007      0.02936      0.00038
 25.10      0.03020      0.02920     -0.00044
 25.12      0.02777      0.02904      0.00002
 25.14      0.02755      0.02888      0.00030
 25.16      0.02972      0.02872      0.00111
 25.18      0.03065      0.02857      0.00135
 25.20      0.03348      0.02841      0.00177
 25.22      0.02821      0.02825      0.00171
 25.24      0.02882      0.02809      0.00099
 25.26      0.02866      0.02793     -0.00069
 25.28      0.02621      0.02776     -0.00044
 25.30      0.02428      0.02760     -0.00079
 25.32      0.02865      0.02744     -0.00051
 25.34      0.02624      0.02728     -0.00029
 25.36      0.02926      0.02711      0.00070
 25.38      0.02649      0.02695      0.00044
 25.40      0.02843      0.02678     -0.00007
 25.42      0.02651      0.02662     -0.00077
 25.44      0.02286      0.02645     -0.00088
 25.46      0.02495      0.02629     -0.00123
 25.48      0.02511      0.02612     -0.00205
 25.50      0.02585      0.02596     -0.00136
 25.52      0.02156      0.02579     -0.00138
 25.54      0.02551      0.02562     -0.00163
 25.56      0.02402      0.02546     -0.00139
 25.58      0.02303      0.02529     -0.00110
 25.60      0.02621      0.02513     -0.00148
 25.62      0.02221      0.02496     -0.00126
 25.64      0.02274      0.02480     -0.00132
 25.66      0.02432      0.02464     -0.00232
 25.68      0.02192      0.02447     -0.00218
 25.70      0.02038      0.02431     -0.00255
 25.72      0.02212      0.02415     -0.00254
 25.74      0.02007      0.02399     -0.00216
 25.76      0.02357      0.02384     -0.00134
 25.78      0.02306      0.02368     -0.00141
 25.80      0.02369      0.02352     -0.00147
 25.82      0.02096      0.02337     -0.00211
 25.84      0.01901      0.02321     -0.00263
 25.86      0.01955      0.02306     -0.00331
 25.88      0.01969      0.02290     -0.00331
 25.90      0.01953      0.02275     -0.00282
 25.92      0.02017      0.02260     -0.00192
 25.94      0.02070      0.02245     -0.00185
 25.96      0.02334      0.02231     -0.00168
 25.98      0.01927      0.02216     -0.00179
 26.00      0.01964      0.02202     -0.00190
 26.02      0.01893      0.02187     -0.00181
 26.04      0.01943      0.02173     -0.00103
 26.06      0.02303      0.02159     -0.00094
 26.08      0.02247      0.02145     -0.00051
 26.10      0.01938      0.02131      0.00031
 26.12      0.02037      0.02117      0.00024
 26.14      0.02282      0.02103      0.00064
 26.16      0.02201      0.02089      0.00145
 26.18      0.02375      0.02075      0.00295
 26.20      0.02274      0.02061      0.00332
 26.22      0.02717      0.02047      0.00375
 26.24      0.02399      0.02033      0.00434
 26.26      0.02349      0.02019      0.00450
 26.28      0.02597      0.02006      0.00403
 26.30      0.02288      0.01992      0.00419
 26.32      0.02409      0.01977      0.00430
 26.34      0.02412      0.01963      0.00299
 26.36      0.02334      0.01949      0.00202
 26.38      0.01868      0.01935      0.00115
 26.40      0.01733      0.01921      0.00047
 26.42      0.01905      0.01907     -0.00052
 26.44      0.01999      0.01893     -0.00028
 26.46      0.01770      0.01879     -0.00002
 26.48      0.01914      0.01865     -0.00018
 26.50      0.01793      0.01851     -0.00027
 26.52      0.01757      0.01837     -0.00049
 26.54      0.01885      0.01823     -0.00099
 26.56      0.01587      0.01809     -0.00058
 26.58      0.01596      0.01795     -0.00045
 26.60      0.01931      0.01781     -0.00036
 26.62      0.01749      0.01767      0.00010
 26.64      0.01864      0.01753      0.00104
 26.66      0.01744      0.01740      0.00099
 26.68      0.02000      0.01726      0.00114
 26.70      0.01838      0.01712      0.00118
 26.72      0.01751      0.01698      0.00144
 26.74      0.01816      0.01684      0.00124
 26.76      0.01806      0.01671      0.00061
 26.78      0.01831      0.01657      0.00074
 26.80      0.01452      0.01643      0.00065
 26.82      0.01749      0.01629      0.00061
 26.84      0.01704      0.01616      0.00089
 26.86      0.01714      0.01602      0.00110
 26.88      0.01904      0.01588      0.00113
 26.90      0.01489      0.01574      0.00073
 26.92      0.01695      0.01561      0.00079
 26.94      0.01436      0.01547      0.00034
 26.96      0.01675      0.01533      0.00019
 26.98      0.01611      0.01520      0.00049
 27.00      0.01343      0.01506      0.00039
 27.02      0.01777      0.01492      0.00016
 27.04      0.01318      0.01479     -0.00052
 27.06      0.01495      0.01465     -0.00055
 27.08      0.01199      0.01452     -0.00159
 27.10      0.01263      0.01438     -0.00138
 27.12      0.01187      0.01425     -0.00163
 27.14      0.01358      0.01411     -0.00137
 27.16      0.01300      0.01398     -0.00138
 27.18      0.01264      0.01385     -0.00094
 27.20      0.01191      0.01372     -0.00124
 27.22      0.01340      0.01359     -0.00146
 27.24      0.01142      0.01346     -0.00163
 27.26      0.01129      0.01333     -0.00143
 27.28      0.01111      0.01320     -0.00178
 27.30      0.01226      0.01307     -0.00171
 27.32      0.01104      0.01295     -0.00179
 27.34      0.01111      0.01282     -0.00164
 27.36      0.01025      0.01269     -0.00173
 27.38      0.01124      0.01257     -0.00157
 27.40      0.01115      0.01244     -0.00158
 27.42      0.01125      0.01232     -0.00146
 27.44      0.01043      0.01220     -0.00168
 27.46      0.01021      0.01208     -0.00156
 27.48      0.00954      0.01196     -0.00186
 27.50      0.01114      0.01183     -0.00148
 27.52      0.00917      0.01171     -0.00140
 27.54      0.01171      0.01160     -0.00069
 27.56      0.00999      0.01148     -0.00071
 27.58      0.01249      0.01136     -0.00034
 27.60      0.01048      0.01124     -0.00067
 27.62      0.01040      0.01112     -0.00067
 27.64      0.00947      0.01100     -0.00110
 27.66      0.00942      0.01089     -0.00117
 27.68      0.00976      0.01077     -0.00146
 27.70      0.00954      0.01066     -0.00138
 27.72      0.00838      0.01054     -0.00110
 27.74      0.00929      0.01042     -0.00130
 27.76      0.01021      0.01031     -0.00187
 27.78      0.00823      0.01020     -0.00131
 27.80      0.00612      0.01008     -0.00140
 27.82      0.01059      0.00997     -0.00199
 27.84      0.00825      0.00986     -0.00136
 27.86      0.00670      0.00975     -0.00064
 27.88      0.01085      0.00964     -0.00079
 27.90      0.00915      0.00953     -0.00080
 27.92      0.00929      0.00941     -0.00055
 27.94      0.00762      0.00930     -0.00086
 27.96      0.00744      0.00919     -0.00068
 27.98      0.00874      0.00908     -0.00087
 28.00      0.00945      0.00898     -0.00059
 28.02      0.00782      0.00887     -0.00047
 28.04      0.00848      0.00876     -0.00033
 28.06      0.00750      0.00865     -0.00052
 28.08      0.00888      0.00854     -0.00051
 28.10      0.00798      0.00844     -0.00039
 28.12      0.00732      0.00833     -0.00016
 28.14      0.00854      0.00822     -0.00041
 28.16      0.00812      0.00812     -0.00013
 28.18      0.00711      0.00801     -0.00045
 28.20      0.00883      0.00791     -0.00029
 28.22      0.00524      0.00781     -0.00025
 28.24      0.00880      0.00771     -0.00039
 28.26      0.00779      0.00760     -0.00083
 28.28      0.00591      0.00750     -0.00029
 28.30      0.00611      0.00741     -0.00033
 28.32      0.00748      0.00731     -0.00047
 28.34      0.00810      0.00721     -0.00042
 28.36      0.00658      0.00712      0.00016
 28.38      0.00571      0.00702      0.00026
 28.40      0.00851      0.00693     -0.00001
 28.42      0.00752      0.00683      0.00011
 28.44      0.00628      0.00674      0.00034
 28.46      0.00671      0.00665      0.00009
 28.48      0.00637      0.00656     -0.00005
 28.50      0.00679      0.00647      0.00011
 28.52      0.00640      0.00638      0.00013
 28.54      0.00659      0.00629      0.00054
 28.56      0.00637      0.00620      0.00071
 28.58      0.00798      0.00611      0.00068
 28.60      0.00717      0.00602      0.00098
 28.62      0.00583      0.00593      0.00088
 28.64      0.00764      0.00584      0.00087
 28.66      0.00539      0.00575      0.00078
 28.68      0.00750      0.00566      0.00054
 28.70      0.00629      0.00558      0.00051
 28.72      0.00418      0.00549      0.00050
 28.74      0.00707      0.00541      0.00034
 28.76      0.00495      0.00532      0.00018
 28.78      0.00625      0.00524      0.00029
 28.80      0.00508      0.00515      0.00001
 28.82      0.00428      0.00507      0.00005
 28.84      0.00528      0.00499     -0.00028
 28.86      0.00469      0.00491     -0.00044
 28.88      0.00419      0.00483     -0.00031
 28.90      0.00392      0.00475     -0.00047
 28.92      0.00449      0.00467     -0.00052
 28.94      0.00411      0.00459     -0.00074
 28.96      0.00405      0.00451     -0.00082
 28.98      0.00268      0.00444     -0.00104
 29.00      0.00317      0.00436     -0.00123
 29.02      0.00299      0.00429     -0.00146
 29.04      0.00279      0.00421     -0.00116
 29.06      0.00252      0.00414     -0.00117
 29.08      0.00378      0.00407     -0.00108
 29.10      0.00276      0.00400     -0.00087
 29.12      0.00308      0.00393     -0.00079
 29.14      0.00347      0.00386     -0.00100
 29.16      0.00261      0.00379     -0.00099
 29.18      0.00237      0.00372     -0.00105
 29.20      0.00244      0.00365     -0.00118
 29.22      0.00246      0.00358     -0.00134
 29.24      0.00247      0.00352     -0.00128
 29.26      0.00146      0.00345     -0.00119
 29.28      0.00233      0.00339     -0.00132
 29.30      0.00258      0.00332     -0.00122
 29.32      0.00148      0.00326     -0.00113
 29.34      0.00267      0.00320     -0.00090
 29.36      0.00160      0.00314     -0.00105
 29.38      0.00320      0.00308     -0.00094
 29.40      0.00150      0.00301     -0.00098
 29.42      0.00170      0.00295     -0.00071
 29.44      0.00216      0.00290     -0.00094
 29.46      0.00269      0.00284     -0.00078
 29.48      0.00171      0.00278     -0.00056
 29.50      0.00205      0.00272     -0.00054
 29.52      0.00246      0.00267     -0.00063
 29.54      0.00200      0.00261     -0.00058
 29.56      0.00197      0.00255     -0.00068
 29.58      0.00167      0.00250     -0.00088
 29.60      0.00127      0.00244     -0.00077
 29.62      0.00119      0.00239     -0.00081
 29.64      0.00227      0.00234     -0.00066
 29.66      0.00153      0.00229     -0.00046
 29.68      0.00212      0.00223     -0.00050
 29.70      0.00205      0.00218     -0.00061
 29.72      0.00070      0.00213     -0.00059
 29.74      0.00145      0.00208     -0.00071
 29.76      0.00137      0.00204     -0.00098
 29.78      0.00130      0.00199     -0.00084
 29.80      0.00046      0.00194     -0.00096
 29.82      0.00116      0.00189     -0.00093
 29.84      0.00061      0.00185     -0.00100
 29.86      0.00129      0.00180     -0.00091
 29.88      0.00070      0.00176     -0.00087
 29.90      0.00068      0.00171     -0.00091
 29.92      0.00112      0.00167     -0.00104
 29.94      0.00019      0.00162     -0.00097
 29.96      0.00046      0.00158     -0.00098
 29.98      0.00082      0.00154     -0.00107
 30.00      0.00044      0.00150     -0.00090
 30.02      0.00047      0.00146     -0.00089
 30.04      0.00079      0.00142     -0.00085
 30.06      0.00032      0.00138     -0.00081
 30.08      0.00081      0.00135     -0.00062
 30.10      0.00045      0.00131     -0.00060
 30.12      0.00127      0.00127     -0.00049
 30.14      0.00069      0.00124     -0.00054
 30.16      0.00068      0.00120     -0.00045
 30.18      0.00041      0.00117     -0.00059
 30.20      0.00069      0.00113     -0.00058
 30.22      0.00040      0.00110     -0.00060
 30.24      0.00059      0.00107     -0.00056
 30.26      0.00042      0.00103     -0.00059
 30.28      0.00040      0.00100     -0.00052
 30.30      0.00040      0.00097     -0.00061
 30.32      0.00059      0.00094     -0.00064
 30.34      0.00000      0.00091     -0.00055
 30.36      0.00013      0.00088     -0.00055
 30.38      0.00067      0.00086     -0.00063
 30.40      0.00029      0.00083     -0.00044
 30.42      0.00002      0.00080     -0.00042
 30.44      0.00082      0.00077     -0.00047
 30.46      0.00013      0.00075     -0.00047
 30.48      0.00027      0.00072     -0.00045
 30.50      0.00013      0.00070     -0.00056
 30.52      0.00000      0.00067     -0.00056
 30.54      0.00015      0.00065     -0.00057
 30.56      0.00000      0.00063     -0.00049
 30.58      0.00013      0.00061     -0.00042
 30.60      0.00040      0.00059     -0.00037
 30.62      0.00027      0.00056     -0.00030
 30.64      0.00027      0.00054     -0.00028
 30.66      0.00027      0.00053     -0.00034
 30.68      0.00013      0.00051     -0.00037
 30.70      0.00000      0.00049     -0.00038
 30.72      0.00000      0.00047     -0.00039
 30.74      0.00013      0.00045     -0.00040
 30.76      0.00013      0.00044     -0.00038
 30.78      0.00000      0.00042     -0.00037
 30.80      0.00000      0.00041     -0.00038
 30.82      0.00000      0.00039     -0.00039
 30.84      0.00000      0.00038     -0.00038
 30.86      0.00000      0.00036     -0.00034
 30.88      0.00000      0.00035     -0.00032
 30.90      0.00013      0.00034     -0.00031
 30.92      0.00000      0.00032     -0.00030
 30.94      0.00000      0.00031     -0.00028
 30.96      0.00000      0.00030     -0.00030
 30.98      0.00000      0.00029     -0.00029
 31.00      0.00000      0.00028     -0.00028
 31.02      0.00000      0.00027     -0.00027
 31.04      0.00000      0.00026     -0.00026
 31.06      0.00000      0.00025     -0.00025
 31.08      0.00000      0.00024     -0.00024
 31.10      0.00000      0.00023     -0.00023
 31.12      0.00000      0.00022     -0.00022
 31.14      0.00000      0.00021     -0.00021
 31.16      0.00000      0.00020     -0.00020
 31.18      0.00000      0.00019     -0.00019
 31.20      0.00000      0.00018     -0.00018
 31.22      0.00000      0.00018     -0.00018
 31.24      0.00000      0.00017     -0.00017
 31.26      0.00000      0.00016     -0.00016
 31.28      0.00000      0.00015     -0.00015
 31.30      0.00000      0.00015     -0.00015
 31.32      0.00000      0.00014     -0.00014
 31.34      0.00000      0.00013     -0.00013
 31.36      0.00000      0.00013     -0.00013
 31.38      0.00000      0.00012     -0.00012
 31.40      0.00000      0.00011     -0.00011
 31.42      0.00000      0.00011     -0.00011
 31.44      0.00000      0.00010     -0.00010
 31.46      0.00000      0.00010     -0.00010
 31.48      0.00000      0.00009     -0.00009
 31.50      0.00000      0.00009     -0.00009
 31.52      0.00000      0.00008     -0.00008
 31.54      0.00000      0.00008     -0.00008
 31.56      0.00000      0.00008     -0.00008
 31.58      0.00000      0.00007     -0.00007
 31.60      0.00000      0.00007     -0.00007
 31.62      0.00000      0.00006     -0.00006
 31.64      0.00000      0.00006     -0.00006
 31.66      0.00000      0.00006     -0.00006
 31.68      0.00000      0.00005     -0.00005
 31.70      0.00000      0.00005     -0.00005
 31.72      0.00000      0.00005     -0.00005
 31.74      0.00000      0.00005     -0.00005
 31.76      0.00000      0.00004     -0.00004
 31.78      0.00000      0.00004     -0.00004
 31.80      0.00000      0.00004     -0.00004
 31.82      0.00000      0.00004     -0.00004
 31.84      0.00000      0.00003     -0.00003
 31.86      0.00000      0.00003     -0.00003
 31.88      0.00000      0.00003     -0.00003
 31.90      0.00000      0.00003     -0.00003
 31.92      0.00000      0.00003     -0.00003
 31.94      0.00000      0.00002     -0.00002
 31.96      0.00000      0.00002     -0.00002
 31.98      0.00000      0.00002     -0.00002
 32.00      0.00000      0.00002     -0.00002
 32.02      0.00000      0.00002     -0.00002
 32.04      0.00000      0.00002     -0.00002
 32.06      0.00000      0.00002     -0.00002
 32.08      0.00000      0.00002     -0.00002
 32.10      0.00000      0.00001     -0.00001
 32.12      0.00000      0.00001     -0.00001
 32.14      0.00000      0.00001     -0.00001
 32.16      0.00000      0.00001     -0.00001
 32.18      0.00000      0.00001     -0.00001
 32.20      0.00000      0.00001     -0.00001
 32.22      0.00000      0.00001     -0.00001
 32.24      0.00000      0.00001     -0.00001
 32.26      0.00000      0.00001     -0.00001
 32.28      0.00000      0.00001     -0.00001
 32.30      0.00000      0.00001     -0.00001
 32.32      0.00000      0.00001     -0.00001
 32.34      0.00000      0.00000     -0.00000
 32.36      0.00000      0.00000     -0.00000
 32.38      0.00000      0.00000     -0.00000
 32.40      0.00000      0.00000     -0.00000
 32.42      0.00000      0.00000     -0.00000
 32.44      0.00000      0.00000     -0.00000
 32.46      0.00000      0.00000     -0.00000
 32.48      0.00000      0.00000     -0.00000
 32.50      0.00000      0.00000     -0.00000
 32.52      0.00000      0.00000     -0.00000
 32.54      0.00000      0.00000     -0.00000
 32.56      0.00000      0.00000     -0.00000
 32.58      0.00000      0.00000     -0.00000
 32.60      0.00000      0.00000     -0.00000
 32.62      0.00000      0.00000     -0.00000
 32.64      0.00000      0.00000     -0.00000
 32.66      0.00000      0.00000     -0.00000
 32.68      0.00000      0.00000     -0.00000
 32.70      0.00000      0.00000     -0.00000
 32.72      0.00000      0.00000     -0.00000
 32.74      0.00000      0.00000     -0.00000
 32.76      0.00000      0.00000     -0.00000
 32.78      0.00000      0.00000     -0.00000
 32.80      0.00000      0.00000     -0.00000
 32.82      0.00000      0.00000     -0.00000
 32.84      0.00000      0.00000     -0.00000
 32.86      0.00000      0.00000     -0.00000
 32.88      0.00000      0.00000     -0.00000
 32.90      0.00000      0.00000     -0.00000
 32.92      0.00000      0.00000      0.00000
 32.94      0.00000      0.00000      0.00000
 32.96      0.00000      0.00000      0.00000
 32.98      0.00000      0.00000      0.00000
 33.00      0.00000      0.00000      0.00000
 33.02      0.00000      0.00000      0.00000
 33.04      0.00000      0.00000      0.00000
 33.06      0.00000      0.00000      0.00000
 33.08      0.00000      0.00000      0.00000
 33.10      0.00000      0.00000      0.00000
 33.12      0.00000      0.00000      0.00000
 33.14      0.00000      0.00000      0.00000
 33.16      0.00000      0.00000      0.00000
 33.18      0.00000      0.00000      0.00000
 33.20      0.00000      0.00000      0.00000
 33.22      0.00000      0.00000      0.00000
 33.24      0.00000      0.00000      0.00000
 33.26      0.00000      0.00000      0.00000
 33.28      0.00000      0.00000      0.00000
 33.30      0.00000      0.00000      0.00000
 33.32      0.00000      0.00000      0.00000
 33.34      0.00000      0.00000      0.00000
 33.36      0.00000      0.00000      0.00000
 33.38      0.00000      0.00000      0.00000
 33.40      0.00000      0.00000      0.00000
 33.42      0.00000      0.00000      0.00000
 33.44      0.00000      0.00000      0.00000
 33.46      0.00000      0.00000      0.00000
 33.48      0.00000      0.00000      0.00000
 33.50      0.00000      0.00000      0.00000
 33.52      0.00000      0.00000      0.00000
 33.54      0.00000      0.00000      0.00000
 33.56      0.00000      0.00000      0.00000
 33.58      0.00000      0.00000      0.00000
 33.60      0.00000      0.00000      0.00000
 33.62      0.00000      0.00000      0.00000
 33.64      0.00000      0.00000      0.00000
 33.66      0.00000      0.00000      0.00000
 33.68      0.00000      0.00000      0.00000
 33.70      0.00000      0.00000      0.00000
 33.72      0.00000      0.00000      0.00000
 33.74      0.00000      0.00000      0.00000
 33.76      0.00000      0.00000      0.00000
 33.78      0.00000      0.00000      0.00000
 33.80      0.00000      0.00000      0.00000
 33.82      0.00000      0.00000      0.00000
 33.84      0.00000      0.00000      0.00000
 33.86      0.00000      0.00000      0.00000
 33.88      0.00000      0.00000      0.00000
 33.90      0.00000      0.00000      0.00000
 33.92      0.00000      0.00000      0.00000
 33.94      0.00000      0.00000      0.00000
 33.96      0.00000      0.00000      0.00000
 33.98      0.00000      0.00000      0.00000
 34.00      0.00000      0.00000      0.00000
