 #r(A)        G(r)
  0.02      0.00000      0.00000      0.00000
  0.04      0.00000      0.00000      0.00000
  0.06      0.00000      0.00000      0.00000
  0.08      0.00000      0.00000      0.00000
  0.10      0.00000      0.00000      0.00000
  0.12      0.00000      0.00000      0.00000
  0.14      0.00000      0.00000      0.00000
  0.16      0.00000      0.00000      0.00000
  0.18      0.00000      0.00000      0.00000
  0.20      0.00000      0.00000      0.00000
  0.22      0.00000      0.00000      0.00000
  0.24      0.00000      0.00000      0.00000
  0.26      0.00000      0.00000      0.00000
  0.28      0.00000      0.00000      0.00000
  0.30      0.00000      0.00000      0.00000
  0.32      0.00000      0.00000      0.00000
  0.34      0.00000      0.00000      0.00000
  0.36      0.00000      0.00000      0.00000
  0.38      0.00000      0.00000      0.00000
  0.40      0.00000      0.00000      0.00000
  0.42      0.00000      0.00000      0.00000
  0.44      0.00000      0.00000      0.00000
  0.46      0.00000      0.00000      0.00000
  0.48      0.00000      0.00000      0.00000
  0.50      0.00000      0.00000      0.00000
  0.52      0.00000      0.00000      0.00000
  0.54      0.00000      0.00000      0.00000
  0.56      0.00000      0.00000      0.00000
  0.58      0.00000      0.00000      0.00000
  0.60      0.00000      0.00000      0.00000
  0.62      0.00000      0.00000      0.00000
  0.64      0.00000      0.00000      0.00000
  0.66      0.00000      0.00000      0.00000
  0.68      0.00000      0.00000      0.00000
  0.70      0.00000      0.00000      0.00000
  0.72      0.00000      0.00000      0.00000
  0.74      0.00000      0.00000      0.00000
  0.76      0.00000      0.00550     -0.00550
  0.78      0.00000      0.01101     -0.01101
  0.80      0.00000      0.01651     -0.01651
  0.82      0.00000      0.02201     -0.02201
  0.84      0.00000      0.02751     -0.02751
  0.86      0.00000      0.03302     -0.03302
  0.88      0.00000      0.03852     -0.03852
  0.90      0.00000      0.04402     -0.04402
  0.92      0.00000      0.04952     -0.04952
  0.94      0.00000      0.05503     -0.05503
  0.96      0.00000      0.06053     -0.06053
  0.98      0.00000      0.06603     -0.06603
  1.00      0.00000      0.07154     -0.07154
  1.02      0.00000      0.07704     -0.07704
  1.04      0.00000      0.08254     -0.08254
  1.06      0.00000      0.08804     -0.08804
  1.08      0.00000      0.09355     -0.09355
  1.10      0.00000      0.09905     -0.09905
  1.12      0.00000      0.10455     -0.10455
  1.14      0.00000      0.11005     -0.11005
  1.16      0.00000      0.11556     -0.11556
  1.18      0.00000      0.12106     -0.12106
  1.20      0.00000      0.12974     -0.12974
  1.22      0.00000      0.13842     -0.13842
  1.24      0.00000      0.14710     -0.14710
  1.26      0.00000      0.15578     -0.15578
  1.28      0.00000      0.16446     -0.16446
  1.30      0.00000      0.17314     -0.17314
  1.32      0.00000      0.18182     -0.18182
  1.34      0.00000      0.19050     -0.19050
  1.36      0.00000      0.19918     -0.19918
  1.38      0.00000      0.20786     -0.20786
  1.40      0.00000      0.21654     -0.21654
  1.42      0.00000      0.22522     -0.22522
  1.44      0.00000      0.23390     -0.23390
  1.46      0.00000      0.24258     -0.24258
  1.48      0.00000      0.25126     -0.25126
  1.50      0.00000      0.25994     -0.25994
  1.52      0.00000      0.26862     -0.26862
  1.54      0.00000      0.27729     -0.27729
  1.56      0.00000      0.28597     -0.28597
  1.58      0.00000      0.29465     -0.29465
  1.60      0.00000      0.30333     -0.30333
  1.62      0.00000      0.31201     -0.31201
  1.64      0.00000      0.32069     -0.32069
  1.66      0.00000      0.32937     -0.32937
  1.68      0.00000      0.33805     -0.33805
  1.70      0.00000      0.34673     -0.34673
  1.72      0.00000      0.35541     -0.35541
  1.74      0.00000      0.36409     -0.36409
  1.76      0.00000      0.37277     -0.37277
  1.78      0.00000      0.38145     -0.38145
  1.80      0.00000      0.39013     -0.39013
  1.82      0.00000      0.39881     -0.39881
  1.84      0.00000      0.40749     -0.40749
  1.86      0.00000      0.41617     -0.41617
  1.88      0.00000      0.42485     -0.42485
  1.90      0.00000      0.43353     -0.43353
  1.92      0.00000      0.44221     -0.44221
  1.94      0.00000      0.45089     -0.45089
  1.96      0.00000      0.45957     -0.45957
  1.98      0.00000      0.46825     -0.46825
  2.00      0.00000      0.47693     -0.47693
  2.02      0.00000      0.48561     -0.48561
  2.04      0.00000      0.49429     -0.49429
  2.06      0.00000      0.50297     -0.50297
  2.08      0.00000      0.51165     -0.51165
  2.10      0.00000      0.52033     -0.52033
  2.12      0.00000      0.52901     -0.52901
  2.14      0.00000      0.53769     -0.53769
  2.16      0.00000      0.54637     -0.54637
  2.18      0.00000      0.55505     -0.55505
  2.20      0.00000      0.56373     -0.56373
  2.22      0.00000      0.57241     -0.57241
  2.24      0.00000      0.58109     -0.58109
  2.26      0.00000      0.58976     -0.58976
  2.28      0.00000      0.59844     -0.59844
  2.30      0.00000      0.60712     -0.60712
  2.32      0.00000      0.61580     -0.61580
  2.34      0.00000      0.62448     -0.62448
  2.36      0.00000      0.63316     -0.63316
  2.38      0.00000      0.64184     -0.64184
  2.40      0.00000      0.65052     -0.65052
  2.42      0.00000      0.65920     -0.65920
  2.44      0.00000      0.66788     -0.66788
  2.46      0.00000      0.67656     -0.67656
  2.48      0.00000      0.68524     -0.68524
  2.50      0.00000      0.69392     -0.69392
  2.52      0.00000      0.70372     -0.70372
  2.54      0.00000      0.71353     -0.71353
  2.56      0.00000      0.72333     -0.72333
  2.58      0.00000      0.73313     -0.73313
  2.60      0.00000      0.74294     -0.74294
  2.62      0.00000      0.75274     -0.75274
  2.64      0.00000      0.76254     -0.76254
  2.66      0.00000      0.77235     -0.77235
  2.68      0.00000      0.78215     -0.78215
  2.70      0.00000      0.79195     -0.79195
  2.72      0.00000      0.80175     10.42490
  2.74      0.00000      0.81156     10.41510
  2.76     56.13328      0.82136     10.40530
  2.78      0.00000      0.82016     10.40650
  2.80      0.00000      0.81896     10.40770
  2.82      0.00000      0.81775     -0.81775
  2.84      0.00000      0.81655     -0.81655
  2.86      0.00000      0.81535     -0.81535
  2.88      0.00000      0.81415     -0.81415
  2.90      0.00000      0.81294     -0.81294
  2.92      0.00000      0.81174     -0.81174
  2.94      0.00000      0.81054     -0.81054
  2.96      0.00000      0.80934     -0.80934
  2.98      0.00000      0.80813     -0.80813
  3.00      0.00000      0.80693     -0.80693
  3.02      0.00000      0.80573     -0.80573
  3.04      0.00000      0.80453     -0.80453
  3.06      0.00000      0.80332     -0.80332
  3.08      0.00000      0.80212     -0.80212
  3.10      0.00000      0.80092     -0.80092
  3.12      0.00000      0.79972     -0.79972
  3.14      0.00000      0.79851     -0.79851
  3.16      0.00000      0.79731      5.68440
  3.18      0.00000      0.79611      5.68560
  3.20     32.40856      0.79491      5.68681
  3.22      0.00000      0.78735      5.69436
  3.24      0.00000      0.77979      5.70192
  3.26      0.00000      0.77224     -0.77224
  3.28      0.00000      0.76468     -0.76468
  3.30      0.00000      0.75712     -0.75712
  3.32      0.00000      0.74957     -0.74957
  3.34      0.00000      0.74201     -0.74201
  3.36      0.00000      0.73445     -0.73445
  3.38      0.00000      0.72690     -0.72690
  3.40      0.00000      0.71934     -0.71934
  3.42      0.00000      0.71178     -0.71178
  3.44      0.00000      0.70423     -0.70423
  3.46      0.00000      0.69667     -0.69667
  3.48      0.00000      0.68912     -0.68912
  3.50      0.00000      0.68156     -0.68156
  3.52      0.00000      0.67400     -0.67400
  3.54      0.00000      0.66645     -0.66645
  3.56      0.00000      0.65889     -0.65889
  3.58      0.00000      0.65133     -0.65133
  3.60      0.00000      0.64378     -0.64378
  3.62      0.00000      0.63622     -0.63622
  3.64      0.00000      0.62866     -0.62866
  3.66      0.00000      0.62111     -0.62111
  3.68      0.00000      0.61355     -0.61355
  3.70      0.00000      0.60599     -0.60599
  3.72      0.00000      0.59844     -0.59844
  3.74      0.00000      0.59088     -0.59088
  3.76      0.00000      0.58332     -0.58332
  3.78      0.00000      0.57577     -0.57577
  3.80      0.00000      0.56821     -0.56821
  3.82      0.00000      0.56065     -0.56065
  3.84      0.00000      0.55310     -0.55310
  3.86      0.00000      0.54554     -0.54554
  3.88      0.00000      0.53798     -0.53798
  3.90      0.00000      0.53043     -0.53043
  3.92      0.00000      0.52287     -0.52287
  3.94      0.00000      0.51531     -0.51531
  3.96      0.00000      0.50776     -0.50776
  3.98      0.00000      0.50020     -0.50020
  4.00      0.00000      0.49264     -0.49264
  4.02      0.00000      0.48509     -0.48509
  4.04      0.00000      0.47753     -0.47753
  4.06      0.00000      0.46998     -0.46998
  4.08      0.00000      0.46242     -0.46242
  4.10      0.00000      0.45486     -0.45486
  4.12      0.00000      0.44731     -0.44731
  4.14      0.00000      0.43975     -0.43975
  4.16      0.00000      0.43219     -0.43219
  4.18      0.00000      0.42464     -0.42464
  4.20      0.00000      0.41708     -0.41708
  4.22      0.00000      0.40952     -0.40952
  4.24      0.00000      0.40197     -0.40197
  4.26      0.00000      0.39441     -0.39441
  4.28      0.00000      0.38685     -0.38685
  4.30      0.00000      0.37930     -0.37930
  4.32      0.00000      0.37174     -0.37174
  4.34      0.00000      0.36419     -0.36419
  4.36      0.00000      0.35663     -0.35663
  4.38      0.00000      0.34907     -0.34907
  4.40      0.00000      0.34152     -0.34152
  4.42      0.00000      0.33396     -0.33396
  4.44      0.00000      0.32640     -0.32640
  4.46      0.00000      0.31885     -0.31885
  4.48      0.00000      0.31129      1.98034
  4.50      0.00000      0.30373      1.98790
  4.52     11.45816      0.29618      1.99545
  4.54      0.00000      0.28637      2.00526
  4.56      0.00000      0.27657      2.01506
  4.58      0.00000      0.26677     -0.26677
  4.60      0.00000      0.25697     -0.25697
  4.62      0.00000      0.24716     -0.24716
  4.64      0.00000      0.23736     -0.23736
  4.66      0.00000      0.22756     -0.22756
  4.68      0.00000      0.21775     -0.21775
  4.70      0.00000      0.20795     -0.20795
  4.72      0.00000      0.19815     -0.19815
  4.74      0.00000      0.18834     -0.18834
  4.76      0.00000      0.17854     -0.17854
  4.78      0.00000      0.16874     -0.16874
  4.80      0.00000      0.16444     -0.16444
  4.82      0.00000      0.16014     -0.16014
  4.84      0.00000      0.15584     -0.15584
  4.86      0.00000      0.15154     -0.15154
  4.88      0.00000      0.14724     -0.14724
  4.90      0.00000      0.14294     -0.14294
  4.92      0.00000      0.13864     -0.13864
  4.94      0.00000      0.13434     -0.13434
  4.96      0.00000      0.13004     -0.13004
  4.98      0.00000      0.12574     -0.12574
  5.00      0.00000      0.12144     -0.12144
  5.02      0.00000      0.11714     -0.11714
  5.04      0.00000      0.11284     -0.11284
  5.06      0.00000      0.10854     -0.10854
  5.08      0.00000      0.10424     -0.10424
  5.10      0.00000      0.09994     -0.09994
  5.12      0.00000      0.09563     -0.09563
  5.14      0.00000      0.09133     -0.09133
  5.16      0.00000      0.08703     -0.08703
  5.18      0.00000      0.08273     -0.08273
  5.20      0.00000      0.07843     -0.07843
  5.22      0.00000      0.07413     -0.07413
  5.24      0.00000      0.07301     -0.07301
  5.26      0.00000      0.07189     -0.07189
  5.28      0.00000      0.07076     -0.07076
  5.30      0.00000      0.06964     -0.06964
  5.32      0.00000      0.06852     -0.06852
  5.34      0.00000      0.06739     -0.06739
  5.36      0.00000      0.06627     -0.06627
  5.38      0.00000      0.06515     -0.06515
  5.40      0.00000      0.06402     -0.06402
  5.42      0.00000      0.06290     -0.06290
  5.44      0.00000      0.06178     -0.06178
  5.46      0.00000      0.06065     -0.06065
  5.48      0.00000      0.05953     -0.05953
  5.50      0.00000      0.05841     -0.05841
  5.52      0.00000      0.05729     -0.05729
  5.54      0.00000      0.05616     -0.05616
  5.56      0.00000      0.05504     -0.05504
  5.58      0.00000      0.05392     -0.05392
  5.60      0.00000      0.05279     -0.05279
  5.62      0.00000      0.05167     -0.05167
  5.64      0.00000      0.05055     -0.05055
  5.66      0.00000      0.04942     -0.04942
  5.68      0.00000      0.04830     -0.04830
  5.70      0.00000      0.04718     -0.04718
  5.72      0.00000      0.04605     -0.04605
  5.74      0.00000      0.04493     -0.04493
  5.76      0.00000      0.04381     -0.04381
  5.78      0.00000      0.04268     -0.04268
  5.80      0.00000      0.04156     -0.04156
  5.82      0.00000      0.04044     -0.04044
  5.84      0.00000      0.03931     -0.03931
  5.86      0.00000      0.03819     -0.03819
  5.88      0.00000      0.03707     -0.03707
  5.90      0.00000      0.03594     -0.03594
  5.92      0.00000      0.03482     -0.03482
  5.94      0.00000      0.03370     -0.03370
  5.96      0.00000      0.03257     -0.03257
  5.98      0.00000      0.03145     -0.03145
  6.00      0.00000      0.03033     -0.03033
  6.02      0.00000      0.02920     -0.02920
  6.04      0.00000      0.02808     -0.02808
  6.06      0.00000      0.02696     -0.02696
  6.08      0.00000      0.02583     -0.02583
  6.10      0.00000      0.02471     -0.02471
  6.12      0.00000      0.02359     -0.02359
  6.14      0.00000      0.02246     -0.02246
  6.16      0.00000      0.02134     -0.02134
  6.18      0.00000      0.02022     -0.02022
  6.20      0.00000      0.01910     -0.01910
  6.22      0.00000      0.01797     -0.01797
  6.24      0.00000      0.01685     -0.01685
  6.26      0.00000      0.01573     -0.01573
  6.28      0.00000      0.01460     -0.01460
  6.30      0.00000      0.01348     -0.01348
  6.32      0.00000      0.01236     -0.01236
  6.34      0.00000      0.01123     -0.01123
  6.36      0.00000      0.01011     -0.01011
  6.38      0.00000      0.00899     -0.00899
  6.40      0.00000      0.00786     -0.00786
  6.42      0.00000      0.00674     -0.00674
  6.44      0.00000      0.00562     -0.00562
  6.46      0.00000      0.00449     -0.00449
  6.48      0.00000      0.00337     -0.00337
  6.50      0.00000      0.00225     -0.00225
  6.52      0.00000      0.00112     -0.00112
  6.54      0.00000      0.00000      0.00000
  6.56      0.00000      0.00000      0.00000
  6.58      0.00000      0.00000      0.00000
  6.60      0.00000      0.00000      0.00000
  6.62      0.00000      0.00000      0.00000
  6.64      0.00000      0.00000      0.00000
  6.66      0.00000      0.00000      0.00000
  6.68      0.00000      0.00000      0.00000
  6.70      0.00000      0.00000      0.00000
  6.72      0.00000      0.00000      0.00000
  6.74      0.00000      0.00000      0.00000
  6.76      0.00000      0.00000      0.00000
  6.78      0.00000      0.00000      0.00000
  6.80      0.00000      0.00000      0.00000
  6.82      0.00000      0.00000      0.00000
  6.84      0.00000      0.00000      0.00000
  6.86      0.00000      0.00000      0.00000
  6.88      0.00000      0.00000      0.00000
  6.90      0.00000      0.00000      0.00000
  6.92      0.00000      0.00000      0.00000
  6.94      0.00000      0.00000      0.00000
  6.96      0.00000      0.00000      0.00000
  6.98      0.00000      0.00000      0.00000
  7.00      0.00000      0.00000      0.00000
  7.02      0.00000      0.00000      0.00000
  7.04      0.00000      0.00000      0.00000
  7.06      0.00000      0.00000      0.00000
  7.08      0.00000      0.00000      0.00000
  7.10      0.00000      0.00000      0.00000
  7.12      0.00000      0.00000      0.00000
  7.14      0.00000      0.00000      0.00000
  7.16      0.00000      0.00000      0.00000
  7.18      0.00000      0.00000      0.00000
  7.20      0.00000      0.00000      0.00000
  7.22      0.00000      0.00000      0.00000
  7.24      0.00000      0.00000      0.00000
  7.26      0.00000      0.00000      0.00000
  7.28      0.00000      0.00000      0.00000
  7.30      0.00000      0.00000      0.00000
  7.32      0.00000      0.00000      0.00000
  7.34      0.00000      0.00000      0.00000
  7.36      0.00000      0.00000      0.00000
  7.38      0.00000      0.00000      0.00000
  7.40      0.00000      0.00000      0.00000
  7.42      0.00000      0.00000      0.00000
  7.44      0.00000      0.00000      0.00000
  7.46      0.00000      0.00000      0.00000
  7.48      0.00000      0.00000      0.00000
  7.50      0.00000      0.00000      0.00000
  7.52      0.00000      0.00000      0.00000
  7.54      0.00000      0.00000      0.00000
  7.56      0.00000      0.00000      0.00000
  7.58      0.00000      0.00000      0.00000
  7.60      0.00000      0.00000      0.00000
  7.62      0.00000      0.00000      0.00000
  7.64      0.00000      0.00000      0.00000
  7.66      0.00000      0.00000      0.00000
  7.68      0.00000      0.00000      0.00000
  7.70      0.00000      0.00000      0.00000
  7.72      0.00000      0.00000      0.00000
  7.74      0.00000      0.00000      0.00000
  7.76      0.00000      0.00000      0.00000
  7.78      0.00000      0.00000      0.00000
  7.80      0.00000      0.00000      0.00000
  7.82      0.00000      0.00000      0.00000
  7.84      0.00000      0.00000      0.00000
  7.86      0.00000      0.00000      0.00000
  7.88      0.00000      0.00000      0.00000
  7.90      0.00000      0.00000      0.00000
  7.92      0.00000      0.00000      0.00000
  7.94      0.00000      0.00000      0.00000
  7.96      0.00000      0.00000      0.00000
  7.98      0.00000      0.00000      0.00000
  8.00      0.00000      0.00000      0.00000
  8.02      0.00000      0.00000      0.00000
  8.04      0.00000      0.00000      0.00000
  8.06      0.00000      0.00000      0.00000
  8.08      0.00000      0.00000      0.00000
  8.10      0.00000      0.00000      0.00000
  8.12      0.00000      0.00000      0.00000
  8.14      0.00000      0.00000      0.00000
  8.16      0.00000      0.00000      0.00000
  8.18      0.00000      0.00000      0.00000
  8.20      0.00000      0.00000      0.00000
  8.22      0.00000      0.00000      0.00000
  8.24      0.00000      0.00000      0.00000
  8.26      0.00000      0.00000      0.00000
  8.28      0.00000      0.00000      0.00000
  8.30      0.00000      0.00000      0.00000
  8.32      0.00000      0.00000      0.00000
  8.34      0.00000      0.00000      0.00000
  8.36      0.00000      0.00000      0.00000
  8.38      0.00000      0.00000      0.00000
  8.40      0.00000      0.00000      0.00000
  8.42      0.00000      0.00000      0.00000
  8.44      0.00000      0.00000      0.00000
  8.46      0.00000      0.00000      0.00000
  8.48      0.00000      0.00000      0.00000
  8.50      0.00000      0.00000      0.00000
  8.52      0.00000      0.00000      0.00000
  8.54      0.00000      0.00000      0.00000
  8.56      0.00000      0.00000      0.00000
  8.58      0.00000      0.00000      0.00000
  8.60      0.00000      0.00000      0.00000
  8.62      0.00000      0.00000      0.00000
  8.64      0.00000      0.00000      0.00000
  8.66      0.00000      0.00000      0.00000
  8.68      0.00000      0.00000      0.00000
  8.70      0.00000      0.00000      0.00000
  8.72      0.00000      0.00000      0.00000
  8.74      0.00000      0.00000      0.00000
  8.76      0.00000      0.00000      0.00000
  8.78      0.00000      0.00000      0.00000
  8.80      0.00000      0.00000      0.00000
  8.82      0.00000      0.00000      0.00000
  8.84      0.00000      0.00000      0.00000
  8.86      0.00000      0.00000      0.00000
  8.88      0.00000      0.00000      0.00000
  8.90      0.00000      0.00000      0.00000
  8.92      0.00000      0.00000      0.00000
  8.94      0.00000      0.00000      0.00000
  8.96      0.00000      0.00000      0.00000
  8.98      0.00000      0.00000      0.00000
  9.00      0.00000      0.00000      0.00000
  9.02      0.00000      0.00000      0.00000
  9.04      0.00000      0.00000      0.00000
  9.06      0.00000      0.00000      0.00000
  9.08      0.00000      0.00000      0.00000
  9.10      0.00000      0.00000      0.00000
  9.12      0.00000      0.00000      0.00000
  9.14      0.00000      0.00000      0.00000
  9.16      0.00000      0.00000      0.00000
  9.18      0.00000      0.00000      0.00000
  9.20      0.00000      0.00000      0.00000
  9.22      0.00000      0.00000      0.00000
  9.24      0.00000      0.00000      0.00000
  9.26      0.00000      0.00000      0.00000
  9.28      0.00000      0.00000      0.00000
  9.30      0.00000      0.00000      0.00000
  9.32      0.00000      0.00000      0.00000
  9.34      0.00000      0.00000      0.00000
  9.36      0.00000      0.00000      0.00000
  9.38      0.00000      0.00000      0.00000
  9.40      0.00000      0.00000      0.00000
  9.42      0.00000      0.00000      0.00000
  9.44      0.00000      0.00000      0.00000
  9.46      0.00000      0.00000      0.00000
  9.48      0.00000      0.00000      0.00000
  9.50      0.00000      0.00000      0.00000
  9.52      0.00000      0.00000      0.00000
  9.54      0.00000      0.00000      0.00000
  9.56      0.00000      0.00000      0.00000
  9.58      0.00000      0.00000      0.00000
  9.60      0.00000      0.00000      0.00000
  9.62      0.00000      0.00000      0.00000
  9.64      0.00000      0.00000      0.00000
  9.66      0.00000      0.00000      0.00000
  9.68      0.00000      0.00000      0.00000
  9.70      0.00000      0.00000      0.00000
  9.72      0.00000      0.00000      0.00000
  9.74      0.00000      0.00000      0.00000
  9.76      0.00000      0.00000      0.00000
  9.78      0.00000      0.00000      0.00000
  9.80      0.00000      0.00000      0.00000
  9.82      0.00000      0.00000      0.00000
  9.84      0.00000      0.00000      0.00000
  9.86      0.00000      0.00000      0.00000
  9.88      0.00000      0.00000      0.00000
  9.90      0.00000      0.00000      0.00000
  9.92      0.00000      0.00000      0.00000
  9.94      0.00000      0.00000      0.00000
  9.96      0.00000      0.00000      0.00000
  9.98      0.00000      0.00000      0.00000
 10.00      0.00000      0.00000      0.00000
