 #r(A)        h(r)         Base         G(r)
  0.02      0.00000      0.00000      0.00000
  0.04      0.00000      0.00000      0.00000
  0.06      0.00000      0.00000      0.00000
  0.08      0.00000      0.00000      0.00000
  0.10      0.00000      0.00000      0.00000
  0.12      0.00000      0.00000     -0.00000
  0.14      0.00000      0.00000     -0.00000
  0.16      0.00000      0.00000     -0.00000
  0.18      0.00000      0.00000     -0.00000
  0.20      0.00000      0.00000     -0.00000
  0.22      0.00000      0.00000     -0.00000
  0.24      0.00000      0.00001     -0.00001
  0.26      0.00000      0.00002     -0.00002
  0.28      0.00000      0.00003     -0.00003
  0.30      0.00000      0.00004     -0.00004
  0.32      0.00000      0.00006     -0.00006
  0.34      0.00000      0.00009     -0.00009
  0.36      0.00000      0.00011     -0.00011
  0.38      0.00000      0.00014     -0.00014
  0.40      0.00000      0.00018     -0.00018
  0.42      0.00000      0.00021     -0.00021
  0.44      0.00000      0.00025     -0.00025
  0.46      0.00000      0.00029     -0.00029
  0.48      0.00000      0.00034     -0.00034
  0.50      0.00000      0.00039     -0.00039
  0.52      0.00000      0.00044     -0.00044
  0.54      0.00000      0.00050     -0.00050
  0.56      0.00000      0.00056     -0.00056
  0.58      0.00000      0.00063     -0.00063
  0.60      0.00000      0.00072     -0.00072
  0.62      0.00000      0.00082     -0.00082
  0.64      0.00000      0.00095     -0.00095
  0.66      0.00000      0.00111     -0.00111
  0.68      0.00000      0.00132     -0.00132
  0.70      0.00000      0.00158     -0.00158
  0.72      0.00000      0.00190     -0.00190
  0.74      0.00000      0.00228     -0.00228
  0.76      0.00000      0.00271     -0.00271
  0.78      0.00000      0.00320     -0.00320
  0.80      0.00000      0.00371     -0.00371
  0.82      0.00000      0.00424     -0.00424
  0.84      0.00000      0.00480     -0.00480
  0.86      0.00000      0.00537     -0.00537
  0.88      0.00000      0.00594     -0.00594
  0.90      0.00000      0.00651     -0.00651
  0.92      0.00000      0.00709     -0.00709
  0.94      0.00000      0.00766     -0.00766
  0.96      0.00000      0.00824     -0.00824
  0.98      0.00000      0.00882     -0.00882
  1.00      0.00000      0.00940     -0.00940
  1.02      0.00000      0.00998     -0.00998
  1.04      0.00000      0.01056     -0.01056
  1.06      0.00000      0.01114     -0.01114
  1.08      0.00000      0.01172     -0.01172
  1.10      0.00000      0.01230     -0.01230
  1.12      0.00000      0.01288     -0.01288
  1.14      0.00000      0.01347     -0.01347
  1.16      0.00000      0.01405     -0.01405
  1.18      0.00000      0.01464     -0.01464
  1.20      0.00000      0.01522     -0.01522
  1.22      0.00000      0.01581     -0.01581
  1.24      0.00000      0.01639     -0.01639
  1.26      0.00000      0.01698     -0.01698
  1.28      0.00000      0.01757     -0.01757
  1.30      0.00000      0.01816     -0.01816
  1.32      0.00000      0.01875     -0.01875
  1.34      0.00000      0.01934     -0.01934
  1.36      0.00000      0.01993     -0.01993
  1.38      0.00000      0.02052     -0.02052
  1.40      0.00000      0.02111     -0.02111
  1.42      0.00000      0.02171     -0.02171
  1.44      0.00000      0.02230     -0.02230
  1.46      0.00000      0.02290     -0.02290
  1.48      0.00000      0.02349     -0.02349
  1.50      0.00000      0.02409     -0.02409
  1.52      0.00000      0.02469     -0.02469
  1.54      0.00000      0.02529     -0.02529
  1.56      0.00000      0.02589     -0.02589
  1.58      0.00000      0.02650     -0.02650
  1.60      0.00000      0.02710     -0.02710
  1.62      0.00000      0.02771     -0.02771
  1.64      0.00000      0.02832     -0.02832
  1.66      0.00000      0.02893     -0.02893
  1.68      0.00000      0.02954     -0.02954
  1.70      0.00000      0.03016     -0.03016
  1.72      0.00000      0.03078     -0.03078
  1.74      0.00000      0.03141     -0.03141
  1.76      0.00000      0.03204     -0.03204
  1.78      0.00000      0.03269     -0.03269
  1.80      0.00000      0.03334     -0.03334
  1.82      0.00000      0.03401     -0.03401
  1.84      0.00000      0.03470     -0.03470
  1.86      0.00000      0.03540     -0.03540
  1.88      0.00000      0.03612     -0.03612
  1.90      0.00000      0.03686     -0.03686
  1.92      0.00000      0.03761     -0.03761
  1.94      0.00000      0.03838     -0.03838
  1.96      0.00000      0.03915     -0.03915
  1.98      0.00000      0.03994     -0.03994
  2.00      0.00000      0.04073     -0.04073
  2.02      0.00000      0.04152     -0.04152
  2.04      0.00000      0.04232     -0.04232
  2.06      0.00000      0.04312     -0.04312
  2.08      0.00000      0.04392     -0.04385
  2.10      0.00000      0.04472     -0.04446
  2.12      0.00032      0.04553     -0.04508
  2.14      0.00097      0.04634     -0.04506
  2.16      0.00096      0.04715     -0.04493
  2.18      0.00412      0.04796     -0.04382
  2.20      0.00471      0.04877     -0.04069
  2.22      0.00995      0.04958     -0.03492
  2.24      0.02066      0.05039     -0.02832
  2.26      0.03387      0.05120     -0.02154
  2.28      0.04120      0.05201     -0.01655
  2.30      0.04266      0.05281     -0.01314
  2.32      0.03890      0.05360     -0.01401
  2.34      0.04169      0.05439     -0.01585
  2.36      0.03349      0.05517     -0.01879
  2.38      0.03595      0.05595     -0.02168
  2.40      0.03189      0.05672     -0.02512
  2.42      0.02831      0.05749     -0.02609
  2.44      0.02837      0.05826     -0.02751
  2.46      0.03250      0.05903     -0.02800
  2.48      0.03269      0.05979     -0.02513
  2.50      0.03326      0.06055     -0.02259
  2.52      0.04647      0.06131     -0.01785
  2.54      0.04486      0.06206     -0.00810
  2.56      0.06000      0.06282      0.01144
  2.58      0.08521      0.06357      0.03423
  2.60      0.13475      0.06432      0.07819
  2.62      0.16420      0.06505      0.13471
  2.64      0.26839      0.06578      0.21027
  2.66      0.34628      0.06648      0.29696
  2.68      0.46661      0.06715      0.37961
  2.70      0.57173      0.06778      0.44289
  2.72      0.58078      0.06835      0.49325
  2.74      0.58795      0.06885      0.49113
  2.76      0.60091      0.06930      0.43667
  2.78      0.45854      0.06968      0.37471
  2.80      0.30165      0.07002      0.29266
  2.82      0.27293      0.07033      0.19189
  2.84      0.17936      0.07061      0.11001
  2.86      0.09859      0.07087      0.05667
  2.88      0.05055      0.07113      0.00556
  2.90      0.03626      0.07139     -0.02748
  2.92      0.01869      0.07164     -0.04606
  2.94      0.01546      0.07190     -0.05499
  2.96      0.00694      0.07216     -0.06185
  2.98      0.00722      0.07242     -0.06524
  3.00      0.00326      0.07269     -0.06695
  3.02      0.00301      0.07295     -0.06753
  3.04      0.00822      0.07322     -0.06797
  3.06      0.00536      0.07349     -0.06722
  3.08      0.00636      0.07375     -0.06629
  3.10      0.00836      0.07402     -0.06646
  3.12      0.00903      0.07429     -0.06615
  3.14      0.00870      0.07456     -0.06638
  3.16      0.00825      0.07483     -0.06710
  3.18      0.00655      0.07510     -0.06756
  3.20      0.00612      0.07537     -0.06827
  3.22      0.00810      0.07564     -0.06930
  3.24      0.00647      0.07591     -0.06976
  3.26      0.00445      0.07619     -0.06994
  3.28      0.00564      0.07646     -0.07036
  3.30      0.00657      0.07674     -0.07060
  3.32      0.00736      0.07702     -0.06971
  3.34      0.00669      0.07730     -0.06951
  3.36      0.01026      0.07760     -0.06919
  3.38      0.00809      0.07790     -0.06932
  3.40      0.00962      0.07821     -0.06922
  3.42      0.00823      0.07854     -0.06986
  3.44      0.00875      0.07888     -0.06976
  3.46      0.00869      0.07925     -0.06864
  3.48      0.01029      0.07963     -0.06822
  3.50      0.01708      0.08003     -0.06834
  3.52      0.01223      0.08046     -0.06790
  3.54      0.01018      0.08089     -0.06658
  3.56      0.01299      0.08134     -0.06653
  3.58      0.01908      0.08180     -0.06561
  3.60      0.01960      0.08226     -0.06336
  3.62      0.01911      0.08273     -0.06185
  3.64      0.02374      0.08319     -0.06037
  3.66      0.02287      0.08366     -0.05881
  3.68      0.02879      0.08412     -0.05431
  3.70      0.02970      0.08458     -0.04857
  3.72      0.04393      0.08504     -0.03867
  3.74      0.05479      0.08549     -0.02554
  3.76      0.07464      0.08594     -0.01164
  3.78      0.09668      0.08637      0.00704
  3.80      0.10144      0.08679      0.03414
  3.82      0.13951      0.08719      0.05416
  3.84      0.19236      0.08756      0.06878
  3.86      0.17672      0.08791      0.08247
  3.88      0.17166      0.08822      0.08642
  3.90      0.17161      0.08850      0.07372
  3.92      0.16085      0.08876      0.05862
  3.94      0.13028      0.08898      0.04083
  3.96      0.10248      0.08919      0.01659
  3.98      0.08384      0.08939     -0.00667
  4.00      0.05144      0.08958     -0.02624
  4.02      0.04557      0.08977     -0.04066
  4.04      0.03337      0.08997     -0.05294
  4.06      0.03135      0.09020     -0.05990
  4.08      0.02341      0.09044     -0.06574
  4.10      0.01779      0.09071     -0.06876
  4.12      0.01756      0.09101     -0.07184
  4.14      0.01962      0.09135     -0.07461
  4.16      0.01747      0.09172     -0.07440
  4.18      0.01129      0.09212     -0.07462
  4.20      0.02067      0.09254     -0.07443
  4.22      0.01845      0.09298     -0.07436
  4.24      0.02270      0.09344     -0.07279
  4.26      0.02003      0.09390     -0.07364
  4.28      0.02142      0.09438     -0.07329
  4.30      0.01875      0.09485     -0.07402
  4.32      0.02251      0.09534     -0.07373
  4.34      0.02144      0.09582     -0.07390
  4.36      0.02393      0.09631     -0.07291
  4.38      0.02300      0.09681     -0.07160
  4.40      0.02614      0.09730     -0.07061
  4.42      0.03151      0.09779     -0.06878
  4.44      0.02882      0.09828     -0.06566
  4.46      0.03559      0.09878     -0.06331
  4.48      0.04104      0.09927     -0.05918
  4.50      0.04036      0.09976     -0.05275
  4.52      0.05461      0.10024     -0.04476
  4.54      0.06344      0.10073     -0.03774
  4.56      0.07797      0.10121     -0.02278
  4.58      0.07854      0.10168     -0.00146
  4.60      0.11755      0.10215      0.03057
  4.62      0.16359      0.10261      0.07376
  4.64      0.22594      0.10307      0.13349
  4.66      0.29622      0.10350      0.20600
  4.68      0.37946      0.10391      0.27715
  4.70      0.48225      0.10429      0.34699
  4.72      0.52145      0.10464      0.39083
  4.74      0.57702      0.10496      0.42985
  4.76      0.51719      0.10523      0.41678
  4.78      0.57615      0.10547      0.38223
  4.80      0.41825      0.10567      0.31853
  4.82      0.34990      0.10584      0.25237
  4.84      0.25950      0.10597      0.16300
  4.86      0.18724      0.10609      0.10009
  4.88      0.12997      0.10619      0.04276
  4.90      0.10430      0.10628      0.00091
  4.92      0.06376      0.10636     -0.02800
  4.94      0.05070      0.10644     -0.04793
  4.96      0.04310      0.10652     -0.06276
  4.98      0.03070      0.10659     -0.07093
  5.00      0.03050      0.10667     -0.07531
  5.02      0.02332      0.10674     -0.07985
  5.04      0.02917      0.10682     -0.08212
  5.06      0.02079      0.10691     -0.08386
  5.08      0.01973      0.10700     -0.08537
  5.10      0.02225      0.10710     -0.08741
  5.12      0.01622      0.10720     -0.08836
  5.14      0.01942      0.10733     -0.08774
  5.16      0.01661      0.10748     -0.08850
  5.18      0.02343      0.10765     -0.08864
  5.20      0.01922      0.10786     -0.08762
  5.22      0.01637      0.10812     -0.08520
  5.24      0.02559      0.10842     -0.08503
  5.26      0.02997      0.10878     -0.08186
  5.28      0.02578      0.10918     -0.07626
  5.30      0.03688      0.10963     -0.07018
  5.32      0.04637      0.11011     -0.06033
  5.34      0.05823      0.11062     -0.04368
  5.36      0.08162      0.11115     -0.02313
  5.38      0.11158      0.11168     -0.00091
  5.40      0.14226      0.11220      0.02699
  5.42      0.16017      0.11271      0.05222
  5.44      0.20036      0.11320      0.07270
  5.46      0.21026      0.11365      0.09145
  5.48      0.21644      0.11407      0.10237
  5.50      0.23824      0.11444      0.09592
  5.52      0.21689      0.11478      0.08276
  5.54      0.16996      0.11508      0.06232
  5.56      0.14616      0.11535      0.02948
  5.58      0.11575      0.11560      0.00026
  5.60      0.07537      0.11582     -0.02447
  5.62      0.07202      0.11604     -0.04699
  5.64      0.04747      0.11625     -0.06287
  5.66      0.03467      0.11646     -0.07177
  5.68      0.03742      0.11667     -0.08067
  5.70      0.03191      0.11689     -0.08430
  5.72      0.02856      0.11710     -0.08528
  5.74      0.03035      0.11732     -0.08790
  5.76      0.03088      0.11755     -0.08804
  5.78      0.02539      0.11778     -0.08712
  5.80      0.03239      0.11803     -0.08551
  5.82      0.03432      0.11828     -0.08430
  5.84      0.03959      0.11855     -0.08155
  5.86      0.03824      0.11883     -0.07924
  5.88      0.04048      0.11912     -0.07672
  5.90      0.04530      0.11943     -0.07632
  5.92      0.04841      0.11976     -0.06970
  5.94      0.04314      0.12009     -0.06295
  5.96      0.07297      0.12044     -0.04936
  5.98      0.07591      0.12079     -0.03114
  6.00      0.11498      0.12114     -0.00395
  6.02      0.14122      0.12148      0.03075
  6.04      0.18087      0.12180      0.07253
  6.06      0.24816      0.12211      0.11807
  6.08      0.28647      0.12237      0.16248
  6.10      0.34417      0.12259      0.20102
  6.12      0.36458      0.12276      0.22184
  6.14      0.37468      0.12287      0.23477
  6.16      0.35310      0.12294      0.21944
  6.18      0.35168      0.12296      0.19023
  6.20      0.26784      0.12295      0.15000
  6.22      0.21866      0.12292      0.10484
  6.24      0.17347      0.12288      0.05338
  6.26      0.12714      0.12285      0.01467
  6.28      0.09420      0.12282     -0.01957
  6.30      0.07415      0.12280     -0.04555
  6.32      0.04731      0.12279     -0.06486
  6.34      0.04349      0.12279     -0.07740
  6.36      0.03050      0.12280     -0.08807
  6.38      0.03152      0.12282     -0.09365
  6.40      0.02085      0.12284     -0.09732
  6.42      0.01949      0.12286     -0.09824
  6.44      0.02521      0.12289     -0.09870
  6.46      0.02602      0.12292     -0.09719
  6.48      0.02939      0.12296     -0.09438
  6.50      0.02854      0.12300     -0.09251
  6.52      0.03374      0.12304     -0.08837
  6.54      0.03476      0.12309     -0.08466
  6.56      0.04690      0.12314     -0.07866
  6.58      0.04821      0.12320     -0.07186
  6.60      0.05881      0.12328     -0.06218
  6.62      0.06805      0.12336     -0.05303
  6.64      0.08350      0.12347     -0.03971
  6.66      0.09308      0.12359     -0.02429
  6.68      0.11536      0.12374     -0.01042
  6.70      0.13652      0.12391     -0.00031
  6.72      0.13815      0.12412      0.00619
  6.74      0.13491      0.12437      0.00378
  6.76      0.12664      0.12465     -0.00468
  6.78      0.10450      0.12498     -0.01407
  6.80      0.09566      0.12535     -0.02739
  6.82      0.09286      0.12577     -0.04127
  6.84      0.07017      0.12622     -0.05107
  6.86      0.05929      0.12669     -0.05980
  6.88      0.05776      0.12719     -0.06871
  6.90      0.05439      0.12769     -0.07365
  6.92      0.05078      0.12821     -0.07389
  6.94      0.04798      0.12873     -0.07419
  6.96      0.06069      0.12926     -0.07280
  6.98      0.05887      0.12979     -0.06704
  7.00      0.06399      0.13032     -0.06297
  7.02      0.08223      0.13085     -0.05942
  7.04      0.07097      0.13138     -0.05096
  7.06      0.08109      0.13192     -0.04172
  7.08      0.10385      0.13247     -0.02904
  7.10      0.11288      0.13301     -0.00552
  7.12      0.14834      0.13356      0.02593
  7.14      0.19131      0.13410      0.06904
  7.16      0.24106      0.13462      0.12794
  7.18      0.32211      0.13511      0.18871
  7.20      0.41000      0.13556      0.26257
  7.22      0.45466      0.13593      0.32959
  7.24      0.56278      0.13623      0.37097
  7.26      0.57804      0.13642      0.38252
  7.28      0.53051      0.13652      0.37759
  7.30      0.46873      0.13651      0.33854
  7.32      0.43050      0.13643      0.28005
  7.34      0.36751      0.13627      0.21740
  7.36      0.28512      0.13605      0.15260
  7.38      0.21648      0.13578      0.08643
  7.40      0.14361      0.13549      0.02917
  7.42      0.09836      0.13520     -0.01532
  7.44      0.07973      0.13491     -0.05053
  7.46      0.06120      0.13464     -0.07085
  7.48      0.03904      0.13440     -0.08314
  7.50      0.04065      0.13418     -0.09190
  7.52      0.03567      0.13401     -0.09636
  7.54      0.03488      0.13386     -0.09734
  7.56      0.03797      0.13375     -0.09840
  7.58      0.03347      0.13367     -0.09712
  7.60      0.03478      0.13360     -0.09697
  7.62      0.04162      0.13356     -0.09372
  7.64      0.03533      0.13353     -0.08690
  7.66      0.05401      0.13350     -0.08077
  7.68      0.06741      0.13348     -0.07339
  7.70      0.06529      0.13346     -0.06450
  7.72      0.07841      0.13344     -0.06144
  7.74      0.07967      0.13341     -0.05822
  7.76      0.06919      0.13339     -0.05456
  7.78      0.08340      0.13337     -0.05472
  7.80      0.08350      0.13336     -0.05546
  7.82      0.07750      0.13336     -0.05696
  7.84      0.07591      0.13339     -0.06189
  7.86      0.06170      0.13343     -0.06740
  7.88      0.05884      0.13352     -0.07286
  7.90      0.05622      0.13364     -0.07773
  7.92      0.05061      0.13379     -0.08060
  7.94      0.05215      0.13398     -0.08349
  7.96      0.04814      0.13421     -0.08488
  7.98      0.04537      0.13446     -0.08398
  8.00      0.05039      0.13473     -0.08246
  8.02      0.05632      0.13502     -0.07797
  8.04      0.06115      0.13533     -0.07089
  8.06      0.07201      0.13565     -0.06222
  8.08      0.08233      0.13598     -0.04761
  8.10      0.09532      0.13632     -0.02708
  8.12      0.13100      0.13668      0.00455
  8.14      0.16553      0.13705      0.04396
  8.16      0.23196      0.13743      0.08702
  8.18      0.28127      0.13780      0.12816
  8.20      0.31250      0.13816      0.16365
  8.22      0.33856      0.13849      0.18601
  8.24      0.34477      0.13879      0.19289
  8.26      0.34542      0.13905      0.18140
  8.28      0.31714      0.13925      0.15583
  8.30      0.25633      0.13942      0.12301
  8.32      0.21175      0.13954      0.08239
  8.34      0.18151      0.13964      0.03961
  8.36      0.14295      0.13971      0.00625
  8.38      0.10370      0.13976     -0.02281
  8.40      0.08985      0.13980     -0.04715
  8.42      0.06674      0.13983     -0.06523
  8.44      0.05997      0.13985     -0.07628
  8.46      0.05271      0.13987     -0.08290
  8.48      0.04856      0.13989     -0.08422
  8.50      0.05688      0.13991     -0.08164
  8.52      0.06023      0.13993     -0.07298
  8.54      0.07300      0.13996     -0.06060
  8.56      0.09612      0.13999     -0.04715
  8.58      0.11056      0.14003     -0.02432
  8.60      0.12432      0.14008     -0.00101
  8.62      0.17457      0.14013      0.02253
  8.64      0.18977      0.14017      0.04230
  8.66      0.21405      0.14022      0.06052
  8.68      0.20963      0.14025      0.06804
  8.70      0.21566      0.14027      0.06675
  8.72      0.21234      0.14029      0.05435
  8.74      0.18345      0.14029      0.03943
  8.76      0.15210      0.14028      0.01846
  8.78      0.13505      0.14027     -0.00705
  8.80      0.11077      0.14025     -0.02784
  8.82      0.08472      0.14023     -0.04449
  8.84      0.07942      0.14020     -0.05862
  8.86      0.06875      0.14018     -0.06828
  8.88      0.06428      0.14015     -0.07382
  8.90      0.06235      0.14013     -0.07640
  8.92      0.05685      0.14011     -0.07681
  8.94      0.06642      0.14009     -0.07263
  8.96      0.06656      0.14007     -0.06514
  8.98      0.08509      0.14005     -0.04946
  9.00      0.09975      0.14003     -0.03386
  9.02      0.13514      0.14001     -0.01290
  9.04      0.14433      0.13998      0.00907
  9.06      0.17127      0.13993      0.02685
  9.08      0.19478      0.13987      0.04232
  9.10      0.18839      0.13979      0.05272
  9.12      0.21221      0.13968      0.05685
  9.14      0.19589      0.13955      0.04874
  9.16      0.19137      0.13941      0.03940
  9.18      0.15360      0.13925      0.01730
  9.20      0.14097      0.13910     -0.00388
  9.22      0.10092      0.13897     -0.02523
  9.24      0.08928      0.13887     -0.04210
  9.26      0.08393      0.13882     -0.05815
  9.28      0.06877      0.13882     -0.06626
  9.30      0.06043      0.13889     -0.07206
  9.32      0.06039      0.13903     -0.07451
  9.34      0.06067      0.13922     -0.07168
  9.36      0.07236      0.13947     -0.06325
  9.38      0.08385      0.13976     -0.05360
  9.40      0.10383      0.14008     -0.03933
  9.42      0.11010      0.14042     -0.02339
  9.44      0.13359      0.14076     -0.00143
  9.46      0.15374      0.14110      0.01654
  9.48      0.19539      0.14143      0.03456
  9.50      0.19541      0.14174      0.04708
  9.52      0.20182      0.14201      0.05179
  9.54      0.19771      0.14227      0.04915
  9.56      0.17867      0.14250      0.04192
  9.58      0.18347      0.14270      0.02760
  9.60      0.16040      0.14289      0.01021
  9.62      0.13127      0.14307     -0.00683
  9.64      0.11171      0.14324     -0.02481
  9.66      0.09436      0.14341     -0.04075
  9.68      0.09442      0.14358     -0.04804
  9.70      0.08153      0.14376     -0.04932
  9.72      0.09568      0.14393     -0.04385
  9.74      0.10617      0.14411     -0.02894
  9.76      0.12260      0.14429     -0.00065
  9.78      0.16990      0.14447      0.03410
  9.80      0.22388      0.14463      0.07896
  9.82      0.27028      0.14476      0.13043
  9.84      0.33127      0.14487      0.18301
  9.86      0.38064      0.14493      0.22716
  9.88      0.43329      0.14493      0.26361
  9.90      0.44493      0.14488      0.28150
  9.92      0.45259      0.14478      0.28102
  9.94      0.42048      0.14461      0.25823
  9.96      0.37767      0.14439      0.22300
  9.98      0.31854      0.14414      0.17313
 10.00      0.26771      0.14385      0.11998
 10.02      0.20196      0.14355      0.06702
 10.04      0.15330      0.14323      0.01924
 10.06      0.11135      0.14291     -0.02198
 10.08      0.07805      0.14259     -0.05218
 10.10      0.06001      0.14228     -0.07407
 10.12      0.04936      0.14198     -0.08833
 10.14      0.04229      0.14168     -0.09579
 10.16      0.03853      0.14140     -0.09907
 10.18      0.03927      0.14114     -0.10028
 10.20      0.04223      0.14091     -0.10108
 10.22      0.04197      0.14070     -0.10058
 10.24      0.03715      0.14053     -0.10050
 10.26      0.03997      0.14040     -0.10106
 10.28      0.03885      0.14030     -0.10020
 10.30      0.03874      0.14024     -0.09896
 10.32      0.04579      0.14022     -0.09780
 10.34      0.04306      0.14022     -0.09611
 10.36      0.04567      0.14024     -0.09311
 10.38      0.04728      0.14029     -0.09166
 10.40      0.05387      0.14034     -0.08874
 10.42      0.05328      0.14041     -0.08511
 10.44      0.05791      0.14048     -0.08019
 10.46      0.06414      0.14056     -0.07299
 10.48      0.07225      0.14064     -0.06131
 10.50      0.09030      0.14073     -0.04609
 10.52      0.11205      0.14081     -0.02626
 10.54      0.13445      0.14090      0.00005
 10.56      0.16373      0.14098      0.02918
 10.58      0.20418      0.14105      0.05761
 10.60      0.23638      0.14111      0.08738
 10.62      0.25457      0.14116      0.10615
 10.64      0.28361      0.14118      0.11205
 10.66      0.25782      0.14118      0.11577
 10.68      0.23380      0.14116      0.10453
 10.70      0.25494      0.14113      0.08116
 10.72      0.19832      0.14108      0.05765
 10.74      0.16658      0.14102      0.03120
 10.76      0.14001      0.14095     -0.00197
 10.78      0.10126      0.14089     -0.02740
 10.80      0.08877      0.14083     -0.04687
 10.82      0.07082      0.14077     -0.06328
 10.84      0.06893      0.14072     -0.07000
 10.86      0.05767      0.14067     -0.07352
 10.88      0.06739      0.14063     -0.06982
 10.90      0.07098      0.14060     -0.06561
 10.92      0.08908      0.14057     -0.05810
 10.94      0.08983      0.14054     -0.05361
 10.96      0.09507      0.14050     -0.04760
 10.98      0.08966      0.14046     -0.04434
 11.00      0.10086      0.14043     -0.04264
 11.02      0.10518      0.14039     -0.04428
 11.04      0.09817      0.14035     -0.04547
 11.06      0.08668      0.14031     -0.05018
 11.08      0.08349      0.14028     -0.05684
 11.10      0.07715      0.14027     -0.06176
 11.12      0.07173      0.14027     -0.06290
 11.14      0.07351      0.14030     -0.06139
 11.16      0.08100      0.14034     -0.05548
 11.18      0.09115      0.14041     -0.04387
 11.20      0.10693      0.14049     -0.02807
 11.22      0.13010      0.14058     -0.00981
 11.24      0.15294      0.14067      0.01345
 11.26      0.17272      0.14076      0.03963
 11.28      0.20795      0.14083      0.06248
 11.30      0.23822      0.14088      0.07988
 11.32      0.24475      0.14090      0.09331
 11.34      0.24015      0.14088      0.09319
 11.36      0.23995      0.14083      0.08279
 11.38      0.20729      0.14074      0.07227
 11.40      0.18597      0.14063      0.05333
 11.42      0.19170      0.14050      0.02853
 11.44      0.14490      0.14034      0.00758
 11.46      0.11527      0.14018     -0.01023
 11.48      0.10177      0.14001     -0.03178
 11.50      0.09610      0.13985     -0.04043
 11.52      0.08315      0.13970     -0.04219
 11.54      0.10081      0.13955     -0.03872
 11.56      0.10569      0.13942     -0.02899
 11.58      0.11844      0.13929     -0.01292
 11.60      0.14406      0.13917     -0.00097
 11.62      0.16288      0.13906      0.01154
 11.64      0.15995      0.13894      0.02266
 11.66      0.16767      0.13881      0.02437
 11.68      0.17340      0.13868      0.02185
 11.70      0.15201      0.13855      0.01784
 11.72      0.14963      0.13842      0.00980
 11.74      0.13925      0.13830     -0.00077
 11.76      0.12683      0.13817     -0.00848
 11.78      0.11989      0.13806     -0.01374
 11.80      0.11287      0.13795     -0.01671
 11.82      0.12275      0.13786     -0.01334
 11.84      0.12385      0.13778     -0.00238
 11.86      0.14322      0.13771      0.01315
 11.88      0.17432      0.13767      0.03773
 11.90      0.19019      0.13763      0.06518
 11.92      0.24539      0.13762      0.09443
 11.94      0.26094      0.13761      0.11902
 11.96      0.28940      0.13760      0.13742
 11.98      0.29724      0.13759      0.14331
 12.00      0.28212      0.13757      0.13832
 12.02      0.27481      0.13753      0.12280
 12.04      0.23588      0.13748      0.09894
 12.06      0.21160      0.13741      0.07454
 12.08      0.17766      0.13733      0.04614
 12.10      0.15978      0.13723      0.02138
 12.12      0.13242      0.13712     -0.00093
 12.14      0.11157      0.13700     -0.01817
 12.16      0.09953      0.13688     -0.03089
 12.18      0.09084      0.13675     -0.03457
 12.20      0.09557      0.13663     -0.03237
 12.22      0.11340      0.13651     -0.02893
 12.24      0.12198      0.13639     -0.02352
 12.26      0.11611      0.13628     -0.02068
 12.28      0.11729      0.13617     -0.01922
 12.30      0.10923      0.13607     -0.02122
 12.32      0.12015      0.13597     -0.02379
 12.34      0.11144      0.13587     -0.02736
 12.36      0.10276      0.13577     -0.03155
 12.38      0.09897      0.13567     -0.03868
 12.40      0.08780      0.13557     -0.03914
 12.42      0.08398      0.13547     -0.04176
 12.44      0.10863      0.13537     -0.03947
 12.46      0.08919      0.13527     -0.03433
 12.48      0.10992      0.13517     -0.02274
 12.50      0.11297      0.13507     -0.01252
 12.52      0.14142      0.13496      0.00408
 12.54      0.15924      0.13485      0.01864
 12.56      0.17167      0.13473      0.03452
 12.58      0.18214      0.13461      0.04447
 12.60      0.19182      0.13448      0.04643
 12.62      0.19052      0.13434      0.04301
 12.64      0.16837      0.13419      0.03517
 12.66      0.15388      0.13405      0.01960
 12.68      0.14223      0.13392      0.00176
 12.70      0.11324      0.13378     -0.01420
 12.72      0.10063      0.13366     -0.02747
 12.74      0.08793      0.13355     -0.04016
 12.76      0.08691      0.13346     -0.04513
 12.78      0.07824      0.13336     -0.04621
 12.80      0.08793      0.13328     -0.04520
 12.82      0.09473      0.13319     -0.04311
 12.84      0.09255      0.13310     -0.03753
 12.86      0.09697      0.13301     -0.03285
 12.88      0.10571      0.13291     -0.02843
 12.90      0.11083      0.13280     -0.02636
 12.92      0.11636      0.13269     -0.02505
 12.94      0.10233      0.13256     -0.02467
 12.96      0.10296      0.13242     -0.02671
 12.98      0.10694      0.13228     -0.02902
 13.00      0.09997      0.13213     -0.02929
 13.02      0.10409      0.13198     -0.02943
 13.04      0.10026      0.13182     -0.02816
 13.06      0.10148      0.13166     -0.02096
 13.08      0.11250      0.13149     -0.01433
 13.10      0.13516      0.13132     -0.00399
 13.12      0.13638      0.13113      0.00748
 13.14      0.15111      0.13093      0.02024
 13.16      0.15792      0.13072      0.02728
 13.18      0.17528      0.13049      0.02916
 13.20      0.16928      0.13025      0.02697
 13.22      0.14467      0.12999      0.02263
 13.24      0.13893      0.12973      0.01159
 13.26      0.13494      0.12948     -0.00409
 13.28      0.11880      0.12923     -0.01654
 13.30      0.08961      0.12899     -0.02853
 13.32      0.08114      0.12877     -0.04035
 13.34      0.07781      0.12857     -0.04879
 13.36      0.07473      0.12840     -0.05272
 13.38      0.07564      0.12826     -0.05409
 13.40      0.06913      0.12813     -0.05389
 13.42      0.07356      0.12803     -0.05440
 13.44      0.07816      0.12794     -0.05280
 13.46      0.07166      0.12786     -0.05207
 13.48      0.08316      0.12779     -0.05010
 13.50      0.07238      0.12772     -0.04877
 13.52      0.08308      0.12765     -0.04467
 13.54      0.08447      0.12759     -0.04208
 13.56      0.09184      0.12752     -0.03330
 13.58      0.09576      0.12746     -0.02425
 13.60      0.11597      0.12739     -0.01476
 13.62      0.12802      0.12732      0.00038
 13.64      0.13156      0.12725      0.01732
 13.66      0.16718      0.12718      0.03780
 13.68      0.18014      0.12710      0.05691
 13.70      0.21801      0.12701      0.07786
 13.72      0.22317      0.12691      0.09256
 13.74      0.23584      0.12680      0.09938
 13.76      0.24021      0.12667      0.09852
 13.78      0.21365      0.12652      0.09171
 13.80      0.21305      0.12636      0.07676
 13.82      0.18840      0.12619      0.05631
 13.84      0.16030      0.12600      0.03925
 13.86      0.13709      0.12581      0.02197
 13.88      0.12741      0.12562      0.00568
 13.90      0.12571      0.12542     -0.00496
 13.92      0.10597      0.12523     -0.01167
 13.94      0.10616      0.12505     -0.01405
 13.96      0.10258      0.12489     -0.01773
 13.98      0.11462      0.12474     -0.01679
 14.00      0.10645      0.12461     -0.01637
 14.02      0.10995      0.12450     -0.01488
 14.04      0.10762      0.12440     -0.01703
 14.06      0.10943      0.12432     -0.01576
 14.08      0.10338      0.12425     -0.01422
 14.10      0.11243      0.12420     -0.01267
 14.12      0.11730      0.12414     -0.01013
 14.14      0.11509      0.12409     -0.00154
 14.16      0.12185      0.12404      0.00939
 14.18      0.14606      0.12398      0.02343
 14.20      0.16682      0.12392      0.04254
 14.22      0.18723      0.12384      0.06615
 14.24      0.21033      0.12374      0.08475
 14.26      0.23952      0.12363      0.09825
 14.28      0.23858      0.12349      0.10617
 14.30      0.23374      0.12333      0.10653
 14.32      0.22614      0.12314      0.09485
 14.34      0.21134      0.12293      0.07921
 14.36      0.18018      0.12270      0.06212
 14.38      0.15932      0.12245      0.04362
 14.40      0.14714      0.12219      0.02588
 14.42      0.13241      0.12193      0.01540
 14.44      0.12134      0.12165      0.00861
 14.46      0.12641      0.12136      0.00624
 14.48      0.12397      0.12108      0.00606
 14.50      0.13387      0.12078      0.01338
 14.52      0.13007      0.12048      0.01517
 14.54      0.15647      0.12017      0.01727
 14.56      0.13386      0.11986      0.01375
 14.58      0.13293      0.11955      0.01005
 14.60      0.11475      0.11924     -0.00018
 14.62      0.11002      0.11894     -0.00714
 14.64      0.10377      0.11865     -0.01535
 14.66      0.09753      0.11837     -0.02249
 14.68      0.09040      0.11810     -0.02821
 14.70      0.07766      0.11784     -0.03239
 14.72      0.08007      0.11760     -0.03635
 14.74      0.08162      0.11737     -0.03830
 14.76      0.07650      0.11714     -0.03708
 14.78      0.07949      0.11693     -0.03863
 14.80      0.08263      0.11672     -0.03987
 14.82      0.07127      0.11651     -0.04190
 14.84      0.07435      0.11631     -0.04559
 14.86      0.06533      0.11611     -0.04799
 14.88      0.06003      0.11592     -0.05152
 14.90      0.06961      0.11573     -0.05560
 14.92      0.05265      0.11555     -0.05813
 14.94      0.05303      0.11538     -0.05912
 14.96      0.05180      0.11521     -0.06322
 14.98      0.05421      0.11505     -0.06380
 15.00      0.04826      0.11490     -0.06366
 15.02      0.04899      0.11475     -0.06304
 15.04      0.05292      0.11461     -0.06179
 15.06      0.05418      0.11448     -0.05907
 15.08      0.05979      0.11435     -0.05542
 15.10      0.06115      0.11423     -0.05131
 15.12      0.06660      0.11411     -0.04536
 15.14      0.07285      0.11400     -0.03707
 15.16      0.08334      0.11390     -0.02708
 15.18      0.10073      0.11380     -0.01676
 15.20      0.11056      0.11371      0.00011
 15.22      0.11773      0.11361      0.01400
 15.24      0.15673      0.11352      0.03043
 15.26      0.15230      0.11342      0.04467
 15.28      0.18243      0.11331      0.05972
 15.30      0.18129      0.11319      0.06228
 15.32      0.19244      0.11304      0.06564
 15.34      0.16889      0.11288      0.05760
 15.36      0.16839      0.11269      0.04839
 15.38      0.14140      0.11249      0.03349
 15.40      0.13428      0.11227      0.02171
 15.42      0.11695      0.11204      0.00591
 15.44      0.10886      0.11180     -0.00629
 15.46      0.08828      0.11155     -0.01637
 15.48      0.07918      0.11130     -0.02373
 15.50      0.08262      0.11105     -0.03074
 15.52      0.07890      0.11080     -0.03193
 15.54      0.07256      0.11054     -0.03171
 15.56      0.08106      0.11029     -0.03286
 15.58      0.07905      0.11004     -0.03259
 15.60      0.07558      0.10979     -0.02902
 15.62      0.07899      0.10954     -0.02733
 15.64      0.08920      0.10930     -0.02133
 15.66      0.08826      0.10906     -0.01138
 15.68      0.10781      0.10882     -0.00187
 15.70      0.12411      0.10859      0.01184
 15.72      0.12538      0.10836      0.02411
 15.74      0.15660      0.10813      0.03569
 15.76      0.14847      0.10791      0.04551
 15.78      0.16458      0.10769      0.05326
 15.80      0.17209      0.10746      0.05057
 15.82      0.16298      0.10724      0.05128
 15.84      0.14202      0.10701      0.04374
 15.86      0.15093      0.10678      0.03339
 15.88      0.12573      0.10655      0.02484
 15.90      0.11919      0.10632      0.01872
 15.92      0.11908      0.10608      0.01240
 15.94      0.11024      0.10584      0.01009
 15.96      0.11814      0.10561      0.00823
 15.98      0.11298      0.10537      0.00718
 16.00      0.10873      0.10513      0.00689
 16.02      0.11261      0.10489      0.00458
 16.04      0.10759      0.10465      0.00323
 16.06      0.10541      0.10441      0.00069
 16.08      0.10503      0.10417     -0.00360
 16.10      0.09486      0.10394     -0.00563
 16.12      0.08998      0.10370     -0.00822
 16.14      0.09623      0.10346     -0.01030
 16.16      0.09127      0.10323     -0.00761
 16.18      0.09350      0.10299     -0.00518
 16.20      0.10712      0.10276     -0.00214
 16.22      0.10095      0.10253      0.00258
 16.24      0.11027      0.10230      0.00556
 16.26      0.11370      0.10208      0.00651
 16.28      0.10726      0.10186      0.00684
 16.30      0.11076      0.10165      0.00463
 16.32      0.10154      0.10145      0.00184
 16.34      0.09818      0.10127     -0.00088
 16.36      0.09872      0.10109     -0.00437
 16.38      0.09273      0.10092     -0.00719
 16.40      0.09241      0.10077     -0.00832
 16.42      0.08660      0.10062     -0.00878
 16.44      0.09179      0.10047     -0.00731
 16.46      0.09564      0.10033     -0.00578
 16.48      0.09938      0.10020     -0.00479
 16.50      0.09937      0.10006     -0.00422
 16.52      0.09084      0.09993     -0.00138
 16.54      0.09396      0.09980      0.00051
 16.56      0.10921      0.09967      0.00283
 16.58      0.10813      0.09954      0.01000
 16.60      0.11033      0.09940      0.01835
 16.62      0.12607      0.09927      0.02455
 16.64      0.13504      0.09913      0.03323
 16.66      0.13950      0.09897      0.04186
 16.68      0.15082      0.09881      0.04689
 16.70      0.15272      0.09863      0.05058
 16.72      0.15040      0.09843      0.05397
 16.74      0.15257      0.09822      0.05317
 16.76      0.15550      0.09800      0.04710
 16.78      0.14577      0.09776      0.04075
 16.80      0.12124      0.09750      0.03246
 16.82      0.11744      0.09724      0.01963
 16.84      0.10988      0.09697      0.00980
 16.86      0.09004      0.09670      0.00225
 16.88      0.09528      0.09642     -0.00386
 16.90      0.08208      0.09614     -0.01094
 16.92      0.08550      0.09585     -0.01468
 16.94      0.07310      0.09556     -0.01970
 16.96      0.06992      0.09528     -0.02392
 16.98      0.06875      0.09498     -0.02715
 17.00      0.05953      0.09469     -0.02916
 17.02      0.06788      0.09440     -0.02978
 17.04      0.06155      0.09410     -0.03022
 17.06      0.06539      0.09381     -0.02668
 17.08      0.06504      0.09351     -0.02633
 17.10      0.07577      0.09321     -0.02316
 17.12      0.06811      0.09291     -0.02134
 17.14      0.07592      0.09261     -0.01846
 17.16      0.07300      0.09231     -0.01847
 17.18      0.07793      0.09201     -0.01675
 17.20      0.07424      0.09171     -0.01661
 17.22      0.07521      0.09141     -0.01741
 17.24      0.07510      0.09111     -0.01917
 17.26      0.06751      0.09082     -0.02057
 17.28      0.06765      0.09054     -0.02285
 17.30      0.06583      0.09027     -0.02514
 17.32      0.06238      0.09001     -0.02546
 17.34      0.06231      0.08976     -0.02571
 17.36      0.06458      0.08953     -0.02542
 17.38      0.06516      0.08930     -0.02409
 17.40      0.06611      0.08908     -0.02314
 17.42      0.06790      0.08887     -0.02257
 17.44      0.06594      0.08866     -0.02183
 17.46      0.06636      0.08845     -0.01931
 17.48      0.06782      0.08825     -0.01707
 17.50      0.07773      0.08805     -0.01637
 17.52      0.07804      0.08785     -0.01323
 17.54      0.06845      0.08764     -0.01195
 17.56      0.08105      0.08743     -0.00875
 17.58      0.07315      0.08722     -0.00776
 17.60      0.09269      0.08700     -0.00515
 17.62      0.08194      0.08679     -0.00380
 17.64      0.08042      0.08656     -0.00223
 17.66      0.08671      0.08634     -0.00202
 17.68      0.07988      0.08611     -0.00082
 17.70      0.09264      0.08588      0.00048
 17.72      0.08680      0.08565      0.00055
 17.74      0.08577      0.08542      0.00325
 17.76      0.08592      0.08519      0.00350
 17.78      0.09222      0.08497      0.00544
 17.80      0.09274      0.08475      0.00626
 17.82      0.09537      0.08453      0.00838
 17.84      0.08879      0.08431      0.00821
 17.86      0.09544      0.08410      0.00894
 17.88      0.09027      0.08390      0.00875
 17.90      0.09534      0.08369      0.01321
 17.92      0.09340      0.08349      0.01638
 17.94      0.11009      0.08328      0.02125
 17.96      0.11024      0.08307      0.02519
 17.98      0.11356      0.08285      0.02983
 18.00      0.11400      0.08263      0.03154
 18.02      0.11552      0.08241      0.03200
 18.04      0.11757      0.08218      0.03051
 18.06      0.11140      0.08194      0.02648
 18.08      0.10494      0.08170      0.02220
 18.10      0.09267      0.08145      0.01773
 18.12      0.09289      0.08120      0.01150
 18.14      0.09401      0.08095      0.00768
 18.16      0.07898      0.08069      0.00476
 18.18      0.08460      0.08044      0.00245
 18.20      0.07677      0.08018     -0.00076
 18.22      0.08009      0.07992     -0.00210
 18.24      0.07668      0.07966     -0.00562
 18.26      0.07098      0.07941     -0.00604
 18.28      0.06572      0.07915     -0.00621
 18.30      0.07336      0.07890     -0.00447
 18.32      0.07797      0.07866     -0.00092
 18.34      0.08414      0.07841      0.00490
 18.36      0.08752      0.07816      0.00951
 18.38      0.09359      0.07792      0.01439
 18.40      0.09515      0.07767      0.01749
 18.42      0.10117      0.07742      0.01878
 18.44      0.09837      0.07716      0.01859
 18.46      0.09272      0.07690      0.01747
 18.48      0.09132      0.07663      0.01368
 18.50      0.08824      0.07636      0.00996
 18.52      0.08090      0.07609      0.00585
 18.54      0.07845      0.07582      0.00082
 18.56      0.07078      0.07554     -0.00421
 18.58      0.06483      0.07527     -0.00820
 18.60      0.06174      0.07499     -0.01321
 18.62      0.05953      0.07473     -0.01639
 18.64      0.05205      0.07446     -0.01826
 18.66      0.05352      0.07420     -0.01847
 18.68      0.05417      0.07395     -0.01701
 18.70      0.05939      0.07371     -0.01378
 18.72      0.06559      0.07347     -0.01083
 18.74      0.06696      0.07325     -0.00702
 18.76      0.06709      0.07303     -0.00205
 18.78      0.07213      0.07281      0.00173
 18.80      0.08310      0.07260      0.00358
 18.82      0.08343      0.07240      0.00651
 18.84      0.07515      0.07219      0.00764
 18.86      0.08076      0.07199      0.00779
 18.88      0.07673      0.07179      0.00661
 18.90      0.08283      0.07158      0.00622
 18.92      0.07654      0.07137      0.00557
 18.94      0.07214      0.07116      0.00404
 18.96      0.07650      0.07095      0.00110
 18.98      0.06801      0.07074     -0.00100
 19.00      0.06708      0.07052     -0.00199
 19.02      0.06496      0.07030     -0.00367
 19.04      0.06609      0.07008     -0.00355
 19.06      0.06703      0.06986     -0.00273
 19.08      0.06749      0.06963     -0.00195
 19.10      0.07006      0.06940     -0.00098
 19.12      0.06770      0.06917      0.00066
 19.14      0.06983      0.06894      0.00300
 19.16      0.07406      0.06870      0.00480
 19.18      0.07805      0.06846      0.00673
 19.20      0.07787      0.06822      0.00970
 19.22      0.07617      0.06798      0.00892
 19.24      0.08344      0.06773      0.00805
 19.26      0.06894      0.06747      0.00735
 19.28      0.07249      0.06722      0.00552
 19.30      0.07310      0.06696      0.00043
 19.32      0.06574      0.06670     -0.00079
 19.34      0.05670      0.06643     -0.00406
 19.36      0.06151      0.06617     -0.00818
 19.38      0.05482      0.06590     -0.01042
 19.40      0.05116      0.06563     -0.01105
 19.42      0.05322      0.06536     -0.01389
 19.44      0.05222      0.06510     -0.01482
 19.46      0.04597      0.06483     -0.01477
 19.48      0.04884      0.06456     -0.01532
 19.50      0.05005      0.06430     -0.01625
 19.52      0.04916      0.06404     -0.01534
 19.54      0.04624      0.06377     -0.01502
 19.56      0.04918      0.06351     -0.01434
 19.58      0.04915      0.06326     -0.01379
 19.60      0.05216      0.06300     -0.01218
 19.62      0.05059      0.06274     -0.01146
 19.64      0.05301      0.06249     -0.00853
 19.66      0.05148      0.06223     -0.00730
 19.68      0.06253      0.06198     -0.00619
 19.70      0.05707      0.06173     -0.00494
 19.72      0.05486      0.06148     -0.00278
 19.74      0.05799      0.06123     -0.00346
 19.76      0.06103      0.06098     -0.00202
 19.78      0.05789      0.06073      0.00006
 19.80      0.06302      0.06048     -0.00007
 19.82      0.06403      0.06023      0.00021
 19.84      0.05610      0.05998      0.00234
 19.86      0.06117      0.05974      0.00148
 19.88      0.06732      0.05949      0.00104
 19.90      0.05747      0.05925      0.00156
 19.92      0.06062      0.05900      0.00110
 19.94      0.05744      0.05876     -0.00018
 19.96      0.05767      0.05851      0.00152
 19.98      0.05971      0.05827      0.00236
 20.00      0.06473      0.05803      0.00366
 20.02      0.06358      0.05779      0.00343
 20.04      0.06276      0.05756      0.00302
 20.06      0.05534      0.05732      0.00307
 20.08      0.05648      0.05709      0.00270
 20.10      0.06382      0.05687      0.00304
 20.12      0.06057      0.05664      0.00312
 20.14      0.06331      0.05642      0.00405
 20.16      0.05463      0.05619      0.00312
 20.18      0.06000      0.05597      0.00226
 20.20      0.05803      0.05574      0.00162
 20.22      0.05518      0.05552      0.00377
 20.24      0.05896      0.05529      0.00383
 20.26      0.06424      0.05507      0.00413
 20.28      0.05920      0.05484      0.00647
 20.30      0.05842      0.05462      0.00819
 20.32      0.06575      0.05439      0.00976
 20.34      0.06643      0.05416      0.01145
 20.36      0.07093      0.05393      0.01169
 20.38      0.06652      0.05369      0.01299
 20.40      0.05842      0.05346      0.01177
 20.42      0.07109      0.05322      0.00845
 20.44      0.05917      0.05299      0.00630
 20.46      0.05315      0.05275      0.00536
 20.48      0.05459      0.05252      0.00076
 20.50      0.05259      0.05229     -0.00065
 20.52      0.04690      0.05206     -0.00128
 20.54      0.05099      0.05184     -0.00325
 20.56      0.04886      0.05161     -0.00385
 20.58      0.04359      0.05139     -0.00306
 20.60      0.04847      0.05117     -0.00329
 20.62      0.04974      0.05094     -0.00264
 20.64      0.04872      0.05072     -0.00137
 20.66      0.05097      0.05049     -0.00035
 20.68      0.04884      0.05027      0.00055
 20.70      0.05243      0.05004      0.00075
 20.72      0.05312      0.04981      0.00121
 20.74      0.04857      0.04957      0.00162
 20.76      0.05212      0.04934      0.00146
 20.78      0.04972      0.04911      0.00116
 20.80      0.05050      0.04887      0.00111
 20.82      0.05044      0.04864      0.00062
 20.84      0.04712      0.04841      0.00089
 20.86      0.04853      0.04817      0.00054
 20.88      0.04989      0.04794      0.00009
 20.90      0.04757      0.04771     -0.00031
 20.92      0.04705      0.04748     -0.00013
 20.94      0.04399      0.04726     -0.00159
 20.96      0.04827      0.04703     -0.00166
 20.98      0.04143      0.04680     -0.00224
 21.00      0.04609      0.04658     -0.00224
 21.02      0.04305      0.04635     -0.00222
 21.04      0.04284      0.04613     -0.00194
 21.06      0.04728      0.04591     -0.00238
 21.08      0.04167      0.04568     -0.00210
 21.10      0.04280      0.04546     -0.00095
 21.12      0.04330      0.04523     -0.00117
 21.14      0.04748      0.04501     -0.00015
 21.16      0.04507      0.04479      0.00047
 21.18      0.04566      0.04457      0.00123
 21.20      0.04475      0.04434      0.00081
 21.22      0.04601      0.04412      0.00078
 21.24      0.04427      0.04390      0.00073
 21.26      0.04382      0.04368     -0.00002
 21.28      0.04429      0.04346     -0.00018
 21.30      0.03993      0.04325     -0.00055
 21.32      0.04412      0.04303     -0.00120
 21.34      0.04131      0.04282     -0.00093
 21.36      0.03949      0.04260     -0.00069
 21.38      0.04457      0.04239     -0.00152
 21.40      0.04007      0.04217     -0.00113
 21.42      0.03889      0.04196     -0.00015
 21.44      0.04221      0.04174     -0.00078
 21.46      0.04331      0.04153     -0.00050
 21.48      0.04036      0.04131     -0.00037
 21.50      0.04037      0.04109     -0.00083
 21.52      0.03847      0.04087     -0.00173
 21.54      0.03879      0.04065     -0.00281
 21.56      0.03770      0.04043     -0.00363
 21.58      0.03386      0.04021     -0.00370
 21.60      0.03517      0.03999     -0.00399
 21.62      0.03705      0.03977     -0.00504
 21.64      0.03622      0.03955     -0.00432
 21.66      0.03133      0.03932     -0.00344
 21.68      0.03638      0.03910     -0.00290
 21.70      0.03844      0.03888     -0.00245
 21.72      0.03866      0.03867     -0.00074
 21.74      0.03738      0.03845     -0.00032
 21.76      0.03880      0.03823     -0.00049
 21.78      0.03734      0.03801     -0.00045
 21.80      0.03652      0.03779     -0.00007
 21.82      0.03776      0.03757     -0.00102
 21.84      0.03816      0.03736     -0.00099
 21.86      0.03297      0.03714     -0.00164
 21.88      0.03643      0.03692     -0.00283
 21.90      0.03217      0.03671     -0.00434
 21.92      0.03075      0.03649     -0.00406
 21.94      0.02953      0.03628     -0.00442
 21.96      0.03328      0.03607     -0.00494
 21.98      0.03358      0.03586     -0.00420
 22.00      0.02853      0.03565     -0.00343
 22.02      0.03336      0.03544     -0.00338
 22.04      0.03232      0.03523     -0.00338
 22.06      0.03249      0.03502     -0.00195
 22.08      0.03256      0.03482     -0.00177
 22.10      0.03462      0.03461     -0.00164
 22.12      0.03325      0.03441     -0.00110
 22.14      0.03192      0.03421     -0.00073
 22.16      0.03418      0.03400     -0.00124
 22.18      0.03342      0.03380     -0.00093
 22.20      0.03103      0.03360      0.00008
 22.22      0.03383      0.03340      0.00028
 22.24      0.03596      0.03320      0.00094
 22.26      0.03416      0.03300      0.00232
 22.28      0.03569      0.03280      0.00296
 22.30      0.03697      0.03260      0.00340
 22.32      0.03605      0.03241      0.00400
 22.34      0.03714      0.03221      0.00429
 22.36      0.03620      0.03201      0.00405
 22.38      0.03612      0.03182      0.00452
 22.40      0.03481      0.03162      0.00408
 22.42      0.03741      0.03143      0.00330
 22.44      0.03395      0.03123      0.00279
 22.46      0.03134      0.03104      0.00245
 22.48      0.03262      0.03085      0.00141
 22.50      0.03214      0.03066      0.00065
 22.52      0.03126      0.03048      0.00073
 22.54      0.02920      0.03029      0.00109
 22.56      0.03081      0.03010      0.00056
 22.58      0.03348      0.02991      0.00002
 22.60      0.02854      0.02973      0.00021
 22.62      0.02763      0.02954     -0.00032
 22.64      0.02924      0.02936     -0.00107
 22.66      0.02724      0.02917     -0.00120
 22.68      0.02879      0.02899     -0.00112
 22.70      0.02696      0.02880     -0.00147
 22.72      0.02709      0.02862     -0.00119
 22.74      0.02660      0.02844     -0.00090
 22.76      0.02770      0.02826     -0.00062
 22.78      0.02935      0.02808     -0.00026
 22.80      0.02744      0.02790      0.00062
 22.82      0.02802      0.02772      0.00138
 22.84      0.03007      0.02754      0.00073
 22.86      0.03062      0.02736      0.00111
 22.88      0.02523      0.02719      0.00081
 22.90      0.02844      0.02701      0.00001
 22.92      0.02565      0.02683     -0.00031
 22.94      0.02517      0.02666     -0.00002
 22.96      0.02813      0.02649     -0.00046
 22.98      0.02584      0.02631     -0.00060
 23.00      0.02533      0.02614     -0.00087
 23.02      0.02408      0.02596     -0.00165
 23.04      0.02297      0.02579     -0.00172
 23.06      0.02337      0.02562     -0.00189
 23.08      0.02464      0.02545     -0.00210
 23.10      0.02359      0.02528     -0.00269
 23.12      0.02219      0.02511     -0.00278
 23.14      0.01920      0.02494     -0.00335
 23.16      0.02205      0.02478     -0.00328
 23.18      0.02093      0.02461     -0.00290
 23.20      0.02314      0.02445     -0.00184
 23.22      0.02323      0.02428     -0.00165
 23.24      0.02367      0.02412     -0.00066
 23.26      0.02219      0.02396     -0.00037
 23.28      0.02506      0.02380     -0.00020
 23.30      0.02381      0.02364     -0.00030
 23.32      0.02328      0.02348     -0.00018
 23.34      0.02237      0.02332     -0.00058
 23.36      0.02199      0.02316     -0.00032
 23.38      0.02227      0.02300     -0.00024
 23.40      0.02428      0.02285      0.00016
 23.42      0.02293      0.02269      0.00047
 23.44      0.02359      0.02253      0.00095
 23.46      0.02272      0.02237      0.00068
 23.48      0.02391      0.02222      0.00018
 23.50      0.02215      0.02206      0.00022
 23.52      0.01961      0.02191     -0.00018
 23.54      0.02301      0.02175     -0.00000
 23.56      0.01997      0.02160      0.00012
 23.58      0.02400      0.02144      0.00039
 23.60      0.02200      0.02129      0.00016
 23.62      0.02016      0.02113      0.00084
 23.64      0.02112      0.02098      0.00068
 23.66      0.02258      0.02082      0.00057
 23.68      0.02240      0.02066      0.00083
 23.70      0.02068      0.02051      0.00098
 23.72      0.02067      0.02035      0.00103
 23.74      0.02112      0.02020      0.00104
 23.76      0.02202      0.02004      0.00065
 23.78      0.02168      0.01989      0.00071
 23.80      0.01797      0.01973      0.00050
 23.82      0.02020      0.01958     -0.00032
 23.84      0.01928      0.01942     -0.00156
 23.86      0.01716      0.01927     -0.00193
 23.88      0.01472      0.01912     -0.00254
 23.90      0.01536      0.01896     -0.00341
 23.92      0.01635      0.01881     -0.00384
 23.94      0.01418      0.01866     -0.00387
 23.96      0.01423      0.01851     -0.00418
 23.98      0.01385      0.01836     -0.00440
 24.00      0.01306      0.01821     -0.00392
 24.02      0.01449      0.01807     -0.00400
 24.04      0.01587      0.01792     -0.00394
 24.06      0.01309      0.01778     -0.00345
 24.08      0.01339      0.01763     -0.00334
 24.10      0.01478      0.01749     -0.00356
 24.12      0.01435      0.01734     -0.00313
 24.14      0.01403      0.01720     -0.00271
 24.16      0.01452      0.01706     -0.00260
 24.18      0.01476      0.01692     -0.00233
 24.20      0.01463      0.01678     -0.00240
 24.22      0.01504      0.01664     -0.00168
 24.24      0.01296      0.01651     -0.00118
 24.26      0.01742      0.01637     -0.00111
 24.28      0.01659      0.01623     -0.00079
 24.30      0.01429      0.01610     -0.00008
 24.32      0.01595      0.01596     -0.00032
 24.34      0.01584      0.01583      0.00005
 24.36      0.01553      0.01570      0.00047
 24.38      0.01781      0.01557      0.00094
 24.40      0.01573      0.01543      0.00130
 24.42      0.01762      0.01530      0.00206
 24.44      0.01698      0.01517      0.00199
 24.46      0.01870      0.01504      0.00265
 24.48      0.01681      0.01491      0.00266
 24.50      0.01838      0.01479      0.00269
 24.52      0.01699      0.01466      0.00214
 24.54      0.01647      0.01453      0.00195
 24.56      0.01531      0.01440      0.00177
 24.58      0.01525      0.01427      0.00171
 24.60      0.01682      0.01414      0.00167
 24.62      0.01604      0.01401      0.00195
 24.64      0.01565      0.01389      0.00203
 24.66      0.01609      0.01376      0.00155
 24.68      0.01501      0.01363      0.00102
 24.70      0.01376      0.01350      0.00081
 24.72      0.01276      0.01338     -0.00014
 24.74      0.01394      0.01325     -0.00034
 24.76      0.01071      0.01312     -0.00041
 24.78      0.01336      0.01300     -0.00021
 24.80      0.01280      0.01287     -0.00036
 24.82      0.01311      0.01275      0.00061
 24.84      0.01258      0.01263      0.00048
 24.86      0.01493      0.01250      0.00032
 24.88      0.01210      0.01238      0.00011
 24.90      0.01142      0.01226      0.00041
 24.92      0.01143      0.01214     -0.00007
 24.94      0.01348      0.01202      0.00017
 24.96      0.01190      0.01190      0.00028
 24.98      0.01269      0.01178      0.00042
 25.00      0.01139      0.01166      0.00033
 25.02      0.01152      0.01154      0.00020
 25.04      0.01243      0.01142      0.00030
 25.06      0.01067      0.01131      0.00027
 25.08      0.01261      0.01119      0.00051
 25.10      0.01065      0.01107      0.00025
 25.12      0.01211      0.01096      0.00030
 25.14      0.01055      0.01084      0.00006
 25.16      0.01037      0.01072      0.00018
 25.18      0.01085      0.01061     -0.00015
 25.20      0.01065      0.01049     -0.00010
 25.22      0.00989      0.01038     -0.00008
 25.24      0.01021      0.01026     -0.00028
 25.26      0.00988      0.01015     -0.00042
 25.28      0.00930      0.01004     -0.00051
 25.30      0.00936      0.00992     -0.00057
 25.32      0.00889      0.00981     -0.00059
 25.34      0.00935      0.00970     -0.00045
 25.36      0.00922      0.00959     -0.00047
 25.38      0.00941      0.00948     -0.00047
 25.40      0.00874      0.00937     -0.00068
 25.42      0.00833      0.00927     -0.00095
 25.44      0.00776      0.00916     -0.00134
 25.46      0.00733      0.00905     -0.00140
 25.48      0.00694      0.00895     -0.00131
 25.50      0.00790      0.00884     -0.00140
 25.52      0.00825      0.00874     -0.00140
 25.54      0.00681      0.00864     -0.00126
 25.56      0.00678      0.00854     -0.00138
 25.58      0.00714      0.00844     -0.00162
 25.60      0.00681      0.00834     -0.00172
 25.62      0.00657      0.00824     -0.00167
 25.64      0.00581      0.00814     -0.00166
 25.66      0.00653      0.00805     -0.00170
 25.68      0.00670      0.00795     -0.00160
 25.70      0.00613      0.00786     -0.00136
 25.72      0.00659      0.00777     -0.00138
 25.74      0.00654      0.00768     -0.00138
 25.76      0.00599      0.00759     -0.00147
 25.78      0.00623      0.00750     -0.00155
 25.80      0.00524      0.00741     -0.00163
 25.82      0.00575      0.00732     -0.00158
 25.84      0.00570      0.00723     -0.00164
 25.86      0.00581      0.00715     -0.00145
 25.88      0.00548      0.00706     -0.00145
 25.90      0.00577      0.00698     -0.00140
 25.92      0.00533      0.00690     -0.00151
 25.94      0.00552      0.00682     -0.00145
 25.96      0.00486      0.00673     -0.00139
 25.98      0.00536      0.00665     -0.00140
 26.00      0.00565      0.00657     -0.00130
 26.02      0.00487      0.00649     -0.00124
 26.04      0.00564      0.00641     -0.00118
 26.06      0.00475      0.00633     -0.00139
 26.08      0.00526      0.00625     -0.00119
 26.10      0.00422      0.00618     -0.00127
 26.12      0.00544      0.00610     -0.00126
 26.14      0.00485      0.00602     -0.00129
 26.16      0.00442      0.00594     -0.00110
 26.18      0.00474      0.00587     -0.00124
 26.20      0.00476      0.00579     -0.00132
 26.22      0.00436      0.00572     -0.00132
 26.24      0.00409      0.00564     -0.00134
 26.26      0.00406      0.00557     -0.00131
 26.28      0.00424      0.00550     -0.00128
 26.30      0.00456      0.00543     -0.00123
 26.32      0.00415      0.00536     -0.00119
 26.34      0.00397      0.00529     -0.00119
 26.36      0.00391      0.00522     -0.00127
 26.38      0.00391      0.00515     -0.00133
 26.40      0.00377      0.00508     -0.00129
 26.42      0.00353      0.00501     -0.00123
 26.44      0.00385      0.00495     -0.00116
 26.46      0.00387      0.00488     -0.00096
 26.48      0.00392      0.00482     -0.00082
 26.50      0.00444      0.00476     -0.00068
 26.52      0.00394      0.00470     -0.00055
 26.54      0.00420      0.00464     -0.00041
 26.56      0.00422      0.00458     -0.00037
 26.58      0.00432      0.00452     -0.00014
 26.60      0.00437      0.00446     -0.00016
 26.62      0.00476      0.00440     -0.00022
 26.64      0.00384      0.00435     -0.00025
 26.66      0.00361      0.00429     -0.00025
 26.68      0.00389      0.00424     -0.00051
 26.70      0.00412      0.00418     -0.00037
 26.72      0.00318      0.00413     -0.00033
 26.74      0.00427      0.00408     -0.00039
 26.76      0.00351      0.00403     -0.00047
 26.78      0.00333      0.00397     -0.00038
 26.80      0.00348      0.00392     -0.00043
 26.82      0.00335      0.00387     -0.00029
 26.84      0.00381      0.00382     -0.00027
 26.86      0.00392      0.00378     -0.00017
 26.88      0.00319      0.00373     -0.00015
 26.90      0.00375      0.00368     -0.00016
 26.92      0.00321      0.00363     -0.00024
 26.94      0.00352      0.00359     -0.00030
 26.96      0.00331      0.00354     -0.00036
 26.98      0.00266      0.00349     -0.00038
 27.00      0.00320      0.00345     -0.00033
 27.02      0.00289      0.00341     -0.00029
 27.04      0.00355      0.00336     -0.00017
 27.06      0.00327      0.00332     -0.00013
 27.08      0.00306      0.00328     -0.00006
 27.10      0.00316      0.00324     -0.00009
 27.12      0.00306      0.00319      0.00001
 27.14      0.00318      0.00315      0.00007
 27.16      0.00356      0.00311      0.00006
 27.18      0.00315      0.00307      0.00002
 27.20      0.00292      0.00303      0.00002
 27.22      0.00266      0.00299     -0.00015
 27.24      0.00299      0.00296     -0.00021
 27.26      0.00250      0.00292     -0.00019
 27.28      0.00266      0.00288     -0.00017
 27.30      0.00281      0.00284     -0.00014
 27.32      0.00260      0.00281     -0.00003
 27.34      0.00296      0.00277      0.00002
 27.36      0.00285      0.00273      0.00011
 27.38      0.00272      0.00270      0.00020
 27.40      0.00308      0.00266      0.00017
 27.42      0.00290      0.00263      0.00019
 27.44      0.00264      0.00259      0.00024
 27.46      0.00276      0.00256      0.00015
 27.48      0.00279      0.00253      0.00013
 27.50      0.00248      0.00249      0.00020
 27.52      0.00258      0.00246      0.00027
 27.54      0.00286      0.00242      0.00020
 27.56      0.00293      0.00239      0.00022
 27.58      0.00227      0.00236      0.00028
 27.60      0.00242      0.00232      0.00014
 27.62      0.00272      0.00229      0.00004
 27.64      0.00199      0.00226      0.00010
 27.66      0.00224      0.00223      0.00010
 27.68      0.00244      0.00219      0.00000
 27.70      0.00221      0.00216      0.00004
 27.72      0.00211      0.00213     -0.00001
 27.74      0.00201      0.00210     -0.00011
 27.76      0.00183      0.00207     -0.00015
 27.78      0.00176      0.00204     -0.00018
 27.80      0.00190      0.00201     -0.00023
 27.82      0.00178      0.00197     -0.00022
 27.84      0.00163      0.00194     -0.00016
 27.86      0.00173      0.00191     -0.00019
 27.88      0.00187      0.00188     -0.00018
 27.90      0.00160      0.00185     -0.00014
 27.92      0.00170      0.00182     -0.00013
 27.94      0.00170      0.00180     -0.00023
 27.96      0.00162      0.00177     -0.00030
 27.98      0.00122      0.00174     -0.00035
 28.00      0.00109      0.00171     -0.00035
 28.02      0.00129      0.00168     -0.00042
 28.04      0.00156      0.00165     -0.00033
 28.06      0.00112      0.00162     -0.00025
 28.08      0.00156      0.00160     -0.00022
 28.10      0.00134      0.00157     -0.00034
 28.12      0.00131      0.00154     -0.00031
 28.14      0.00082      0.00151     -0.00033
 28.16      0.00114      0.00149     -0.00024
 28.18      0.00133      0.00146     -0.00020
 28.20      0.00165      0.00144     -0.00009
 28.22      0.00138      0.00141     -0.00008
 28.24      0.00121      0.00138     -0.00015
 28.26      0.00106      0.00136     -0.00021
 28.28      0.00086      0.00133     -0.00021
 28.30      0.00123      0.00131     -0.00020
 28.32      0.00123      0.00128     -0.00020
 28.34      0.00116      0.00126     -0.00019
 28.36      0.00093      0.00123     -0.00021
 28.38      0.00081      0.00121     -0.00023
 28.40      0.00101      0.00118     -0.00025
 28.42      0.00100      0.00116     -0.00029
 28.44      0.00091      0.00114     -0.00029
 28.46      0.00061      0.00111     -0.00034
 28.48      0.00068      0.00109     -0.00036
 28.50      0.00066      0.00106     -0.00041
 28.52      0.00076      0.00104     -0.00037
 28.54      0.00056      0.00102     -0.00035
 28.56      0.00071      0.00100     -0.00032
 28.58      0.00068      0.00097     -0.00035
 28.60      0.00068      0.00095     -0.00032
 28.62      0.00049      0.00093     -0.00036
 28.64      0.00058      0.00091     -0.00041
 28.66      0.00041      0.00089     -0.00044
 28.68      0.00034      0.00087     -0.00040
 28.70      0.00041      0.00085     -0.00035
 28.72      0.00061      0.00083     -0.00032
 28.74      0.00073      0.00081     -0.00027
 28.76      0.00046      0.00079     -0.00023
 28.78      0.00048      0.00077     -0.00028
 28.80      0.00051      0.00075     -0.00031
 28.82      0.00029      0.00073     -0.00029
 28.84      0.00043      0.00071     -0.00027
 28.86      0.00048      0.00069     -0.00029
 28.88      0.00051      0.00068     -0.00028
 28.90      0.00031      0.00066     -0.00028
 28.92      0.00026      0.00064     -0.00028
 28.94      0.00034      0.00062     -0.00030
 28.96      0.00036      0.00061     -0.00029
 28.98      0.00036      0.00059     -0.00029
 29.00      0.00024      0.00057     -0.00031
 29.02      0.00022      0.00056     -0.00032
 29.04      0.00017      0.00054     -0.00034
 29.06      0.00019      0.00053     -0.00033
 29.08      0.00019      0.00051     -0.00033
 29.10      0.00022      0.00050     -0.00029
 29.12      0.00014      0.00048     -0.00030
 29.14      0.00029      0.00047     -0.00030
 29.16      0.00007      0.00045     -0.00031
 29.18      0.00014      0.00044     -0.00032
 29.20      0.00010      0.00043     -0.00035
 29.22      0.00002      0.00041     -0.00034
 29.24      0.00005      0.00040     -0.00035
 29.26      0.00005      0.00039     -0.00035
 29.28      0.00005      0.00037     -0.00034
 29.30      0.00002      0.00036     -0.00034
 29.32      0.00000      0.00035     -0.00033
 29.34      0.00000      0.00034     -0.00032
 29.36      0.00005      0.00033     -0.00031
 29.38      0.00002      0.00032     -0.00030
 29.40      0.00000      0.00030     -0.00029
 29.42      0.00000      0.00029     -0.00029
 29.44      0.00000      0.00028     -0.00028
 29.46      0.00000      0.00027     -0.00027
 29.48      0.00000      0.00026     -0.00026
 29.50      0.00000      0.00025     -0.00025
 29.52      0.00000      0.00024     -0.00024
 29.54      0.00000      0.00024     -0.00024
 29.56      0.00000      0.00023     -0.00023
 29.58      0.00000      0.00022     -0.00022
 29.60      0.00000      0.00021     -0.00021
 29.62      0.00000      0.00020     -0.00020
 29.64      0.00000      0.00019     -0.00019
 29.66      0.00000      0.00019     -0.00019
 29.68      0.00000      0.00018     -0.00018
 29.70      0.00000      0.00017     -0.00017
 29.72      0.00000      0.00017     -0.00017
 29.74      0.00000      0.00016     -0.00016
 29.76      0.00000      0.00015     -0.00015
 29.78      0.00000      0.00015     -0.00015
 29.80      0.00000      0.00014     -0.00014
 29.82      0.00000      0.00013     -0.00013
 29.84      0.00000      0.00013     -0.00013
 29.86      0.00000      0.00012     -0.00012
 29.88      0.00000      0.00012     -0.00012
 29.90      0.00000      0.00011     -0.00011
 29.92      0.00000      0.00011     -0.00011
 29.94      0.00000      0.00010     -0.00010
 29.96      0.00000      0.00010     -0.00010
 29.98      0.00000      0.00009     -0.00009
 30.00      0.00000      0.00009     -0.00009
 30.02      0.00000      0.00009     -0.00009
 30.04      0.00000      0.00008     -0.00008
 30.06      0.00000      0.00008     -0.00008
 30.08      0.00000      0.00007     -0.00007
 30.10      0.00000      0.00007     -0.00007
 30.12      0.00000      0.00007     -0.00007
 30.14      0.00000      0.00006     -0.00006
 30.16      0.00000      0.00006     -0.00006
 30.18      0.00000      0.00006     -0.00006
 30.20      0.00000      0.00005     -0.00005
 30.22      0.00000      0.00005     -0.00005
 30.24      0.00000      0.00005     -0.00005
 30.26      0.00000      0.00004     -0.00004
 30.28      0.00000      0.00004     -0.00004
 30.30      0.00000      0.00004     -0.00004
 30.32      0.00000      0.00004     -0.00004
 30.34      0.00000      0.00004     -0.00004
 30.36      0.00000      0.00003     -0.00003
 30.38      0.00000      0.00003     -0.00003
 30.40      0.00000      0.00003     -0.00003
 30.42      0.00000      0.00003     -0.00003
 30.44      0.00000      0.00003     -0.00003
 30.46      0.00000      0.00002     -0.00002
 30.48      0.00000      0.00002     -0.00002
 30.50      0.00000      0.00002     -0.00002
 30.52      0.00000      0.00002     -0.00002
 30.54      0.00000      0.00002     -0.00002
 30.56      0.00000      0.00002     -0.00002
 30.58      0.00000      0.00002     -0.00002
 30.60      0.00000      0.00001     -0.00001
 30.62      0.00000      0.00001     -0.00001
 30.64      0.00000      0.00001     -0.00001
 30.66      0.00000      0.00001     -0.00001
 30.68      0.00000      0.00001     -0.00001
 30.70      0.00000      0.00001     -0.00001
 30.72      0.00000      0.00001     -0.00001
 30.74      0.00000      0.00001     -0.00001
 30.76      0.00000      0.00001     -0.00001
 30.78      0.00000      0.00001     -0.00001
 30.80      0.00000      0.00001     -0.00001
 30.82      0.00000      0.00000     -0.00000
 30.84      0.00000      0.00000     -0.00000
 30.86      0.00000      0.00000     -0.00000
 30.88      0.00000      0.00000     -0.00000
 30.90      0.00000      0.00000     -0.00000
 30.92      0.00000      0.00000     -0.00000
 30.94      0.00000      0.00000     -0.00000
 30.96      0.00000      0.00000     -0.00000
 30.98      0.00000      0.00000     -0.00000
 31.00      0.00000      0.00000     -0.00000
 31.02      0.00000      0.00000     -0.00000
 31.04      0.00000      0.00000     -0.00000
 31.06      0.00000      0.00000     -0.00000
 31.08      0.00000      0.00000     -0.00000
 31.10      0.00000      0.00000     -0.00000
 31.12      0.00000      0.00000     -0.00000
 31.14      0.00000      0.00000     -0.00000
 31.16      0.00000      0.00000     -0.00000
 31.18      0.00000      0.00000     -0.00000
 31.20      0.00000      0.00000     -0.00000
 31.22      0.00000      0.00000     -0.00000
 31.24      0.00000      0.00000     -0.00000
 31.26      0.00000      0.00000     -0.00000
 31.28      0.00000      0.00000     -0.00000
 31.30      0.00000      0.00000     -0.00000
 31.32      0.00000      0.00000     -0.00000
 31.34      0.00000      0.00000     -0.00000
 31.36      0.00000      0.00000     -0.00000
 31.38      0.00000      0.00000     -0.00000
 31.40      0.00000      0.00000      0.00000
 31.42      0.00000      0.00000      0.00000
 31.44      0.00000      0.00000      0.00000
 31.46      0.00000      0.00000      0.00000
 31.48      0.00000      0.00000      0.00000
 31.50      0.00000      0.00000      0.00000
 31.52      0.00000      0.00000      0.00000
 31.54      0.00000      0.00000      0.00000
 31.56      0.00000      0.00000      0.00000
 31.58      0.00000      0.00000      0.00000
 31.60      0.00000      0.00000      0.00000
 31.62      0.00000      0.00000      0.00000
 31.64      0.00000      0.00000      0.00000
 31.66      0.00000      0.00000      0.00000
 31.68      0.00000      0.00000      0.00000
 31.70      0.00000      0.00000      0.00000
 31.72      0.00000      0.00000      0.00000
 31.74      0.00000      0.00000      0.00000
 31.76      0.00000      0.00000      0.00000
 31.78      0.00000      0.00000      0.00000
 31.80      0.00000      0.00000      0.00000
 31.82      0.00000      0.00000      0.00000
 31.84      0.00000      0.00000      0.00000
 31.86      0.00000      0.00000      0.00000
 31.88      0.00000      0.00000      0.00000
 31.90      0.00000      0.00000      0.00000
 31.92      0.00000      0.00000      0.00000
 31.94      0.00000      0.00000      0.00000
 31.96      0.00000      0.00000      0.00000
 31.98      0.00000      0.00000      0.00000
 32.00      0.00000      0.00000      0.00000
 32.02      0.00000      0.00000      0.00000
 32.04      0.00000      0.00000      0.00000
 32.06      0.00000      0.00000      0.00000
 32.08      0.00000      0.00000      0.00000
 32.10      0.00000      0.00000      0.00000
 32.12      0.00000      0.00000      0.00000
 32.14      0.00000      0.00000      0.00000
 32.16      0.00000      0.00000      0.00000
 32.18      0.00000      0.00000      0.00000
 32.20      0.00000      0.00000      0.00000
 32.22      0.00000      0.00000      0.00000
 32.24      0.00000      0.00000      0.00000
 32.26      0.00000      0.00000      0.00000
 32.28      0.00000      0.00000      0.00000
 32.30      0.00000      0.00000      0.00000
 32.32      0.00000      0.00000      0.00000
 32.34      0.00000      0.00000      0.00000
 32.36      0.00000      0.00000      0.00000
 32.38      0.00000      0.00000      0.00000
 32.40      0.00000      0.00000      0.00000
 32.42      0.00000      0.00000      0.00000
 32.44      0.00000      0.00000      0.00000
 32.46      0.00000      0.00000      0.00000
 32.48      0.00000      0.00000      0.00000
 32.50      0.00000      0.00000      0.00000
 32.52      0.00000      0.00000      0.00000
 32.54      0.00000      0.00000      0.00000
 32.56      0.00000      0.00000      0.00000
 32.58      0.00000      0.00000      0.00000
 32.60      0.00000      0.00000      0.00000
 32.62      0.00000      0.00000      0.00000
 32.64      0.00000      0.00000      0.00000
 32.66      0.00000      0.00000      0.00000
 32.68      0.00000      0.00000      0.00000
 32.70      0.00000      0.00000      0.00000
 32.72      0.00000      0.00000      0.00000
 32.74      0.00000      0.00000      0.00000
 32.76      0.00000      0.00000      0.00000
 32.78      0.00000      0.00000      0.00000
 32.80      0.00000      0.00000      0.00000
 32.82      0.00000      0.00000      0.00000
 32.84      0.00000      0.00000      0.00000
 32.86      0.00000      0.00000      0.00000
 32.88      0.00000      0.00000      0.00000
 32.90      0.00000      0.00000      0.00000
 32.92      0.00000      0.00000      0.00000
 32.94      0.00000      0.00000      0.00000
 32.96      0.00000      0.00000      0.00000
 32.98      0.00000      0.00000      0.00000
 33.00      0.00000      0.00000      0.00000
 33.02      0.00000      0.00000      0.00000
 33.04      0.00000      0.00000      0.00000
 33.06      0.00000      0.00000      0.00000
 33.08      0.00000      0.00000      0.00000
 33.10      0.00000      0.00000      0.00000
 33.12      0.00000      0.00000      0.00000
 33.14      0.00000      0.00000      0.00000
 33.16      0.00000      0.00000      0.00000
 33.18      0.00000      0.00000      0.00000
 33.20      0.00000      0.00000      0.00000
 33.22      0.00000      0.00000      0.00000
 33.24      0.00000      0.00000      0.00000
 33.26      0.00000      0.00000      0.00000
 33.28      0.00000      0.00000      0.00000
 33.30      0.00000      0.00000      0.00000
 33.32      0.00000      0.00000      0.00000
 33.34      0.00000      0.00000      0.00000
 33.36      0.00000      0.00000      0.00000
 33.38      0.00000      0.00000      0.00000
 33.40      0.00000      0.00000      0.00000
 33.42      0.00000      0.00000      0.00000
 33.44      0.00000      0.00000      0.00000
 33.46      0.00000      0.00000      0.00000
 33.48      0.00000      0.00000      0.00000
 33.50      0.00000      0.00000      0.00000
 33.52      0.00000      0.00000      0.00000
 33.54      0.00000      0.00000      0.00000
 33.56      0.00000      0.00000      0.00000
 33.58      0.00000      0.00000      0.00000
 33.60      0.00000      0.00000      0.00000
 33.62      0.00000      0.00000      0.00000
 33.64      0.00000      0.00000      0.00000
 33.66      0.00000      0.00000      0.00000
 33.68      0.00000      0.00000      0.00000
 33.70      0.00000      0.00000      0.00000
 33.72      0.00000      0.00000      0.00000
 33.74      0.00000      0.00000      0.00000
 33.76      0.00000      0.00000      0.00000
 33.78      0.00000      0.00000      0.00000
 33.80      0.00000      0.00000      0.00000
 33.82      0.00000      0.00000      0.00000
 33.84      0.00000      0.00000      0.00000
 33.86      0.00000      0.00000      0.00000
 33.88      0.00000      0.00000      0.00000
 33.90      0.00000      0.00000      0.00000
 33.92      0.00000      0.00000      0.00000
 33.94      0.00000      0.00000      0.00000
 33.96      0.00000      0.00000      0.00000
 33.98      0.00000      0.00000      0.00000
 34.00      0.00000      0.00000      0.00000
