 #r(A)        G(r)
  0.02      0.00000
  0.04      0.00000
  0.06      0.00000
  0.08      0.00000
  0.10      0.00000
  0.12      0.00000
  0.14      0.00000
  0.16      0.00000
  0.18      0.00000
  0.20      0.00000
  0.22      0.00000
  0.24      0.00000
  0.26      0.00000
  0.28      0.00000
  0.30      0.00000
  0.32      0.00000
  0.34      0.00000
  0.36      0.00000
  0.38      0.00000
  0.40      0.00000
  0.42      0.00000
  0.44      0.00000
  0.46      0.00000
  0.48      0.00000
  0.50      0.00000
  0.52      0.00000
  0.54      0.00000
  0.56      0.00000
  0.58      0.00000
  0.60      0.00000
  0.62      0.00000
  0.64      0.00000
  0.66      0.00000
  0.68      0.00000
  0.70      0.00000
  0.72      0.00000
  0.74      0.00000
  0.76     -0.00050
  0.78     -0.00099
  0.80     -0.00149
  0.82     -0.00199
  0.84     -0.00249
  0.86     -0.00298
  0.88     -0.00348
  0.90     -0.00398
  0.92     -0.00447
  0.94     -0.00497
  0.96     -0.00547
  0.98     -0.00597
  1.00     -0.00646
  1.02     -0.00696
  1.04     -0.00746
  1.06     -0.00796
  1.08     -0.00845
  1.10     -0.00895
  1.12     -0.00945
  1.14     -0.00994
  1.16     -0.01044
  1.18     -0.01094
  1.20     -0.01144
  1.22     -0.01193
  1.24     -0.01243
  1.26     -0.01293
  1.28     -0.01342
  1.30     -0.01392
  1.32     -0.01442
  1.34     -0.01492
  1.36     -0.01541
  1.38     -0.01591
  1.40     -0.01641
  1.42     -0.01691
  1.44     -0.01740
  1.46     -0.01790
  1.48     -0.01840
  1.50     -0.01889
  1.52     -0.01939
  1.54     -0.01989
  1.56     -0.02039
  1.58     -0.02088
  1.60     -0.02138
  1.62     -0.02188
  1.64     -0.02237
  1.66     -0.02287
  1.68     -0.02337
  1.70     -0.02387
  1.72     -0.02436
  1.74     -0.02486
  1.76     -0.02536
  1.78     -0.02586
  1.80     -0.02635
  1.82     -0.02685
  1.84     -0.02735
  1.86     -0.02784
  1.88     -0.02834
  1.90     -0.02884
  1.92     -0.02950
  1.94     -0.03016
  1.96     -0.03082
  1.98     -0.03149
  2.00     -0.03215
  2.02     -0.03281
  2.04     -0.03347
  2.06     -0.03413
  2.08     -0.03480
  2.10     -0.03546
  2.12     -0.03612
  2.14     -0.03678
  2.16     -0.03744
  2.18     -0.03810
  2.20     -0.03877
  2.22     -0.03943
  2.24     -0.04009
  2.26     -0.04075
  2.28     -0.04141
  2.30     -0.04208
  2.32     -0.04274
  2.34     -0.04340
  2.36     -0.04406
  2.38     -0.04472
  2.40     -0.04539
  2.42     -0.04605
  2.44     -0.04671
  2.46     -0.04737
  2.48     -0.04803
  2.50     -0.04869
  2.52     -0.04940
  2.54     -0.05011
  2.56     -0.03829
  2.58     -0.01395
  2.60      0.02291
  2.62      0.07230
  2.64      0.13421
  2.66      0.19612
  2.68      0.25803
  2.70      0.31994
  2.72      0.38185
  2.74      0.41871
  2.76      0.43053
  2.78      0.41829
  2.80      0.38063
  2.82      0.31792
  2.84      0.25521
  2.86      0.19249
  2.88      0.12978
  2.90      0.06707
  2.92      0.01688
  2.94     -0.02078
  2.96     -0.04592
  2.98     -0.05854
  3.00     -0.05863
  3.02     -0.05873
  3.04     -0.05882
  3.06     -0.05892
  3.08     -0.05901
  3.10     -0.05910
  3.12     -0.05920
  3.14     -0.05929
  3.16     -0.05938
  3.18     -0.05948
  3.20     -0.05957
  3.22     -0.05966
  3.24     -0.05976
  3.26     -0.05985
  3.28     -0.05995
  3.30     -0.06026
  3.32     -0.06058
  3.34     -0.06089
  3.36     -0.06121
  3.38     -0.06153
  3.40     -0.06184
  3.42     -0.06216
  3.44     -0.06248
  3.46     -0.06279
  3.48     -0.06311
  3.50     -0.06342
  3.52     -0.06374
  3.54     -0.06416
  3.56     -0.06458
  3.58     -0.06500
  3.60     -0.06543
  3.62     -0.06585
  3.64     -0.06627
  3.66     -0.06669
  3.68     -0.06711
  3.70     -0.06753
  3.72     -0.06381
  3.74     -0.05593
  3.76     -0.04391
  3.78     -0.02774
  3.80     -0.00742
  3.82      0.01289
  3.84      0.03321
  3.86      0.05352
  3.88      0.07384
  3.90      0.08586
  3.92      0.08959
  3.94      0.08535
  3.96      0.07282
  3.98      0.05199
  4.00      0.03116
  4.02      0.01033
  4.04     -0.01050
  4.06     -0.03133
  4.08     -0.04801
  4.10     -0.06055
  4.12     -0.06894
  4.14     -0.07318
  4.16     -0.07327
  4.18     -0.07336
  4.20     -0.07363
  4.22     -0.07390
  4.24     -0.07417
  4.26     -0.07445
  4.28     -0.07472
  4.30     -0.07499
  4.32     -0.07411
  4.34     -0.07209
  4.36     -0.06892
  4.38     -0.06460
  4.40     -0.05914
  4.42     -0.05368
  4.44     -0.04821
  4.46     -0.04275
  4.48     -0.03728
  4.50     -0.03411
  4.52     -0.03324
  4.54     -0.03457
  4.56     -0.03819
  4.58     -0.04410
  4.60     -0.04059
  4.62     -0.02750
  4.64     -0.00481
  4.66      0.02746
  4.68      0.07047
  4.70      0.11463
  4.72      0.15993
  4.74      0.20638
  4.76      0.25398
  4.78      0.28233
  4.80      0.29099
  4.82      0.28125
  4.84      0.25233
  4.86      0.20423
  4.88      0.15613
  4.90      0.10803
  4.92      0.05993
  4.94      0.01183
  4.96     -0.02669
  4.98     -0.05568
  5.00     -0.07509
  5.02     -0.08492
  5.04     -0.08515
  5.06     -0.08538
  5.08     -0.08562
  5.10     -0.08024
  5.12     -0.06926
  5.14     -0.05267
  5.16     -0.03062
  5.18     -0.00296
  5.20      0.02469
  5.22      0.05235
  5.24      0.08001
  5.26      0.10766
  5.28      0.12411
  5.30      0.12934
  5.32      0.12380
  5.34      0.10941
  5.36      0.08644
  5.38      0.06612
  5.40      0.04844
  5.42      0.03341
  5.44      0.01837
  5.46      0.00894
  5.48      0.00512
  5.50      0.00684
  5.52      0.00888
  5.54      0.01124
  5.56      0.00853
  5.58      0.00053
  5.60     -0.01275
  5.62     -0.02603
  5.64     -0.03932
  5.66     -0.05260
  5.68     -0.06588
  5.70     -0.07652
  5.72     -0.08452
  5.74     -0.08988
  5.76     -0.09259
  5.78     -0.09266
  5.80     -0.09273
  5.82     -0.09280
  5.84     -0.09287
  5.86     -0.09294
  5.88     -0.09301
  5.90     -0.09308
  5.92     -0.09315
  5.94     -0.09322
  5.96     -0.09346
  5.98     -0.09369
  6.00     -0.08953
  6.02     -0.08084
  6.04     -0.06762
  6.06     -0.04989
  6.08     -0.02763
  6.10     -0.00537
  6.12      0.01689
  6.14      0.03915
  6.16      0.06141
  6.18      0.07462
  6.20      0.07879
  6.22      0.07427
  6.24      0.06070
  6.26      0.03809
  6.28      0.01547
  6.30     -0.00714
  6.32     -0.02987
  6.34     -0.05260
  6.36     -0.07081
  6.38     -0.08449
  6.40     -0.08953
  6.42     -0.08592
  6.44     -0.07368
  6.46     -0.05732
  6.48     -0.03683
  6.50     -0.01635
  6.52      0.00413
  6.54      0.02462
  6.56      0.04505
  6.58      0.05922
  6.60      0.06713
  6.62      0.06888
  6.64      0.06436
  6.66      0.05358
  6.68      0.04280
  6.70      0.03201
  6.72      0.02123
  6.74      0.01045
  6.76     -0.00016
  6.78     -0.00880
  6.80     -0.01522
  6.82     -0.01957
  6.84     -0.02223
  6.86     -0.02300
  6.88     -0.02377
  6.90     -0.02454
  6.92     -0.02541
  6.94     -0.02430
  6.96     -0.02137
  6.98     -0.01660
  7.00     -0.00985
  7.02     -0.00126
  7.04      0.00718
  7.06      0.01561
  7.08      0.02404
  7.10      0.03247
  7.12      0.04090
  7.14      0.05098
  7.16      0.06271
  7.18      0.07637
  7.20      0.09159
  7.22      0.10846
  7.24      0.12532
  7.26      0.14219
  7.28      0.15905
  7.30      0.17762
  7.32      0.18743
  7.34      0.18822
  7.36      0.18082
  7.38      0.16466
  7.40      0.13805
  7.42      0.11144
  7.44      0.08483
  7.46      0.05822
  7.48      0.02803
  7.50      0.00148
  7.52     -0.02128
  7.54     -0.04039
  7.56     -0.05585
  7.58     -0.06436
  7.60     -0.07287
  7.62     -0.08143
  7.64     -0.08999
  7.66     -0.09685
  7.68     -0.10200
  7.70     -0.10546
  7.72     -0.10722
  7.74     -0.10736
  7.76     -0.10751
  7.78     -0.10765
  7.80     -0.10472
  7.82     -0.09873
  7.84     -0.08967
  7.86     -0.07754
  7.88     -0.06234
  7.90     -0.04714
  7.92     -0.03194
  7.94     -0.01674
  7.96     -0.00154
  7.98      0.00753
  8.00      0.01029
  8.02      0.00715
  8.04     -0.00212
  8.06     -0.01753
  8.08     -0.03294
  8.10     -0.04835
  8.12     -0.06087
  8.14     -0.07049
  8.16     -0.07415
  8.18     -0.07185
  8.20     -0.06359
  8.22     -0.05227
  8.24     -0.03805
  8.26     -0.02391
  8.28     -0.00977
  8.30     -0.00141
  8.32      0.00115
  8.34     -0.00183
  8.36     -0.01061
  8.38     -0.02517
  8.40     -0.03972
  8.42     -0.04887
  8.44     -0.05260
  8.46     -0.05092
  8.48     -0.04094
  8.50     -0.02269
  8.52     -0.00154
  8.54      0.02250
  8.56      0.04943
  8.58      0.07900
  8.60      0.10039
  8.62      0.11344
  8.64      0.11858
  8.66      0.11553
  8.68      0.10166
  8.70      0.08778
  8.72      0.07647
  8.74      0.06766
  8.76      0.05612
  8.78      0.04728
  8.80      0.04134
  8.82      0.03546
  8.84      0.02970
  8.86      0.02970
  8.88      0.03012
  8.90      0.02582
  8.92      0.01681
  8.94      0.00592
  8.96     -0.00744
  8.98     -0.02344
  9.00     -0.03437
  9.02     -0.04032
  9.04     -0.04468
  9.06     -0.04745
  9.08     -0.04602
  9.10     -0.04290
  9.12     -0.03804
  9.14     -0.02943
  9.16     -0.01707
  9.18     -0.00837
  9.20     -0.00347
  9.22     -0.00168
  9.24     -0.00432
  9.26     -0.01138
  9.28     -0.01342
  9.30     -0.01043
  9.32     -0.00520
  9.34      0.00228
  9.36      0.01452
  9.38      0.02653
  9.40      0.03859
  9.42      0.05420
  9.44      0.07323
  9.46      0.08416
  9.48      0.08700
  9.50      0.08330
  9.52      0.07156
  9.54      0.05389
  9.56      0.03960
  9.58      0.02869
  9.60      0.01770
  9.62      0.00665
  9.64     -0.00197
  9.66     -0.00834
  9.68     -0.01237
  9.70     -0.01178
  9.72     -0.01096
  9.74     -0.01452
  9.76     -0.02228
  9.78     -0.03338
  9.80     -0.04354
  9.82     -0.04839
  9.84     -0.04793
  9.86     -0.04216
  9.88     -0.03226
  9.90     -0.02017
  9.92     -0.00590
  9.94      0.01057
  9.96      0.02922
  9.98      0.04169
 10.00      0.04574
 10.02      0.04176
 10.04      0.02928
 10.06      0.01042
 10.08     -0.00644
 10.10     -0.02143
 10.12     -0.03443
 10.14     -0.04544
 10.16     -0.05226
 10.18     -0.05490
 10.20     -0.05336
 10.22     -0.04763
 10.24     -0.04170
 10.26     -0.03975
 10.28     -0.04162
 10.30     -0.04658
 10.32     -0.05457
 10.34     -0.06161
 10.36     -0.06781
 10.38     -0.07307
 10.40     -0.07832
 10.42     -0.07787
 10.44     -0.07170
 10.46     -0.05982
 10.48     -0.04413
 10.50     -0.02463
 10.52     -0.00699
 10.54      0.01056
 10.56      0.02804
 10.58      0.04735
 10.60      0.06103
 10.62      0.06909
 10.64      0.07001
 10.66      0.06599
 10.68      0.05725
 10.70      0.05124
 10.72      0.04415
 10.74      0.03613
 10.76      0.02462
 10.78      0.01667
 10.80      0.01228
 10.82      0.01499
 10.84      0.02136
 10.86      0.03139
 10.88      0.03800
 10.90      0.04376
 10.92      0.04854
 10.94      0.05602
 10.96      0.05910
 10.98      0.05790
 11.00      0.05001
 11.02      0.03854
 11.04      0.02354
 11.06      0.01198
 11.08      0.00214
 11.10     -0.00599
 11.12     -0.01585
 11.14     -0.02395
 11.16     -0.03028
 11.18     -0.03313
 11.20     -0.03582
 11.22     -0.03842
 11.24     -0.04109
 11.26     -0.04301
 11.28     -0.04419
 11.30     -0.04129
 11.32     -0.03441
 11.34     -0.02666
 11.36     -0.01892
 11.38     -0.00955
 11.40      0.00144
 11.42      0.00766
 11.44      0.00911
 11.46      0.00913
 11.48      0.00579
 11.50     -0.00107
 11.52     -0.00504
 11.54     -0.00593
 11.56     -0.00682
 11.58     -0.00544
 11.60      0.00140
 11.62      0.01373
 11.64      0.02537
 11.66      0.03629
 11.68      0.04599
 11.70      0.05101
 11.72      0.05135
 11.74      0.05317
 11.76      0.05194
 11.78      0.04611
 11.80      0.03738
 11.82      0.02866
 11.84      0.01995
 11.86      0.01282
 11.88      0.00714
 11.90      0.00455
 11.92      0.00186
 11.94      0.00133
 11.96      0.00592
 11.98      0.01273
 12.00      0.01889
 12.02      0.02452
 12.04      0.02855
 12.06      0.03117
 12.08      0.02954
 12.10      0.02505
 12.12      0.01791
 12.14      0.00643
 12.16     -0.00802
 12.18     -0.01965
 12.20     -0.02983
 12.22     -0.03856
 12.24     -0.04587
 12.26     -0.05032
 12.28     -0.05465
 12.30     -0.05894
 12.32     -0.06168
 12.34     -0.06301
 12.36     -0.06576
 12.38     -0.06719
 12.40     -0.06729
 12.42     -0.06753
 12.44     -0.06776
 12.46     -0.06663
 12.48     -0.06413
 12.50     -0.06290
 12.52     -0.05914
 12.54     -0.05275
 12.56     -0.04518
 12.58     -0.03642
 12.60     -0.02387
 12.62     -0.01132
 12.64      0.00123
 12.66      0.01363
 12.68      0.02736
 12.70      0.03468
 12.72      0.03811
 12.74      0.03797
 12.76      0.03395
 12.78      0.02461
 12.80      0.01773
 12.82      0.01206
 12.84      0.00760
 12.86      0.00435
 12.88      0.00614
 12.90      0.00798
 12.92      0.01052
 12.94      0.01394
 12.96      0.01802
 12.98      0.01896
 13.00      0.01925
 13.02      0.01815
 13.04      0.01589
 13.06      0.01237
 13.08      0.01005
 13.10      0.00781
 13.12      0.00667
 13.14      0.00685
 13.16      0.00824
 13.18      0.00959
 13.20      0.01325
 13.22      0.01692
 13.24      0.02069
 13.26      0.02440
 13.28      0.02869
 13.30      0.03454
 13.32      0.04199
 13.34      0.05120
 13.36      0.06202
 13.38      0.07150
 13.40      0.08008
 13.42      0.08784
 13.44      0.09470
 13.46      0.10047
 13.48      0.09975
 13.50      0.09250
 13.52      0.07907
 13.54      0.05907
 13.56      0.03366
 13.58      0.00901
 13.60     -0.01487
 13.62     -0.03805
 13.64     -0.06045
 13.66     -0.07881
 13.68     -0.08965
 13.70     -0.09310
 13.72     -0.08904
 13.74     -0.07746
 13.76     -0.06260
 13.78     -0.04758
 13.80     -0.03239
 13.82     -0.01710
 13.84     -0.00164
 13.86      0.00763
 13.88      0.01071
 13.90      0.00783
 13.92     -0.00130
 13.94     -0.01665
 13.96     -0.03013
 13.98     -0.04164
 14.00     -0.05119
 14.02     -0.05878
 14.04     -0.06041
 14.06     -0.05797
 14.08     -0.05148
 14.10     -0.04092
 14.12     -0.02637
 14.14     -0.01490
 14.16     -0.00640
 14.18     -0.00073
 14.20      0.00192
 14.22      0.00294
 14.24      0.00530
 14.26      0.00909
 14.28      0.01423
 14.30      0.02072
 14.32      0.02773
 14.34      0.03522
 14.36      0.04330
 14.38      0.05191
 14.40      0.05636
 14.42      0.05608
 14.44      0.05138
 14.46      0.04200
 14.48      0.02794
 14.50      0.01569
 14.52      0.00524
 14.54     -0.00337
 14.56     -0.01022
 14.58     -0.01295
 14.60     -0.01333
 14.62     -0.01130
 14.64     -0.00692
 14.66     -0.00023
 14.68      0.00336
 14.70      0.00386
 14.72      0.00141
 14.74     -0.00418
 14.76     -0.01302
 14.78     -0.02187
 14.80     -0.03066
 14.82     -0.03945
 14.84     -0.04826
 14.86     -0.05529
 14.88     -0.06054
 14.90     -0.06416
 14.92     -0.06354
 14.94     -0.05949
 14.96     -0.05388
 14.98     -0.04656
 15.00     -0.03758
 15.02     -0.02941
 15.04     -0.02127
 15.06     -0.01317
 15.08     -0.00508
 15.10     -0.00111
 15.12     -0.00046
 15.14     -0.00291
 15.16     -0.00870
 15.18     -0.01621
 15.20     -0.02133
 15.22     -0.02489
 15.24     -0.02687
 15.26     -0.02278
 15.28     -0.01320
 15.30      0.00186
 15.32      0.02248
 15.34      0.04927
 15.36      0.07446
 15.38      0.09726
 15.40      0.11781
 15.42      0.13746
 15.44      0.14618
 15.46      0.14796
 15.48      0.14311
 15.50      0.13131
 15.52      0.10956
 15.54      0.08849
 15.56      0.06752
 15.58      0.04733
 15.60      0.02493
 15.62      0.00646
 15.64     -0.00957
 15.66     -0.02324
 15.68     -0.03528
 15.70     -0.04195
 15.72     -0.04786
 15.74     -0.05231
 15.76     -0.05465
 15.78     -0.05343
 15.80     -0.04930
 15.82     -0.04232
 15.84     -0.03320
 15.86     -0.02258
 15.88     -0.01197
 15.90     -0.00135
 15.92      0.00903
 15.94      0.01590
 15.96      0.01931
 15.98      0.01937
 16.00      0.01721
 16.02      0.01291
 16.04      0.00996
 16.06      0.00832
 16.08      0.00803
 16.10      0.00570
 16.12      0.00345
 16.14      0.00137
 16.16     -0.00064
 16.18     -0.00526
 16.20     -0.01057
 16.22     -0.01725
 16.24     -0.02532
 16.26     -0.03479
 16.28     -0.04167
 16.30     -0.04590
 16.32     -0.04877
 16.34     -0.05027
 16.36     -0.04908
 16.38     -0.04597
 16.40     -0.04347
 16.42     -0.04158
 16.44     -0.04020
 16.46     -0.03998
 16.48     -0.04142
 16.50     -0.04195
 16.52     -0.04157
 16.54     -0.03909
 16.56     -0.03666
 16.58     -0.03299
 16.60     -0.02803
 16.62     -0.02190
 16.64     -0.01759
 16.66     -0.01380
 16.68     -0.01177
 16.70     -0.00806
 16.72     -0.00507
 16.74     -0.00043
 16.76      0.00598
 16.78      0.01411
 16.80      0.02046
 16.82      0.02831
 16.84      0.03763
 16.86      0.04844
 16.88      0.05373
 16.90      0.05471
 16.92      0.05186
 16.94      0.04434
 16.96      0.03214
 16.98      0.02223
 17.00      0.01396
 17.02      0.00509
 17.04     -0.00443
 17.06     -0.00937
 17.08     -0.00979
 17.10     -0.00848
 17.12     -0.00429
 17.14      0.00446
 17.16      0.01247
 17.18      0.01872
 17.20      0.02604
 17.22      0.03473
 17.24      0.03991
 17.26      0.04159
 17.28      0.04314
 17.30      0.04385
 17.32      0.04029
 17.34      0.03566
 17.36      0.03119
 17.38      0.02457
 17.40      0.01530
 17.42      0.00810
 17.44      0.00352
 17.46     -0.00154
 17.48     -0.00709
 17.50     -0.01110
 17.52     -0.01508
 17.54     -0.02057
 17.56     -0.02548
 17.58     -0.02860
 17.60     -0.03150
 17.62     -0.03518
 17.64     -0.03762
 17.66     -0.03881
 17.68     -0.03997
 17.70     -0.04113
 17.72     -0.03884
 17.74     -0.03415
 17.76     -0.02902
 17.78     -0.02344
 17.80     -0.01544
 17.82     -0.00753
 17.84      0.00028
 17.86      0.01044
 17.88      0.02296
 17.90      0.03214
 17.92      0.03798
 17.94      0.04168
 17.96      0.04259
 17.98      0.03795
 18.00      0.03239
 18.02      0.02784
 18.04      0.02226
 18.06      0.01565
 18.08      0.01315
 18.10      0.01385
 18.12      0.01581
 18.14      0.01997
 18.16      0.02810
 18.18      0.03611
 18.20      0.04049
 18.22      0.04185
 18.24      0.04027
 18.26      0.03294
 18.28      0.02164
 18.30      0.01002
 18.32     -0.00240
 18.34     -0.01652
 18.36     -0.03055
 18.38     -0.04267
 18.40     -0.05301
 18.42     -0.05953
 18.44     -0.06093
 18.46     -0.05815
 18.48     -0.05290
 18.50     -0.04519
 18.52     -0.03661
 18.54     -0.02763
 18.56     -0.01703
 18.58     -0.00481
 18.60      0.00494
 18.62      0.01180
 18.64      0.01595
 18.66      0.01605
 18.68      0.01210
 18.70      0.00831
 18.72      0.00469
 18.74     -0.00110
 18.76     -0.00907
 18.78     -0.01639
 18.80     -0.02329
 18.82     -0.02979
 18.84     -0.03205
 18.86     -0.03005
 18.88     -0.02697
 18.90     -0.02243
 18.92     -0.01523
 18.94     -0.00700
 18.96      0.00084
 18.98      0.00945
 19.00      0.01851
 19.02      0.02384
 19.04      0.02561
 19.06      0.02564
 19.08      0.02234
 19.10      0.01609
 19.12      0.00985
 19.14      0.00419
 19.16     -0.00262
 19.18     -0.00978
 19.20     -0.01609
 19.22     -0.02201
 19.24     -0.02659
 19.26     -0.02798
 19.28     -0.02693
 19.30     -0.02495
 19.32     -0.02160
 19.34     -0.01788
 19.36     -0.01415
 19.38     -0.00844
 19.40     -0.00051
 19.42      0.00625
 19.44      0.01194
 19.46      0.01699
 19.48      0.01999
 19.50      0.02142
 19.52      0.02460
 19.54      0.02878
 19.56      0.03129
 19.58      0.03211
 19.60      0.03239
 19.62      0.03044
 19.64      0.02719
 19.66      0.02501
 19.68      0.02254
 19.70      0.01805
 19.72      0.01326
 19.74      0.00787
 19.76      0.00307
 19.78      0.00018
 19.80     -0.00002
 19.82      0.00143
 19.84      0.00391
 19.86      0.00694
 19.88      0.01043
 19.90      0.01389
 19.92      0.01859
 19.94      0.02214
 19.96      0.02383
 19.98      0.02382
 20.00      0.02087
 20.02      0.01553
 20.04      0.01017
 20.06      0.00480
 20.08     -0.00116
 20.10     -0.00690
 20.12     -0.01200
 20.14     -0.01595
 20.16     -0.01877
 20.18     -0.01895
 20.20     -0.01777
 20.22     -0.01643
 20.24     -0.01546
 20.26     -0.01466
 20.28     -0.01472
 20.30     -0.01435
 20.32     -0.01467
 20.34     -0.01490
 20.36     -0.01527
 20.38     -0.01594
 20.40     -0.01590
 20.42     -0.01400
 20.44     -0.01104
 20.46     -0.00691
 20.48     -0.00165
 20.50      0.00428
 20.52      0.00981
 20.54      0.01494
 20.56      0.02000
 20.58      0.02291
 20.60      0.02311
 20.62      0.02175
 20.64      0.01861
 20.66      0.01320
 20.68      0.00769
 20.70      0.00183
 20.72     -0.00436
 20.74     -0.01075
 20.76     -0.01538
 20.78     -0.01826
 20.80     -0.01923
 20.82     -0.01884
 20.84     -0.01710
 20.86     -0.01593
 20.88     -0.01487
 20.90     -0.01391
 20.92     -0.01247
 20.94     -0.01241
 20.96     -0.01307
 20.98     -0.01486
 21.00     -0.01736
 21.02     -0.02017
 21.04     -0.02138
 21.06     -0.02166
 21.08     -0.02065
 21.10     -0.01877
 21.12     -0.01553
 21.14     -0.01163
 21.16     -0.00705
 21.18     -0.00221
 21.20      0.00210
 21.22      0.00490
 21.24      0.00696
 21.26      0.00842
 21.28      0.00927
 21.30      0.01032
 21.32      0.01113
 21.34      0.01169
 21.36      0.01187
 21.38      0.01226
 21.40      0.01286
 21.42      0.01409
 21.44      0.01430
 21.46      0.01348
 21.48      0.01103
 21.50      0.00833
 21.52      0.00538
 21.54      0.00384
 21.56      0.00301
 21.58      0.00290
 21.60      0.00214
 21.62      0.00204
 21.64      0.00268
 21.66      0.00473
 21.68      0.00603
 21.70      0.00663
 21.72      0.00557
 21.74      0.00309
 21.76     -0.00075
 21.78     -0.00347
 21.80     -0.00584
 21.82     -0.00819
 21.84     -0.00987
 21.86     -0.00972
 21.88     -0.00815
 21.90     -0.00476
 21.92      0.00046
 21.94      0.00648
 21.96      0.01207
 21.98      0.01762
 22.00      0.02346
 22.02      0.02762
 22.04      0.03010
 22.06      0.03096
 22.08      0.02981
 22.10      0.02662
 22.12      0.02345
 22.14      0.01926
 22.16      0.01406
 22.18      0.00792
 22.20      0.00198
 22.22     -0.00377
 22.24     -0.00832
 22.26     -0.01201
 22.28     -0.01480
 22.30     -0.01754
 22.32     -0.01960
 22.34     -0.02096
 22.36     -0.02088
 22.38     -0.01995
 22.40     -0.01843
 22.42     -0.01668
 22.44     -0.01442
 22.46     -0.01208
 22.48     -0.00957
 22.50     -0.00690
 22.52     -0.00433
 22.54     -0.00224
 22.56     -0.00033
 22.58      0.00185
 22.60      0.00371
 22.62      0.00524
 22.64      0.00702
 22.66      0.00872
 22.68      0.01035
 22.70      0.01250
 22.72      0.01390
 22.74      0.01400
 22.76      0.01301
 22.78      0.01118
 22.80      0.00850
 22.82      0.00514
 22.84      0.00128
 22.86     -0.00319
 22.88     -0.00835
 22.90     -0.01335
 22.92     -0.01706
 22.94     -0.01993
 22.96     -0.02194
 22.98     -0.02287
 23.00     -0.02306
 23.02     -0.02248
 23.04     -0.02063
 23.06     -0.01800
 23.08     -0.01508
 23.10     -0.01212
 23.12     -0.00900
 23.14     -0.00595
 23.16     -0.00311
 23.18     -0.00047
 23.20      0.00192
 23.22      0.00343
 23.24      0.00431
 23.26      0.00549
 23.28      0.00635
 23.30      0.00666
 23.32      0.00715
 23.34      0.00734
 23.36      0.00706
 23.38      0.00645
 23.40      0.00574
 23.42      0.00483
 23.44      0.00334
 23.46      0.00146
 23.48     -0.00031
 23.50     -0.00274
 23.52     -0.00554
 23.54     -0.00753
 23.56     -0.00878
 23.58     -0.00930
 23.60     -0.00883
 23.62     -0.00748
 23.64     -0.00523
 23.66     -0.00232
 23.68      0.00146
 23.70      0.00653
 23.72      0.01105
 23.74      0.01450
 23.76      0.01698
 23.78      0.01832
 23.80      0.01841
 23.82      0.01762
 23.84      0.01587
 23.86      0.01350
 23.88      0.00999
 23.90      0.00616
 23.92      0.00303
 23.94      0.00060
 23.96     -0.00120
 23.98     -0.00216
 24.00     -0.00261
 24.02     -0.00216
 24.04     -0.00143
 24.06     -0.00031
 24.08      0.00118
 24.10      0.00250
 24.12      0.00337
 24.14      0.00392
 24.16      0.00387
 24.18      0.00375
 24.20      0.00297
 24.22      0.00189
 24.24      0.00070
 24.26     -0.00064
 24.28     -0.00216
 24.30     -0.00334
 24.32     -0.00426
 24.34     -0.00455
 24.36     -0.00496
 24.38     -0.00527
 24.40     -0.00547
 24.42     -0.00565
 24.44     -0.00554
 24.46     -0.00494
 24.48     -0.00420
 24.50     -0.00330
 24.52     -0.00244
 24.54     -0.00152
 24.56     -0.00051
 24.58      0.00044
 24.60      0.00160
 24.62      0.00239
 24.64      0.00263
 24.66      0.00253
 24.68      0.00205
 24.70      0.00108
 24.72      0.00003
 24.74     -0.00108
 24.76     -0.00197
 24.78     -0.00322
 24.80     -0.00431
 24.82     -0.00509
 24.84     -0.00566
 24.86     -0.00602
 24.88     -0.00592
 24.90     -0.00563
 24.92     -0.00514
 24.94     -0.00460
 24.96     -0.00351
 24.98     -0.00223
 25.00     -0.00102
 25.02      0.00015
 25.04      0.00126
 25.06      0.00199
 25.08      0.00249
 25.10      0.00296
 25.12      0.00340
 25.14      0.00335
 25.16      0.00292
 25.18      0.00249
 25.20      0.00194
 25.22      0.00126
 25.24      0.00083
 25.26      0.00061
 25.28      0.00020
 25.30     -0.00056
 25.32     -0.00130
 25.34     -0.00196
 25.36     -0.00276
 25.38     -0.00348
 25.40     -0.00413
 25.42     -0.00480
 25.44     -0.00559
 25.46     -0.00631
 25.48     -0.00662
 25.50     -0.00674
 25.52     -0.00667
 25.54     -0.00631
 25.56     -0.00567
 25.58     -0.00476
 25.60     -0.00375
 25.62     -0.00273
 25.64     -0.00168
 25.66     -0.00070
 25.68      0.00031
 25.70      0.00128
 25.72      0.00234
 25.74      0.00334
 25.76      0.00417
 25.78      0.00486
 25.80      0.00575
 25.82      0.00663
 25.84      0.00732
 25.86      0.00781
 25.88      0.00813
 25.90      0.00798
 25.92      0.00738
 25.94      0.00656
 25.96      0.00547
 25.98      0.00397
 26.00      0.00250
 26.02      0.00115
 26.04     -0.00003
 26.06     -0.00106
 26.08     -0.00193
 26.10     -0.00258
 26.12     -0.00311
 26.14     -0.00344
 26.16     -0.00348
 26.18     -0.00350
 26.20     -0.00354
 26.22     -0.00361
 26.24     -0.00371
 26.26     -0.00382
 26.28     -0.00385
 26.30     -0.00361
 26.32     -0.00313
 26.34     -0.00256
 26.36     -0.00190
 26.38     -0.00107
 26.40     -0.00019
 26.42      0.00075
 26.44      0.00185
 26.46      0.00302
 26.48      0.00388
 26.50      0.00432
 26.52      0.00438
 26.54      0.00409
 26.56      0.00344
 26.58      0.00269
 26.60      0.00183
 26.62      0.00088
 26.64     -0.00017
 26.66     -0.00112
 26.68     -0.00178
 26.70     -0.00212
 26.72     -0.00218
 26.74     -0.00195
 26.76     -0.00172
 26.78     -0.00155
 26.80     -0.00146
 26.82     -0.00133
 26.84     -0.00119
 26.86     -0.00113
 26.88     -0.00108
 26.90     -0.00103
 26.92     -0.00107
 26.94     -0.00111
 26.96     -0.00097
 26.98     -0.00064
 27.00     -0.00039
 27.02     -0.00025
 27.04     -0.00021
 27.06     -0.00032
 27.08     -0.00061
 27.10     -0.00091
 27.12     -0.00122
 27.14     -0.00167
 27.16     -0.00213
 27.18     -0.00250
 27.20     -0.00270
 27.22     -0.00272
 27.24     -0.00261
 27.26     -0.00238
 27.28     -0.00211
 27.30     -0.00175
 27.32     -0.00128
 27.34     -0.00085
 27.36     -0.00048
 27.38     -0.00019
 27.40     -0.00005
 27.42     -0.00003
 27.44      0.00003
 27.46      0.00012
 27.48      0.00014
 27.50      0.00007
 27.52     -0.00009
 27.54     -0.00028
 27.56     -0.00053
 27.58     -0.00065
 27.60     -0.00067
 27.62     -0.00066
 27.64     -0.00068
 27.66     -0.00068
 27.68     -0.00068
 27.70     -0.00064
 27.72     -0.00056
 27.74     -0.00045
 27.76     -0.00045
 27.78     -0.00054
 27.80     -0.00076
 27.82     -0.00102
 27.84     -0.00129
 27.86     -0.00150
 27.88     -0.00163
 27.90     -0.00170
 27.92     -0.00175
 27.94     -0.00172
 27.96     -0.00164
 27.98     -0.00149
 28.00     -0.00126
 28.02     -0.00095
 28.04     -0.00066
 28.06     -0.00039
 28.08     -0.00009
 28.10      0.00022
 28.12      0.00052
 28.14      0.00083
 28.16      0.00118
 28.18      0.00138
 28.20      0.00145
 28.22      0.00143
 28.24      0.00130
 28.26      0.00103
 28.28      0.00070
 28.30      0.00035
 28.32     -0.00003
 28.34     -0.00044
 28.36     -0.00075
 28.38     -0.00095
 28.40     -0.00105
 28.42     -0.00103
 28.44     -0.00090
 28.46     -0.00076
 28.48     -0.00060
 28.50     -0.00045
 28.52     -0.00030
 28.54     -0.00019
 28.56     -0.00013
 28.58     -0.00012
 28.60     -0.00017
 28.62     -0.00027
 28.64     -0.00039
 28.66     -0.00051
 28.68     -0.00062
 28.70     -0.00073
 28.72     -0.00081
 28.74     -0.00089
 28.76     -0.00095
 28.78     -0.00100
 28.80     -0.00101
 28.82     -0.00101
 28.84     -0.00099
 28.86     -0.00097
 28.88     -0.00094
 28.90     -0.00092
 28.92     -0.00091
 28.94     -0.00089
 28.96     -0.00085
 28.98     -0.00082
 29.00     -0.00080
 29.02     -0.00079
 29.04     -0.00078
 29.06     -0.00078
 29.08     -0.00077
 29.10     -0.00075
 29.12     -0.00073
 29.14     -0.00071
 29.16     -0.00069
 29.18     -0.00067
 29.20     -0.00064
 29.22     -0.00060
 29.24     -0.00058
 29.26     -0.00057
 29.28     -0.00057
 29.30     -0.00058
 29.32     -0.00061
 29.34     -0.00063
 29.36     -0.00065
 29.38     -0.00067
 29.40     -0.00069
 29.42     -0.00070
 29.44     -0.00069
 29.46     -0.00068
 29.48     -0.00066
 29.50     -0.00062
 29.52     -0.00058
 29.54     -0.00055
 29.56     -0.00052
 29.58     -0.00050
 29.60     -0.00048
 29.62     -0.00046
 29.64     -0.00045
 29.66     -0.00043
 29.68     -0.00043
 29.70     -0.00042
 29.72     -0.00041
 29.74     -0.00040
 29.76     -0.00039
 29.78     -0.00038
 29.80     -0.00037
 29.82     -0.00037
 29.84     -0.00037
 29.86     -0.00037
 29.88     -0.00037
 29.90     -0.00037
 29.92     -0.00036
 29.94     -0.00036
 29.96     -0.00036
 29.98     -0.00035
 30.00     -0.00034
 30.02     -0.00033
 30.04     -0.00032
 30.06     -0.00031
 30.08     -0.00030
 30.10     -0.00029
 30.12     -0.00027
 30.14     -0.00026
 30.16     -0.00025
 30.18     -0.00024
 30.20     -0.00023
 30.22     -0.00022
 30.24     -0.00021
 30.26     -0.00020
 30.28     -0.00019
 30.30     -0.00018
 30.32     -0.00017
 30.34     -0.00017
 30.36     -0.00016
 30.38     -0.00015
 30.40     -0.00015
 30.42     -0.00014
 30.44     -0.00013
 30.46     -0.00012
 30.48     -0.00012
 30.50     -0.00011
 30.52     -0.00011
 30.54     -0.00010
 30.56     -0.00010
 30.58     -0.00009
 30.60     -0.00009
 30.62     -0.00008
 30.64     -0.00008
 30.66     -0.00007
 30.68     -0.00007
 30.70     -0.00007
 30.72     -0.00006
 30.74     -0.00006
 30.76     -0.00006
 30.78     -0.00005
 30.80     -0.00005
 30.82     -0.00005
 30.84     -0.00005
 30.86     -0.00004
 30.88     -0.00004
 30.90     -0.00004
 30.92     -0.00004
 30.94     -0.00003
 30.96     -0.00003
 30.98     -0.00003
 31.00     -0.00003
 31.02     -0.00003
 31.04     -0.00003
 31.06     -0.00002
 31.08     -0.00002
 31.10     -0.00002
 31.12     -0.00002
 31.14     -0.00002
 31.16     -0.00002
 31.18     -0.00002
 31.20     -0.00001
 31.22     -0.00001
 31.24     -0.00001
 31.26     -0.00001
 31.28     -0.00001
 31.30     -0.00001
 31.32     -0.00001
 31.34     -0.00001
 31.36     -0.00001
 31.38     -0.00001
 31.40     -0.00001
 31.42     -0.00001
 31.44     -0.00001
 31.46     -0.00001
 31.48     -0.00000
 31.50     -0.00000
 31.52     -0.00000
 31.54     -0.00000
 31.56     -0.00000
 31.58     -0.00000
 31.60     -0.00000
 31.62     -0.00000
 31.64     -0.00000
 31.66     -0.00000
 31.68     -0.00000
 31.70     -0.00000
 31.72     -0.00000
 31.74     -0.00000
 31.76     -0.00000
 31.78     -0.00000
 31.80     -0.00000
 31.82     -0.00000
 31.84     -0.00000
 31.86     -0.00000
 31.88     -0.00000
 31.90     -0.00000
 31.92     -0.00000
 31.94     -0.00000
 31.96     -0.00000
 31.98      0.00000
 32.00      0.00000
