 #r(A)        h(r)         Base         G(r)
  0.02      0.00000      0.00000      0.00000
  0.04      0.00000      0.00000      0.00000
  0.06      0.00000      0.00000      0.00000
  0.08      0.00000      0.00000      0.00000
  0.10      0.00000      0.00000      0.00000
  0.12      0.00000      0.00000     -0.00000
  0.14      0.00000      0.00000     -0.00000
  0.16      0.00000      0.00000     -0.00000
  0.18      0.00000      0.00000     -0.00000
  0.20      0.00000      0.00000     -0.00000
  0.22      0.00000      0.00000     -0.00000
  0.24      0.00000      0.00001     -0.00001
  0.26      0.00000      0.00001     -0.00001
  0.28      0.00000      0.00002     -0.00002
  0.30      0.00000      0.00003     -0.00003
  0.32      0.00000      0.00004     -0.00004
  0.34      0.00000      0.00005     -0.00005
  0.36      0.00000      0.00007     -0.00007
  0.38      0.00000      0.00009     -0.00009
  0.40      0.00000      0.00012     -0.00012
  0.42      0.00000      0.00015     -0.00015
  0.44      0.00000      0.00018     -0.00018
  0.46      0.00000      0.00022     -0.00022
  0.48      0.00000      0.00026     -0.00026
  0.50      0.00000      0.00030     -0.00030
  0.52      0.00000      0.00035     -0.00035
  0.54      0.00000      0.00040     -0.00040
  0.56      0.00000      0.00046     -0.00046
  0.58      0.00000      0.00052     -0.00052
  0.60      0.00000      0.00060     -0.00060
  0.62      0.00000      0.00069     -0.00069
  0.64      0.00000      0.00081     -0.00081
  0.66      0.00000      0.00096     -0.00096
  0.68      0.00000      0.00114     -0.00114
  0.70      0.00000      0.00137     -0.00137
  0.72      0.00000      0.00164     -0.00164
  0.74      0.00000      0.00195     -0.00195
  0.76      0.00000      0.00231     -0.00231
  0.78      0.00000      0.00270     -0.00270
  0.80      0.00000      0.00313     -0.00313
  0.82      0.00000      0.00358     -0.00358
  0.84      0.00000      0.00405     -0.00405
  0.86      0.00000      0.00453     -0.00453
  0.88      0.00000      0.00502     -0.00502
  0.90      0.00000      0.00551     -0.00551
  0.92      0.00000      0.00601     -0.00601
  0.94      0.00000      0.00651     -0.00651
  0.96      0.00000      0.00701     -0.00701
  0.98      0.00000      0.00752     -0.00752
  1.00      0.00000      0.00802     -0.00802
  1.02      0.00000      0.00853     -0.00853
  1.04      0.00000      0.00904     -0.00904
  1.06      0.00000      0.00954     -0.00954
  1.08      0.00000      0.01005     -0.01005
  1.10      0.00000      0.01056     -0.01056
  1.12      0.00000      0.01107     -0.01107
  1.14      0.00000      0.01157     -0.01157
  1.16      0.00000      0.01208     -0.01208
  1.18      0.00000      0.01259     -0.01259
  1.20      0.00000      0.01310     -0.01310
  1.22      0.00000      0.01361     -0.01361
  1.24      0.00000      0.01412     -0.01412
  1.26      0.00000      0.01463     -0.01463
  1.28      0.00000      0.01514     -0.01514
  1.30      0.00000      0.01565     -0.01565
  1.32      0.00000      0.01616     -0.01616
  1.34      0.00000      0.01668     -0.01668
  1.36      0.00000      0.01719     -0.01719
  1.38      0.00000      0.01770     -0.01770
  1.40      0.00000      0.01822     -0.01822
  1.42      0.00000      0.01873     -0.01873
  1.44      0.00000      0.01925     -0.01925
  1.46      0.00000      0.01976     -0.01976
  1.48      0.00000      0.02028     -0.02028
  1.50      0.00000      0.02080     -0.02080
  1.52      0.00000      0.02132     -0.02132
  1.54      0.00000      0.02184     -0.02184
  1.56      0.00000      0.02236     -0.02236
  1.58      0.00000      0.02288     -0.02288
  1.60      0.00000      0.02341     -0.02341
  1.62      0.00000      0.02393     -0.02393
  1.64      0.00000      0.02446     -0.02446
  1.66      0.00000      0.02499     -0.02499
  1.68      0.00000      0.02552     -0.02552
  1.70      0.00000      0.02605     -0.02605
  1.72      0.00000      0.02659     -0.02659
  1.74      0.00000      0.02714     -0.02714
  1.76      0.00000      0.02769     -0.02769
  1.78      0.00000      0.02825     -0.02825
  1.80      0.00000      0.02882     -0.02882
  1.82      0.00000      0.02940     -0.02940
  1.84      0.00000      0.03000     -0.03000
  1.86      0.00000      0.03060     -0.03060
  1.88      0.00000      0.03122     -0.03122
  1.90      0.00000      0.03185     -0.03185
  1.92      0.00000      0.03249     -0.03249
  1.94      0.00000      0.03313     -0.03313
  1.96      0.00000      0.03379     -0.03379
  1.98      0.00000      0.03445     -0.03445
  2.00      0.00000      0.03512     -0.03512
  2.02      0.00000      0.03579     -0.03579
  2.04      0.00000      0.03646     -0.03646
  2.06      0.00000      0.03714     -0.03714
  2.08      0.00000      0.03783     -0.03777
  2.10      0.00000      0.03851     -0.03836
  2.12      0.00026      0.03920     -0.03859
  2.14      0.00051      0.03989     -0.03872
  2.16      0.00229      0.04059     -0.03816
  2.18      0.00278      0.04128     -0.03747
  2.20      0.00626      0.04198     -0.03576
  2.22      0.00720      0.04268     -0.03424
  2.24      0.01256      0.04338     -0.03116
  2.26      0.01342      0.04408     -0.02747
  2.28      0.02167      0.04478     -0.02375
  2.30      0.02820      0.04548     -0.02091
  2.32      0.02933      0.04617     -0.01835
  2.34      0.03025      0.04686     -0.01540
  2.36      0.02966      0.04755     -0.01435
  2.38      0.03990      0.04824     -0.01323
  2.40      0.03690      0.04892     -0.01405
  2.42      0.03833      0.04960     -0.01399
  2.44      0.02956      0.05027     -0.01428
  2.46      0.03331      0.05094     -0.01429
  2.48      0.04186      0.05160     -0.01512
  2.50      0.04016      0.05227     -0.01205
  2.52      0.03752      0.05293     -0.00772
  2.54      0.04824      0.05359      0.00104
  2.56      0.05828      0.05424      0.01400
  2.58      0.08895      0.05490      0.03868
  2.60      0.10821      0.05555      0.07715
  2.62      0.16420      0.05620      0.12628
  2.64      0.24385      0.05683      0.18516
  2.66      0.30714      0.05744      0.24171
  2.68      0.38655      0.05801      0.30073
  2.70      0.39396      0.05854      0.34401
  2.72      0.46219      0.05903      0.36825
  2.74      0.46291      0.05947      0.37178
  2.76      0.43078      0.05984      0.35571
  2.78      0.40637      0.06017      0.31078
  2.80      0.31554      0.06045      0.24912
  2.82      0.23914      0.06070      0.19020
  2.84      0.15605      0.06092      0.12618
  2.86      0.13739      0.06113      0.07740
  2.88      0.08737      0.06133      0.03815
  2.90      0.07270      0.06152      0.01042
  2.92      0.04388      0.06171     -0.01297
  2.94      0.01837      0.06189     -0.02860
  2.96      0.02138      0.06208     -0.04180
  2.98      0.01012      0.06228     -0.04982
  3.00      0.00767      0.06247     -0.05249
  3.02      0.00474      0.06266     -0.05574
  3.04      0.00598      0.06286     -0.05738
  3.06      0.00609      0.06306     -0.05831
  3.08      0.00294      0.06326     -0.05903
  3.10      0.00401      0.06347     -0.05951
  3.12      0.00213      0.06367     -0.06020
  3.14      0.00464      0.06388     -0.06028
  3.16      0.00364      0.06408     -0.06042
  3.18      0.00358      0.06429     -0.06049
  3.20      0.00434      0.06450     -0.06089
  3.22      0.00281      0.06471     -0.06113
  3.24      0.00368      0.06493     -0.06129
  3.26      0.00353      0.06514     -0.06121
  3.28      0.00380      0.06536     -0.06095
  3.30      0.00585      0.06558     -0.06011
  3.32      0.00519      0.06580     -0.05977
  3.34      0.00899      0.06603     -0.05998
  3.36      0.00634      0.06627     -0.05992
  3.38      0.00389      0.06651     -0.06005
  3.40      0.00731      0.06676     -0.06045
  3.42      0.00575      0.06703     -0.06025
  3.44      0.00828      0.06730     -0.05948
  3.46      0.00866      0.06759     -0.05944
  3.48      0.00910      0.06789     -0.05933
  3.50      0.00893      0.06820     -0.05931
  3.52      0.00782      0.06853     -0.05950
  3.54      0.00993      0.06886     -0.05904
  3.56      0.00937      0.06921     -0.05865
  3.58      0.01306      0.06956     -0.05765
  3.60      0.01259      0.06992     -0.05719
  3.62      0.01463      0.07029     -0.05461
  3.64      0.01401      0.07065     -0.05101
  3.66      0.02409      0.07102     -0.04562
  3.68      0.03291      0.07139     -0.03976
  3.70      0.04137      0.07176     -0.03289
  3.72      0.04580      0.07213     -0.02213
  3.74      0.05018      0.07249     -0.01295
  3.76      0.07973      0.07284     -0.00124
  3.78      0.08058      0.07318      0.00824
  3.80      0.10170      0.07350      0.02306
  3.82      0.09491      0.07381      0.03150
  3.84      0.12590      0.07410      0.03875
  3.86      0.12348      0.07437      0.04078
  3.88      0.11825      0.07463      0.04540
  3.90      0.11325      0.07486      0.03597
  3.92      0.11924      0.07508      0.02869
  3.94      0.07993      0.07529      0.01818
  3.96      0.08816      0.07548      0.00615
  3.98      0.06672      0.07567     -0.01038
  4.00      0.05413      0.07586     -0.01885
  4.02      0.03754      0.07606     -0.02772
  4.04      0.03853      0.07626     -0.03542
  4.06      0.04474      0.07648     -0.03860
  4.08      0.02928      0.07670     -0.04030
  4.10      0.03926      0.07694     -0.04296
  4.12      0.03019      0.07720     -0.04640
  4.14      0.02642      0.07747     -0.04671
  4.16      0.02882      0.07776     -0.04925
  4.18      0.02910      0.07806     -0.05130
  4.20      0.02801      0.07838     -0.05333
  4.22      0.02149      0.07871     -0.05452
  4.24      0.01781      0.07904     -0.05646
  4.26      0.02451      0.07938     -0.05772
  4.28      0.02108      0.07973     -0.05698
  4.30      0.02340      0.08008     -0.05572
  4.32      0.02695      0.08044     -0.05523
  4.34      0.02590      0.08081     -0.05416
  4.36      0.02876      0.08117     -0.05312
  4.38      0.02824      0.08154     -0.05286
  4.40      0.03043      0.08191     -0.05137
  4.42      0.03009      0.08229     -0.05145
  4.44      0.03521      0.08267     -0.04907
  4.46      0.03021      0.08304     -0.04578
  4.48      0.04202      0.08342     -0.04213
  4.50      0.04879      0.08380     -0.03699
  4.52      0.05022      0.08418     -0.02644
  4.54      0.06281      0.08456     -0.01800
  4.56      0.08484      0.08493      0.00009
  4.58      0.08609      0.08529      0.02192
  4.60      0.14112      0.08565      0.04636
  4.62      0.16118      0.08600      0.07520
  4.64      0.18685      0.08633      0.11466
  4.66      0.23075      0.08665      0.15318
  4.68      0.28507      0.08696      0.18941
  4.70      0.33530      0.08725      0.22633
  4.72      0.34387      0.08753      0.25113
  4.74      0.37291      0.08778      0.26292
  4.76      0.35612      0.08801      0.26068
  4.78      0.34528      0.08823      0.24656
  4.80      0.32529      0.08843      0.21952
  4.82      0.27435      0.08862      0.18636
  4.84      0.23874      0.08878      0.14757
  4.86      0.19122      0.08894      0.10515
  4.88      0.15219      0.08907      0.07148
  4.90      0.11393      0.08920      0.04041
  4.92      0.10670      0.08931      0.01594
  4.94      0.08401      0.08942     -0.00497
  4.96      0.06945      0.08953     -0.01944
  4.98      0.04814      0.08962     -0.03245
  5.00      0.04210      0.08972     -0.04331
  5.02      0.04214      0.08982     -0.05174
  5.04      0.03020      0.08991     -0.05630
  5.06      0.02781      0.09001     -0.05982
  5.08      0.02584      0.09012     -0.06341
  5.10      0.02496      0.09024     -0.06590
  5.12      0.02473      0.09036     -0.06711
  5.14      0.01833      0.09051     -0.06783
  5.16      0.02240      0.09067     -0.06889
  5.18      0.02295      0.09085     -0.07007
  5.20      0.02049      0.09105     -0.06935
  5.22      0.01969      0.09128     -0.06834
  5.24      0.02296      0.09153     -0.06830
  5.26      0.02857      0.09182     -0.06397
  5.28      0.02448      0.09214     -0.05765
  5.30      0.04354      0.09247     -0.05091
  5.32      0.05289      0.09283     -0.04310
  5.34      0.05836      0.09320     -0.02613
  5.36      0.06936      0.09358     -0.01462
  5.38      0.11122      0.09397     -0.00103
  5.40      0.10298      0.09435      0.01288
  5.42      0.12277      0.09473      0.02788
  5.44      0.12981      0.09509      0.03428
  5.46      0.14624      0.09544      0.04471
  5.48      0.14503      0.09576      0.04689
  5.50      0.15688      0.09607      0.04444
  5.52      0.13531      0.09636      0.03892
  5.54      0.11912      0.09662      0.03024
  5.56      0.12004      0.09687      0.01613
  5.58      0.10295      0.09710      0.00287
  5.60      0.08761      0.09732     -0.00686
  5.62      0.07016      0.09753     -0.02163
  5.64      0.07155      0.09773     -0.03251
  5.66      0.04720      0.09792     -0.04131
  5.68      0.04956      0.09811     -0.04768
  5.70      0.04454      0.09830     -0.05472
  5.72      0.03931      0.09849     -0.05846
  5.74      0.03729      0.09868     -0.06282
  5.76      0.02946      0.09888     -0.06692
  5.78      0.02868      0.09908     -0.06884
  5.80      0.02504      0.09928     -0.07007
  5.82      0.03072      0.09950     -0.06924
  5.84      0.03219      0.09973     -0.06530
  5.86      0.03466      0.09996     -0.05881
  5.88      0.04950      0.10021     -0.05097
  5.90      0.05867      0.10046     -0.04239
  5.92      0.07119      0.10072     -0.03154
  5.94      0.07631      0.10098     -0.02047
  5.96      0.09020      0.10124     -0.00623
  5.98      0.10618      0.10150      0.01032
  6.00      0.13117      0.10175      0.02822
  6.02      0.15522      0.10199      0.04758
  6.04      0.16708      0.10222      0.06536
  6.06      0.18823      0.10242      0.08101
  6.08      0.19616      0.10261      0.09778
  6.10      0.21047      0.10277      0.11110
  6.12      0.24001      0.10291      0.11746
  6.14      0.23449      0.10302      0.12092
  6.16      0.22069      0.10310      0.11347
  6.18      0.21403      0.10317      0.09832
  6.20      0.17366      0.10321      0.07541
  6.22      0.16456      0.10324      0.05256
  6.24      0.12017      0.10326      0.02681
  6.26      0.10657      0.10328      0.00933
  6.28      0.08541      0.10330     -0.00757
  6.30      0.08635      0.10333     -0.01655
  6.32      0.08015      0.10335     -0.02731
  6.34      0.07540      0.10337     -0.03396
  6.36      0.05288      0.10339     -0.04088
  6.38      0.05225      0.10342     -0.04637
  6.40      0.05186      0.10345     -0.05270
  6.42      0.05287      0.10348     -0.05441
  6.44      0.04388      0.10351     -0.05589
  6.46      0.04444      0.10354     -0.05624
  6.48      0.04505      0.10358     -0.05807
  6.50      0.05024      0.10362     -0.05852
  6.52      0.04394      0.10366     -0.05774
  6.54      0.04185      0.10372     -0.05706
  6.56      0.04853      0.10378     -0.05618
  6.58      0.04874      0.10384     -0.05093
  6.60      0.05494      0.10392     -0.04494
  6.62      0.07054      0.10401     -0.03822
  6.64      0.07216      0.10412     -0.03216
  6.66      0.08258      0.10423     -0.02381
  6.68      0.07954      0.10437     -0.01929
  6.70      0.09728      0.10452     -0.01562
  6.72      0.09384      0.10470     -0.01242
  6.74      0.09126      0.10490     -0.01188
  6.76      0.09948      0.10513     -0.01669
  6.78      0.08326      0.10539     -0.01887
  6.80      0.07434      0.10567     -0.02389
  6.82      0.08425      0.10598     -0.03127
  6.84      0.06757      0.10632     -0.03555
  6.86      0.06413      0.10667     -0.03900
  6.88      0.06355      0.10705     -0.04341
  6.90      0.05886      0.10744     -0.04540
  6.92      0.06409      0.10783     -0.04665
  6.94      0.05955      0.10824     -0.04702
  6.96      0.05985      0.10865     -0.04518
  6.98      0.06375      0.10906     -0.04458
  7.00      0.07010      0.10949     -0.04077
  7.02      0.06915      0.10991     -0.03319
  7.04      0.08070      0.11033     -0.02371
  7.06      0.09988      0.11076     -0.01270
  7.08      0.11328      0.11118      0.00753
  7.10      0.12730      0.11160      0.02850
  7.12      0.17238      0.11201      0.05255
  7.14      0.18765      0.11240      0.07876
  7.16      0.22216      0.11276      0.10549
  7.18      0.24632      0.11310      0.13138
  7.20      0.26276      0.11340      0.16232
  7.22      0.30354      0.11366      0.18608
  7.24      0.34384      0.11388      0.20101
  7.26      0.34229      0.11404      0.20516
  7.28      0.32202      0.11414      0.19910
  7.30      0.28431      0.11419      0.18166
  7.32      0.27376      0.11420      0.15821
  7.34      0.25689      0.11416      0.12989
  7.36      0.22508      0.11409      0.10505
  7.38      0.18022      0.11399      0.07625
  7.40      0.15976      0.11388      0.04668
  7.42      0.12929      0.11375      0.02042
  7.44      0.10843      0.11361      0.00368
  7.46      0.09313      0.11348     -0.01252
  7.48      0.09584      0.11336     -0.02417
  7.50      0.07812      0.11325     -0.03306
  7.52      0.07043      0.11315     -0.03941
  7.54      0.06339      0.11306     -0.04726
  7.56      0.06089      0.11298     -0.05226
  7.58      0.05614      0.11292     -0.05630
  7.60      0.05274      0.11287     -0.05867
  7.62      0.04993      0.11283     -0.05800
  7.64      0.05131      0.11281     -0.05891
  7.66      0.06403      0.11279     -0.05563
  7.68      0.05145      0.11277     -0.05423
  7.70      0.06903      0.11277     -0.05210
  7.72      0.05691      0.11277     -0.05198
  7.74      0.06194      0.11278     -0.05087
  7.76      0.06465      0.11280     -0.05311
  7.78      0.05705      0.11283     -0.05310
  7.80      0.05792      0.11287     -0.05356
  7.82      0.05709      0.11292     -0.05577
  7.84      0.05984      0.11299     -0.05741
  7.86      0.05384      0.11307     -0.05965
  7.88      0.04922      0.11317     -0.06071
  7.90      0.04710      0.11330     -0.06162
  7.92      0.05231      0.11344     -0.06101
  7.94      0.05591      0.11360     -0.05714
  7.96      0.05759      0.11378     -0.05376
  7.98      0.06938      0.11397     -0.04895
  8.00      0.06489      0.11418     -0.04377
  8.02      0.07734      0.11440     -0.03619
  8.04      0.08284      0.11462     -0.02684
  8.06      0.09659      0.11486     -0.01487
  8.08      0.11728      0.11510     -0.00129
  8.10      0.12588      0.11535      0.01416
  8.12      0.14649      0.11560      0.02948
  8.14      0.16134      0.11585      0.04528
  8.16      0.17444      0.11610      0.06013
  8.18      0.19749      0.11634      0.06782
  8.20      0.20138      0.11657      0.07961
  8.22      0.18613      0.11679      0.08216
  8.24      0.22146      0.11699      0.08193
  8.26      0.18826      0.11717      0.07569
  8.28      0.19738      0.11733      0.06828
  8.30      0.17105      0.11747      0.05152
  8.32      0.14991      0.11759      0.03730
  8.34      0.13832      0.11769      0.01857
  8.36      0.11778      0.11778      0.00561
  8.38      0.10423      0.11786     -0.00584
  8.40      0.10668      0.11793     -0.01724
  8.42      0.09309      0.11800     -0.02177
  8.44      0.08169      0.11805     -0.02422
  8.46      0.09545      0.11811     -0.02570
  8.48      0.09228      0.11817     -0.02388
  8.50      0.09953      0.11822     -0.01825
  8.52      0.10247      0.11827     -0.01507
  8.54      0.11013      0.11832     -0.01106
  8.56      0.11156      0.11836     -0.00660
  8.58      0.11259      0.11841     -0.00064
  8.60      0.12208      0.11845      0.00606
  8.62      0.13247      0.11849      0.01117
  8.64      0.14382      0.11852      0.01431
  8.66      0.13732      0.11855      0.01726
  8.68      0.12847      0.11858      0.01897
  8.70      0.13697      0.11860      0.01374
  8.72      0.14113      0.11862      0.00847
  8.74      0.11780      0.11862      0.00402
  8.76      0.11106      0.11863     -0.00500
  8.78      0.10624      0.11863     -0.01556
  8.80      0.09190      0.11863     -0.02218
  8.82      0.08833      0.11863     -0.02923
  8.84      0.08472      0.11862     -0.03709
  8.86      0.07578      0.11862     -0.04081
  8.88      0.06693      0.11861     -0.04467
  8.90      0.07329      0.11861     -0.04644
  8.92      0.06895      0.11860     -0.04467
  8.94      0.07585      0.11860     -0.04091
  8.96      0.08462      0.11859     -0.03464
  8.98      0.08570      0.11858     -0.02533
  9.00      0.10462      0.11858     -0.01492
  9.02      0.11547      0.11856     -0.00724
  9.04      0.12789      0.11854      0.00309
  9.06      0.12294      0.11850      0.00948
  9.08      0.13719      0.11846      0.01319
  9.10      0.13641      0.11842      0.01325
  9.12      0.13383      0.11836      0.01439
  9.14      0.12794      0.11830      0.01004
  9.16      0.12840      0.11825      0.00506
  9.18      0.11516      0.11820      0.00205
  9.20      0.11119      0.11815     -0.00446
  9.22      0.11853      0.11813     -0.01257
  9.24      0.09517      0.11812     -0.01816
  9.26      0.08772      0.11813     -0.02149
  9.28      0.08714      0.11817     -0.02762
  9.30      0.09462      0.11825     -0.02959
  9.32      0.08811      0.11836     -0.02903
  9.34      0.08570      0.11848     -0.02832
  9.36      0.09108      0.11864     -0.02673
  9.38      0.09131      0.11882     -0.02293
  9.40      0.10333      0.11901     -0.01833
  9.42      0.10804      0.11922     -0.01184
  9.44      0.10967      0.11943     -0.00388
  9.46      0.12455      0.11964      0.00209
  9.48      0.13214      0.11986      0.00567
  9.50      0.13426      0.12006      0.00980
  9.52      0.12700      0.12026      0.00926
  9.54      0.13136      0.12046      0.00963
  9.56      0.12287      0.12064      0.00671
  9.58      0.13497      0.12082      0.00536
  9.60      0.12056      0.12100      0.00214
  9.62      0.12116      0.12116      0.00019
  9.64      0.11611      0.12132      0.00063
  9.66      0.11398      0.12148      0.00374
  9.68      0.13794      0.12163      0.00801
  9.70      0.13690      0.12177      0.01579
  9.72      0.14326      0.12190      0.02603
  9.74      0.15572      0.12203      0.03752
  9.76      0.16583      0.12214      0.05056
  9.78      0.19600      0.12223      0.06573
  9.80      0.20268      0.12231      0.08236
  9.82      0.21957      0.12237      0.10129
  9.84      0.23926      0.12240      0.11495
  9.86      0.26078      0.12241      0.12580
  9.88      0.26447      0.12238      0.13238
  9.90      0.25698      0.12233      0.13368
  9.92      0.25232      0.12225      0.12488
  9.94      0.24551      0.12214      0.11054
  9.96      0.21639      0.12201      0.09219
  9.98      0.19221      0.12186      0.07079
 10.00      0.16460      0.12170      0.04741
 10.02      0.14457      0.12153      0.02539
 10.04      0.12779      0.12135      0.00593
 10.06      0.10544      0.12117     -0.00946
 10.08      0.09398      0.12098     -0.02128
 10.10      0.08676      0.12081     -0.03288
 10.12      0.08457      0.12063     -0.04073
 10.14      0.06887      0.12047     -0.04702
 10.16      0.06534      0.12031     -0.05374
 10.18      0.06169      0.12017     -0.05923
 10.20      0.05237      0.12004     -0.06195
 10.22      0.05646      0.11994     -0.06466
 10.24      0.05462      0.11985     -0.06738
 10.26      0.05123      0.11978     -0.06692
 10.28      0.04769      0.11973     -0.06653
 10.30      0.05429      0.11970     -0.06500
 10.32      0.05816      0.11969     -0.06397
 10.34      0.06215      0.11970     -0.05927
 10.36      0.05630      0.11971     -0.05448
 10.38      0.07124      0.11974     -0.05157
 10.40      0.07832      0.11978     -0.04666
 10.42      0.07288      0.11982     -0.03773
 10.44      0.08685      0.11987     -0.03162
 10.46      0.10118      0.11992     -0.02451
 10.48      0.10202      0.11997     -0.01291
 10.50      0.11412      0.12002     -0.00257
 10.52      0.13109      0.12006      0.00784
 10.54      0.13882      0.12011      0.01891
 10.56      0.15344      0.12014      0.02713
 10.58      0.15762      0.12017      0.03715
 10.60      0.15540      0.12019      0.04236
 10.62      0.18134      0.12021      0.04291
 10.64      0.16498      0.12021      0.04286
 10.66      0.15625      0.12020      0.03957
 10.68      0.15734      0.12018      0.02934
 10.70      0.13895      0.12016      0.01871
 10.72      0.13009      0.12013      0.00869
 10.74      0.11173      0.12010     -0.00365
 10.76      0.10600      0.12008     -0.01288
 10.78      0.09550      0.12005     -0.02164
 10.80      0.09268      0.12002     -0.02806
 10.82      0.08614      0.12000     -0.03400
 10.84      0.07947      0.11997     -0.03654
 10.86      0.07619      0.11995     -0.03871
 10.88      0.08269      0.11993     -0.03977
 10.90      0.08168      0.11991     -0.04087
 10.92      0.08078      0.11990     -0.03891
 10.94      0.07389      0.11988     -0.03845
 10.96      0.08589      0.11986     -0.03580
 10.98      0.08493      0.11985     -0.03517
 11.00      0.09486      0.11984     -0.03353
 11.02      0.08387      0.11983     -0.03254
 11.04      0.08202      0.11982     -0.03268
 11.06      0.09079      0.11982     -0.03168
 11.08      0.08416      0.11982     -0.03117
 11.10      0.09985      0.11983     -0.02775
 11.12      0.08647      0.11985     -0.02381
 11.14      0.09915      0.11987     -0.01851
 11.16      0.11056      0.11990     -0.01498
 11.18      0.11079      0.11993     -0.00779
 11.20      0.11763      0.11997      0.00023
 11.22      0.12257      0.12000      0.00492
 11.24      0.13943      0.12003      0.01350
 11.26      0.13414      0.12005      0.02072
 11.28      0.15388      0.12007      0.02614
 11.30      0.15384      0.12007      0.02807
 11.32      0.14975      0.12006      0.03474
 11.34      0.14907      0.12004      0.03179
 11.36      0.16747      0.12001      0.02898
 11.38      0.13903      0.11996      0.02625
 11.40      0.13962      0.11990      0.02030
 11.42      0.13583      0.11983      0.01135
 11.44      0.11906      0.11975      0.00502
 11.46      0.12236      0.11966      0.00043
 11.48      0.10697      0.11958     -0.00328
 11.50      0.11624      0.11949     -0.00438
 11.52      0.11685      0.11940     -0.00511
 11.54      0.11314      0.11932     -0.00339
 11.56      0.11826      0.11923     -0.00085
 11.58      0.11515      0.11914     -0.00021
 11.60      0.12851      0.11906      0.00461
 11.62      0.11961      0.11898      0.00547
 11.64      0.13683      0.11889      0.00917
 11.66      0.12211      0.11881      0.00677
 11.68      0.13328      0.11874      0.00735
 11.70      0.11608      0.11866      0.00612
 11.72      0.12211      0.11859      0.00544
 11.74      0.13033      0.11852      0.00540
 11.76      0.11833      0.11846      0.00964
 11.78      0.13274      0.11840      0.01048
 11.80      0.13698      0.11835      0.01448
 11.82      0.12603      0.11830      0.02152
 11.84      0.15004      0.11826      0.02630
 11.86      0.15332      0.11822      0.03316
 11.88      0.15644      0.11819      0.04332
 11.90      0.17109      0.11817      0.05259
 11.92      0.17668      0.11815      0.06072
 11.94      0.19628      0.11812      0.06450
 11.96      0.19385      0.11810      0.06829
 11.98      0.17525      0.11807      0.06612
 12.00      0.18988      0.11804      0.05821
 12.02      0.16572      0.11800      0.05051
 12.04      0.15657      0.11796      0.04081
 12.06      0.15513      0.11791      0.02916
 12.08      0.12653      0.11786      0.01933
 12.10      0.13140      0.11780      0.00966
 12.12      0.11628      0.11774     -0.00207
 12.14      0.10797      0.11768     -0.00542
 12.16      0.09618      0.11761     -0.01117
 12.18      0.10944      0.11755     -0.01341
 12.20      0.10235      0.11749     -0.01424
 12.22      0.10476      0.11743     -0.01182
 12.24      0.10355      0.11737     -0.01235
 12.26      0.10796      0.11731     -0.01004
 12.28      0.10650      0.11725     -0.01280
 12.30      0.11359      0.11719     -0.01260
 12.32      0.09069      0.11713     -0.01395
 12.34      0.10423      0.11707     -0.01508
 12.36      0.10090      0.11701     -0.01814
 12.38      0.10051      0.11694     -0.01559
 12.40      0.09801      0.11688     -0.01767
 12.42      0.10309      0.11681     -0.01648
 12.44      0.09350      0.11674     -0.01604
 12.46      0.10654      0.11667     -0.01265
 12.48      0.10234      0.11659     -0.00961
 12.50      0.11462      0.11652     -0.00372
 12.52      0.11791      0.11644     -0.00042
 12.54      0.12262      0.11637      0.00269
 12.56      0.12263      0.11629      0.00336
 12.58      0.11749      0.11620      0.00060
 12.60      0.11757      0.11612     -0.00046
 12.62      0.10372      0.11604     -0.00292
 12.64      0.11693      0.11596     -0.00536
 12.66      0.10990      0.11589     -0.00917
 12.68      0.10493      0.11582     -0.00993
 12.70      0.09814      0.11575     -0.01294
 12.72      0.09954      0.11568     -0.01589
 12.74      0.10154      0.11561     -0.01887
 12.76      0.09479      0.11555     -0.01942
 12.78      0.08971      0.11548     -0.02037
 12.80      0.09507      0.11542     -0.02076
 12.82      0.09445      0.11535     -0.02134
 12.84      0.09926      0.11528     -0.01981
 12.86      0.09158      0.11521     -0.01913
 12.88      0.09702      0.11513     -0.01765
 12.90      0.09807      0.11505     -0.01804
 12.92      0.10145      0.11496     -0.01464
 12.94      0.09693      0.11487     -0.01363
 12.96      0.10817      0.11478     -0.01155
 12.98      0.10160      0.11467     -0.01165
 13.00      0.10796      0.11456     -0.01023
 13.02      0.10044      0.11445     -0.01078
 13.04      0.10349      0.11433     -0.00832
 13.06      0.10487      0.11421     -0.00856
 13.08      0.11333      0.11408     -0.00598
 13.10      0.10611      0.11395     -0.00105
 13.12      0.11273      0.11382      0.00120
 13.14      0.12746      0.11368      0.00238
 13.16      0.11550      0.11354      0.00323
 13.18      0.11854      0.11339      0.00371
 13.20      0.10962      0.11324      0.00013
 13.22      0.11438      0.11310     -0.00304
 13.24      0.10885      0.11295     -0.00685
 13.26      0.09890      0.11281     -0.01030
 13.28      0.09876      0.11267     -0.01664
 13.30      0.09163      0.11254     -0.02153
 13.32      0.08203      0.11242     -0.02451
 13.34      0.08374      0.11232     -0.02690
 13.36      0.08342      0.11222     -0.02849
 13.38      0.08627      0.11213     -0.02845
 13.40      0.08319      0.11205     -0.02776
 13.42      0.08174      0.11197     -0.02664
 13.44      0.08680      0.11190     -0.02710
 13.46      0.08868      0.11184     -0.02548
 13.48      0.08363      0.11178     -0.02084
 13.50      0.09095      0.11173     -0.01745
 13.52      0.10466      0.11167     -0.01498
 13.54      0.10345      0.11162     -0.01074
 13.56      0.10075      0.11157     -0.00340
 13.58      0.10459      0.11151      0.00328
 13.60      0.12739      0.11146      0.01025
 13.62      0.13777      0.11140      0.02054
 13.64      0.13803      0.11134      0.03246
 13.66      0.15193      0.11128      0.03820
 13.68      0.16389      0.11121      0.04185
 13.70      0.15575      0.11113      0.04562
 13.72      0.15571      0.11105      0.04707
 13.74      0.15645      0.11096      0.04141
 13.76      0.15878      0.11087      0.03833
 13.78      0.13515      0.11077      0.03348
 13.80      0.13990      0.11067      0.02909
 13.82      0.13096      0.11056      0.02170
 13.84      0.13401      0.11046      0.01876
 13.86      0.12128      0.11035      0.01229
 13.88      0.11995      0.11025      0.00772
 13.90      0.10702      0.11015      0.00105
 13.92      0.10760      0.11005     -0.00174
 13.94      0.10016      0.10996     -0.00249
 13.96      0.10684      0.10988     -0.00289
 13.98      0.11577      0.10981     -0.00138
 14.00      0.10460      0.10974      0.00057
 14.02      0.11478      0.10968      0.00315
 14.04      0.10960      0.10963      0.00478
 14.06      0.11940      0.10957      0.00699
 14.08      0.12364      0.10952      0.00864
 14.10      0.11538      0.10947      0.01365
 14.12      0.12281      0.10942      0.01657
 14.14      0.13439      0.10936      0.02069
 14.16      0.13370      0.10930      0.02873
 14.18      0.14398      0.10923      0.03446
 14.20      0.15524      0.10915      0.03726
 14.22      0.15112      0.10906      0.04236
 14.24      0.14798      0.10896      0.04476
 14.26      0.15875      0.10884      0.04581
 14.28      0.15550      0.10872      0.04767
 14.30      0.15991      0.10858      0.04717
 14.32      0.15979      0.10843      0.04340
 14.34      0.14482      0.10827      0.03671
 14.36      0.13914      0.10809      0.02716
 14.38      0.12122      0.10791      0.01823
 14.40      0.11131      0.10773      0.00982
 14.42      0.11420      0.10754      0.00418
 14.44      0.10185      0.10735      0.00038
 14.46      0.11004      0.10715     -0.00169
 14.48      0.10126      0.10696     -0.00471
 14.50      0.09997      0.10676     -0.00470
 14.52      0.09814      0.10657     -0.00787
 14.54      0.10092      0.10638     -0.00857
 14.56      0.09323      0.10619     -0.01188
 14.58      0.09678      0.10601     -0.01403
 14.60      0.08248      0.10583     -0.01749
 14.62      0.08647      0.10565     -0.02036
 14.64      0.08269      0.10548     -0.02369
 14.66      0.07802      0.10532     -0.02522
 14.68      0.07931      0.10517     -0.02715
 14.70      0.07404      0.10502     -0.02820
 14.72      0.07605      0.10489     -0.02881
 14.74      0.07670      0.10475     -0.03001
 14.76      0.07426      0.10463     -0.02982
 14.78      0.07266      0.10450     -0.03005
 14.80      0.07433      0.10439     -0.03026
 14.82      0.07431      0.10427     -0.03003
 14.84      0.07508      0.10416     -0.03025
 14.86      0.07481      0.10405     -0.03106
 14.88      0.07103      0.10394     -0.03243
 14.90      0.06970      0.10383     -0.03409
 14.92      0.06693      0.10373     -0.03628
 14.94      0.06622      0.10363     -0.03759
 14.96      0.06339      0.10353     -0.03669
 14.98      0.06398      0.10344     -0.03690
 15.00      0.07372      0.10335     -0.03501
 15.02      0.06541      0.10326     -0.03197
 15.04      0.07519      0.10318     -0.02812
 15.06      0.07817      0.10309     -0.02479
 15.08      0.08277      0.10301     -0.01988
 15.10      0.08997      0.10293     -0.01532
 15.12      0.08955      0.10285     -0.01134
 15.14      0.09760      0.10277     -0.00618
 15.16      0.09768      0.10269     -0.00133
 15.18      0.10816      0.10261      0.00403
 15.20      0.11380      0.10253      0.00865
 15.22      0.11598      0.10244      0.01552
 15.24      0.12027      0.10235      0.02161
 15.26      0.13158      0.10225      0.02436
 15.28      0.13818      0.10214      0.02650
 15.30      0.12706      0.10203      0.02704
 15.32      0.12614      0.10190      0.02345
 15.34      0.12238      0.10176      0.01714
 15.36      0.11299      0.10162      0.01107
 15.38      0.10593      0.10147      0.00547
 15.40      0.09602      0.10132      0.00095
 15.42      0.09736      0.10116     -0.00375
 15.44      0.09902      0.10100     -0.00696
 15.46      0.08872      0.10083     -0.00918
 15.48      0.08905      0.10067     -0.01172
 15.50      0.08408      0.10050     -0.01331
 15.52      0.08385      0.10033     -0.01262
 15.54      0.09025      0.10017     -0.01175
 15.56      0.09133      0.10001     -0.00880
 15.58      0.09257      0.09984     -0.00340
 15.60      0.09802      0.09968      0.00096
 15.62      0.11005      0.09952      0.00550
 15.64      0.11126      0.09936      0.01087
 15.66      0.11321      0.09920      0.01448
 15.68      0.11864      0.09904      0.01996
 15.70      0.11526      0.09888      0.02445
 15.72      0.13663      0.09873      0.02847
 15.74      0.13293      0.09857      0.03059
 15.76      0.13255      0.09841      0.03237
 15.78      0.12845      0.09825      0.03091
 15.80      0.12334      0.09809      0.02921
 15.82      0.12856      0.09793      0.02842
 15.84      0.12358      0.09776      0.02545
 15.86      0.12781      0.09760      0.02271
 15.88      0.11277      0.09743      0.01919
 15.90      0.10882      0.09726      0.01698
 15.92      0.11012      0.09709      0.01250
 15.94      0.11171      0.09693      0.01199
 15.96      0.10455      0.09676      0.00856
 15.98      0.10938      0.09659      0.00530
 16.00      0.09083      0.09642      0.00244
 16.02      0.09298      0.09625      0.00037
 16.04      0.09655      0.09609     -0.00366
 16.06      0.09335      0.09592     -0.00433
 16.08      0.08841      0.09576     -0.00437
 16.10      0.08669      0.09560     -0.00617
 16.12      0.09195      0.09545     -0.00796
 16.14      0.08677      0.09529     -0.00791
 16.16      0.08359      0.09514     -0.00874
 16.18      0.08793      0.09499     -0.00827
 16.20      0.08177      0.09485     -0.00863
 16.22      0.09357      0.09471     -0.00829
 16.24      0.08424      0.09458     -0.00938
 16.26      0.08463      0.09445     -0.00952
 16.28      0.08179      0.09433     -0.01126
 16.30      0.08044      0.09421     -0.01057
 16.32      0.08424      0.09411     -0.01035
 16.34      0.08711      0.09401     -0.00769
 16.36      0.08520      0.09391     -0.00559
 16.38      0.09457      0.09382     -0.00370
 16.40      0.09048      0.09374     -0.00287
 16.42      0.09324      0.09365     -0.00003
 16.44      0.09082      0.09357      0.00168
 16.46      0.09901      0.09349      0.00372
 16.48      0.10272      0.09341      0.00626
 16.50      0.10025      0.09332      0.00910
 16.52      0.10555      0.09323      0.01175
 16.54      0.10456      0.09314      0.01326
 16.56      0.11183      0.09304      0.01636
 16.58      0.10978      0.09294      0.01876
 16.60      0.11527      0.09283      0.02115
 16.62      0.11705      0.09271      0.02377
 16.64      0.11592      0.09258      0.02690
 16.66      0.12439      0.09245      0.02775
 16.68      0.12478      0.09230      0.02820
 16.70      0.11883      0.09215      0.02757
 16.72      0.11857      0.09198      0.02449
 16.74      0.11201      0.09181      0.01932
 16.76      0.10820      0.09163      0.01593
 16.78      0.09804      0.09144      0.01011
 16.80      0.10100      0.09125      0.00384
 16.82      0.08850      0.09105     -0.00254
 16.84      0.07970      0.09085     -0.00752
 16.86      0.07535      0.09065     -0.01444
 16.88      0.07210      0.09045     -0.01843
 16.90      0.06544      0.09025     -0.02061
 16.92      0.06752      0.09005     -0.02154
 16.94      0.06779      0.08985     -0.02362
 16.96      0.06971      0.08965     -0.02457
 16.98      0.06070      0.08945     -0.02402
 17.00      0.05967      0.08925     -0.02448
 17.02      0.06925      0.08905     -0.02449
 17.04      0.06451      0.08885     -0.02365
 17.06      0.06867      0.08865     -0.02245
 17.08      0.06387      0.08845     -0.02169
 17.10      0.06470      0.08826     -0.02064
 17.12      0.07203      0.08806     -0.01862
 17.14      0.06880      0.08787     -0.01676
 17.16      0.07782      0.08768     -0.01524
 17.18      0.07219      0.08749     -0.01547
 17.20      0.07136      0.08731     -0.01506
 17.22      0.06995      0.08713     -0.01715
 17.24      0.06992      0.08695     -0.01814
 17.26      0.06646      0.08678     -0.01799
 17.28      0.06638      0.08661     -0.01788
 17.30      0.07122      0.08645     -0.01818
 17.32      0.06967      0.08630     -0.01668
 17.34      0.06765      0.08615     -0.01464
 17.36      0.07317      0.08601     -0.01455
 17.38      0.07582      0.08587     -0.01221
 17.40      0.07095      0.08573     -0.00975
 17.42      0.08070      0.08560     -0.00746
 17.44      0.07924      0.08546     -0.00581
 17.46      0.08395      0.08533     -0.00375
 17.48      0.08340      0.08519     -0.00242
 17.50      0.08059      0.08506     -0.00053
 17.52      0.08670      0.08492      0.00095
 17.54      0.08799      0.08478      0.00269
 17.56      0.09067      0.08464      0.00572
 17.58      0.09139      0.08450      0.00759
 17.60      0.09503      0.08435      0.00907
 17.62      0.09535      0.08420      0.00868
 17.64      0.09466      0.08405      0.00864
 17.66      0.08796      0.08390      0.00867
 17.68      0.09045      0.08375      0.00851
 17.70      0.09443      0.08360      0.00931
 17.72      0.09379      0.08345      0.01162
 17.74      0.09789      0.08330      0.01284
 17.76      0.09877      0.08315      0.01239
 17.78      0.09580      0.08300      0.01437
 17.80      0.09143      0.08286      0.01570
 17.82      0.10297      0.08271      0.01522
 17.84      0.10382      0.08257      0.01652
 17.86      0.09565      0.08242      0.01888
 17.88      0.10154      0.08228      0.01883
 17.90      0.10250      0.08213      0.02016
 17.92      0.10202      0.08198      0.02119
 17.94      0.10977      0.08183      0.02268
 17.96      0.10002      0.08168      0.02302
 17.98      0.10827      0.08152      0.02213
 18.00      0.10339      0.08136      0.02010
 18.02      0.09681      0.08120      0.01910
 18.04      0.09882      0.08104      0.01530
 18.06      0.09422      0.08087      0.01452
 18.08      0.08844      0.08070      0.01238
 18.10      0.09866      0.08052      0.00898
 18.12      0.08523      0.08035      0.00645
 18.14      0.08096      0.08017      0.00359
 18.16      0.08069      0.07999     -0.00005
 18.18      0.07326      0.07981     -0.00221
 18.20      0.07953      0.07963     -0.00289
 18.22      0.07355      0.07945     -0.00338
 18.24      0.07667      0.07927     -0.00304
 18.26      0.07735      0.07909     -0.00266
 18.28      0.07405      0.07891     -0.00074
 18.30      0.08054      0.07873     -0.00041
 18.32      0.08227      0.07855     -0.00011
 18.34      0.07741      0.07837      0.00245
 18.36      0.07796      0.07819      0.00355
 18.38      0.08594      0.07801      0.00340
 18.40      0.08513      0.07783      0.00496
 18.42      0.08061      0.07764      0.00577
 18.44      0.08431      0.07746      0.00309
 18.46      0.08109      0.07727     -0.00046
 18.48      0.07160      0.07708     -0.00153
 18.50      0.06645      0.07689     -0.00609
 18.52      0.07433      0.07671     -0.00923
 18.54      0.06056      0.07652     -0.01102
 18.56      0.06445      0.07634     -0.01144
 18.58      0.06174      0.07616     -0.01346
 18.60      0.06343      0.07598     -0.01387
 18.62      0.06331      0.07580     -0.01422
 18.64      0.05760      0.07563     -0.01364
 18.66      0.06184      0.07547     -0.01270
 18.68      0.06379      0.07531     -0.01146
 18.70      0.06731      0.07515     -0.01001
 18.72      0.06870      0.07500     -0.00833
 18.74      0.06407      0.07485     -0.00516
 18.76      0.06948      0.07470     -0.00409
 18.78      0.07889      0.07456     -0.00292
 18.80      0.07196      0.07442     -0.00017
 18.82      0.07383      0.07428      0.00071
 18.84      0.07712      0.07414      0.00039
 18.86      0.07316      0.07400     -0.00004
 18.88      0.07660      0.07385     -0.00088
 18.90      0.06908      0.07371     -0.00367
 18.92      0.06893      0.07356     -0.00475
 18.94      0.06244      0.07341     -0.00702
 18.96      0.06703      0.07326     -0.00734
 18.98      0.06451      0.07312     -0.00820
 19.00      0.06672      0.07297     -0.00716
 19.02      0.06390      0.07281     -0.00706
 19.04      0.06685      0.07266     -0.00525
 19.06      0.06680      0.07250     -0.00556
 19.08      0.07276      0.07235     -0.00334
 19.10      0.06441      0.07219     -0.00204
 19.12      0.07424      0.07203      0.00024
 19.14      0.07252      0.07187      0.00083
 19.16      0.07744      0.07171      0.00206
 19.18      0.07486      0.07154      0.00228
 19.20      0.06974      0.07137      0.00220
 19.22      0.07454      0.07120      0.00216
 19.24      0.07126      0.07103      0.00233
 19.26      0.07639      0.07086      0.00218
 19.28      0.07490      0.07068     -0.00006
 19.30      0.06809      0.07051     -0.00089
 19.32      0.06248      0.07033     -0.00321
 19.34      0.06622      0.07015     -0.00525
 19.36      0.06389      0.06997     -0.00657
 19.38      0.06382      0.06979     -0.00643
 19.40      0.06057      0.06960     -0.00697
 19.42      0.06226      0.06942     -0.00604
 19.44      0.06262      0.06924     -0.00567
 19.46      0.06766      0.06907     -0.00527
 19.48      0.06477      0.06889     -0.00521
 19.50      0.06168      0.06871     -0.00466
 19.52      0.06167      0.06853     -0.00415
 19.54      0.06447      0.06835     -0.00261
 19.56      0.06929      0.06817     -0.00136
 19.58      0.07161      0.06800      0.00060
 19.60      0.06701      0.06782      0.00241
 19.62      0.07058      0.06764      0.00295
 19.64      0.07266      0.06747      0.00282
 19.66      0.07112      0.06729      0.00302
 19.68      0.07009      0.06712      0.00394
 19.70      0.06712      0.06694      0.00424
 19.72      0.07428      0.06677      0.00511
 19.74      0.07332      0.06660      0.00581
 19.76      0.07456      0.06642      0.00722
 19.78      0.07276      0.06625      0.00828
 19.80      0.07327      0.06608      0.00803
 19.82      0.07875      0.06591      0.00873
 19.84      0.07120      0.06574      0.00777
 19.86      0.07723      0.06557      0.00820
 19.88      0.06710      0.06540      0.00705
 19.90      0.07455      0.06523      0.00729
 19.92      0.07217      0.06506      0.00671
 19.94      0.07153      0.06489      0.00739
 19.96      0.07350      0.06472      0.00705
 19.98      0.06967      0.06456      0.00595
 20.00      0.07199      0.06439      0.00648
 20.02      0.06585      0.06422      0.00514
 20.04      0.07335      0.06406      0.00474
 20.06      0.06597      0.06389      0.00375
 20.08      0.06683      0.06373      0.00351
 20.10      0.06623      0.06356      0.00196
 20.12      0.06378      0.06340      0.00304
 20.14      0.06479      0.06323      0.00365
 20.16      0.07055      0.06307      0.00375
 20.18      0.06903      0.06290      0.00538
 20.20      0.06593      0.06274      0.00666
 20.22      0.07113      0.06257      0.00559
 20.24      0.07038      0.06240      0.00511
 20.26      0.06434      0.06223      0.00637
 20.28      0.06577      0.06206      0.00706
 20.30      0.07141      0.06189      0.00669
 20.32      0.07373      0.06172      0.00797
 20.34      0.06766      0.06155      0.00794
 20.36      0.06987      0.06138      0.00664
 20.38      0.06475      0.06120      0.00501
 20.40      0.06404      0.06103      0.00333
 20.42      0.06472      0.06085      0.00087
 20.44      0.05838      0.06068     -0.00131
 20.46      0.05671      0.06051     -0.00393
 20.48      0.05302      0.06034     -0.00666
 20.50      0.05006      0.06018     -0.00824
 20.52      0.05025      0.06001     -0.00972
 20.54      0.04965      0.05985     -0.01109
 20.56      0.04848      0.05969     -0.01065
 20.58      0.04538      0.05953     -0.01121
 20.60      0.05146      0.05937     -0.01014
 20.62      0.04664      0.05921     -0.01018
 20.64      0.05418      0.05906     -0.00879
 20.66      0.04750      0.05890     -0.00885
 20.68      0.05155      0.05874     -0.00800
 20.70      0.05035      0.05858     -0.00899
 20.72      0.05012      0.05843     -0.00793
 20.74      0.04847      0.05827     -0.00689
 20.76      0.05201      0.05811     -0.00595
 20.78      0.05595      0.05795     -0.00492
 20.80      0.05427      0.05780     -0.00373
 20.82      0.05444      0.05764     -0.00356
 20.84      0.05367      0.05748     -0.00313
 20.86      0.05205      0.05732     -0.00369
 20.88      0.05733      0.05717     -0.00385
 20.90      0.05069      0.05701     -0.00278
 20.92      0.05285      0.05685     -0.00247
 20.94      0.05822      0.05670     -0.00252
 20.96      0.05282      0.05654     -0.00173
 20.98      0.05631      0.05638     -0.00195
 21.00      0.05383      0.05621     -0.00273
 21.02      0.05097      0.05605     -0.00326
 21.04      0.05350      0.05589     -0.00274
 21.06      0.04935      0.05572     -0.00263
 21.08      0.05807      0.05556     -0.00117
 21.10      0.05360      0.05539     -0.00048
 21.12      0.05743      0.05523      0.00167
 21.14      0.05610      0.05506      0.00198
 21.16      0.05929      0.05489      0.00201
 21.18      0.05878      0.05472      0.00216
 21.20      0.05290      0.05454      0.00222
 21.22      0.05732      0.05437      0.00203
 21.24      0.05554      0.05420      0.00170
 21.26      0.05750      0.05403      0.00237
 21.28      0.05623      0.05385      0.00241
 21.30      0.05543      0.05368      0.00155
 21.32      0.05661      0.05351      0.00039
 21.34      0.05040      0.05334     -0.00014
 21.36      0.05083      0.05316     -0.00014
 21.38      0.05273      0.05299     -0.00014
 21.40      0.05455      0.05282      0.00121
 21.42      0.05576      0.05265      0.00166
 21.44      0.05627      0.05248      0.00203
 21.46      0.05226      0.05231      0.00158
 21.48      0.05372      0.05214      0.00009
 21.50      0.05144      0.05197     -0.00140
 21.52      0.04746      0.05180     -0.00192
 21.54      0.04798      0.05163     -0.00178
 21.56      0.04877      0.05146     -0.00215
 21.58      0.05363      0.05130     -0.00205
 21.60      0.04874      0.05113     -0.00052
 21.62      0.04712      0.05097      0.00058
 21.64      0.05483      0.05080      0.00052
 21.66      0.05343      0.05064      0.00154
 21.68      0.05249      0.05048      0.00349
 21.70      0.05306      0.05031      0.00443
 21.72      0.05603      0.05015      0.00557
 21.74      0.05870      0.04998      0.00733
 21.76      0.05829      0.04982      0.00792
 21.78      0.06048      0.04965      0.00869
 21.80      0.05520      0.04949      0.00847
 21.82      0.05904      0.04932      0.00689
 21.84      0.05681      0.04915      0.00579
 21.86      0.04953      0.04899      0.00437
 21.88      0.05417      0.04882      0.00203
 21.90      0.04724      0.04866      0.00032
 21.92      0.04654      0.04849     -0.00045
 21.94      0.04740      0.04833     -0.00253
 21.96      0.04484      0.04816     -0.00345
 21.98      0.04296      0.04800     -0.00460
 22.00      0.04181      0.04784     -0.00526
 22.02      0.04002      0.04769     -0.00583
 22.04      0.04327      0.04753     -0.00593
 22.06      0.04124      0.04738     -0.00537
 22.08      0.04169      0.04723     -0.00469
 22.10      0.04381      0.04708     -0.00451
 22.12      0.04268      0.04693     -0.00319
 22.14      0.04340      0.04678     -0.00208
 22.16      0.04711      0.04663     -0.00142
 22.18      0.04651      0.04649      0.00022
 22.20      0.04637      0.04634      0.00176
 22.22      0.05014      0.04619      0.00269
 22.24      0.05035      0.04604      0.00346
 22.26      0.05101      0.04590      0.00437
 22.28      0.04965      0.04575      0.00454
 22.30      0.05017      0.04560      0.00471
 22.32      0.05022      0.04545      0.00556
 22.34      0.05045      0.04530      0.00585
 22.36      0.05451      0.04515      0.00727
 22.38      0.05037      0.04499      0.00828
 22.40      0.05650      0.04484      0.00918
 22.42      0.05452      0.04469      0.00872
 22.44      0.05418      0.04453      0.00919
 22.46      0.05149      0.04437      0.00829
 22.48      0.05192      0.04421      0.00643
 22.50      0.05121      0.04405      0.00572
 22.52      0.04440      0.04389      0.00487
 22.54      0.04984      0.04372      0.00273
 22.56      0.04639      0.04355      0.00135
 22.58      0.04043      0.04338      0.00138
 22.60      0.04343      0.04321     -0.00075
 22.62      0.04375      0.04304     -0.00230
 22.64      0.03830      0.04287     -0.00214
 22.66      0.03779      0.04270     -0.00358
 22.68      0.04041      0.04253     -0.00430
 22.70      0.03536      0.04236     -0.00451
 22.72      0.03928      0.04218     -0.00457
 22.74      0.03641      0.04201     -0.00508
 22.76      0.03659      0.04184     -0.00500
 22.78      0.03703      0.04167     -0.00582
 22.80      0.03491      0.04150     -0.00638
 22.82      0.03431      0.04133     -0.00647
 22.84      0.03278      0.04116     -0.00692
 22.86      0.03525      0.04100     -0.00666
 22.88      0.03397      0.04083     -0.00707
 22.90      0.03538      0.04067     -0.00667
 22.92      0.03145      0.04050     -0.00722
 22.94      0.03396      0.04034     -0.00803
 22.96      0.03168      0.04018     -0.00890
 22.98      0.02911      0.04002     -0.00891
 23.00      0.03020      0.03987     -0.00939
 23.02      0.03063      0.03971     -0.00991
 23.04      0.03077      0.03956     -0.00997
 23.06      0.02829      0.03941     -0.00955
 23.08      0.02806      0.03926     -0.00940
 23.10      0.03152      0.03911     -0.00919
 23.12      0.03067      0.03896     -0.00815
 23.14      0.03106      0.03882     -0.00673
 23.16      0.03274      0.03868     -0.00669
 23.18      0.03447      0.03854     -0.00614
 23.20      0.03100      0.03840     -0.00534
 23.22      0.03268      0.03826     -0.00494
 23.24      0.03438      0.03812     -0.00441
 23.26      0.03409      0.03799     -0.00287
 23.28      0.03640      0.03785     -0.00102
 23.30      0.03806      0.03772      0.00075
 23.32      0.04123      0.03759      0.00289
 23.34      0.04256      0.03745      0.00541
 23.36      0.04414      0.03732      0.00709
 23.38      0.04834      0.03719      0.00850
 23.40      0.04578      0.03705      0.00927
 23.42      0.04758      0.03691      0.01085
 23.44      0.04574      0.03677      0.01156
 23.46      0.05137      0.03663      0.01136
 23.48      0.05119      0.03648      0.01035
 23.50      0.04404      0.03633      0.01046
 23.52      0.04181      0.03619      0.00889
 23.54      0.04556      0.03604      0.00706
 23.56      0.04277      0.03589      0.00613
 23.58      0.04130      0.03573      0.00590
 23.60      0.03866      0.03558      0.00491
 23.62      0.03990      0.03543      0.00415
 23.64      0.03984      0.03527      0.00306
 23.66      0.03817      0.03511      0.00286
 23.68      0.03506      0.03496      0.00178
 23.70      0.03691      0.03480      0.00187
 23.72      0.03372      0.03465      0.00166
 23.74      0.03948      0.03449      0.00254
 23.76      0.03634      0.03434      0.00277
 23.78      0.03873      0.03418      0.00313
 23.80      0.03727      0.03403      0.00306
 23.82      0.03472      0.03388      0.00306
 23.84      0.03837      0.03372      0.00215
 23.86      0.03557      0.03357      0.00155
 23.88      0.03345      0.03342      0.00165
 23.90      0.03349      0.03327      0.00174
 23.92      0.03445      0.03311      0.00140
 23.94      0.03804      0.03296      0.00153
 23.96      0.03315      0.03281      0.00175
 23.98      0.03331      0.03266      0.00185
 24.00      0.03385      0.03250      0.00164
 24.02      0.03418      0.03235      0.00084
 24.04      0.03625      0.03220      0.00081
 24.06      0.02836      0.03204      0.00035
 24.08      0.03238      0.03189     -0.00068
 24.10      0.03079      0.03173     -0.00168
 24.12      0.02826      0.03157     -0.00141
 24.14      0.03044      0.03142     -0.00179
 24.16      0.02893      0.03127     -0.00225
 24.18      0.02971      0.03111     -0.00287
 24.20      0.02772      0.03096     -0.00401
 24.22      0.02442      0.03081     -0.00414
 24.24      0.02394      0.03066     -0.00450
 24.26      0.02753      0.03051     -0.00488
 24.28      0.02716      0.03036     -0.00484
 24.30      0.02509      0.03022     -0.00367
 24.32      0.02390      0.03008     -0.00406
 24.34      0.02908      0.02993     -0.00398
 24.36      0.02486      0.02979     -0.00358
 24.38      0.02683      0.02965     -0.00296
 24.40      0.02638      0.02952     -0.00345
 24.42      0.02632      0.02938     -0.00273
 24.44      0.02593      0.02925     -0.00209
 24.46      0.02780      0.02911     -0.00180
 24.48      0.02935      0.02898     -0.00137
 24.50      0.02718      0.02885     -0.00102
 24.52      0.02782      0.02872     -0.00135
 24.54      0.02703      0.02860     -0.00180
 24.56      0.02548      0.02847     -0.00222
 24.58      0.02649      0.02834     -0.00241
 24.60      0.02441      0.02822     -0.00238
 24.62      0.02628      0.02809     -0.00160
 24.64      0.02651      0.02797     -0.00179
 24.66      0.02879      0.02784     -0.00094
 24.68      0.02486      0.02771     -0.00001
 24.70      0.02807      0.02759      0.00042
 24.72      0.03030      0.02746     -0.00017
 24.74      0.02805      0.02733      0.00076
 24.76      0.02521      0.02721      0.00046
 24.78      0.02883      0.02708      0.00031
 24.80      0.02593      0.02695      0.00041
 24.82      0.02894      0.02682      0.00041
 24.84      0.02790      0.02669     -0.00062
 24.86      0.02453      0.02656     -0.00004
 24.88      0.02303      0.02643     -0.00034
 24.90      0.02820      0.02629     -0.00069
 24.92      0.02678      0.02616     -0.00038
 24.94      0.02549      0.02603      0.00038
 24.96      0.02544      0.02590      0.00013
 24.98      0.02614      0.02576     -0.00013
 25.00      0.02627      0.02563     -0.00024
 25.02      0.02483      0.02549     -0.00074
 25.04      0.02426      0.02536     -0.00076
 25.06      0.02227      0.02522     -0.00101
 25.08      0.02536      0.02509     -0.00134
 25.10      0.02435      0.02495     -0.00091
 25.12      0.02248      0.02481     -0.00090
 25.14      0.02576      0.02468     -0.00081
 25.16      0.02161      0.02454     -0.00080
 25.18      0.02511      0.02440     -0.00001
 25.20      0.02373      0.02426     -0.00048
 25.22      0.02575      0.02413      0.00020
 25.24      0.02273      0.02399      0.00048
 25.26      0.02431      0.02385      0.00107
 25.28      0.02584      0.02371      0.00067
 25.30      0.02595      0.02357      0.00106
 25.32      0.02309      0.02343      0.00117
 25.34      0.02396      0.02329      0.00032
 25.36      0.02417      0.02315      0.00003
 25.38      0.02091      0.02302      0.00048
 25.40      0.02377      0.02288     -0.00019
 25.42      0.02464      0.02274     -0.00054
 25.44      0.01996      0.02261     -0.00060
 25.46      0.02172      0.02247     -0.00108
 25.48      0.01993      0.02234     -0.00100
 25.50      0.02074      0.02221     -0.00016
 25.52      0.02436      0.02208      0.00061
 25.54      0.02350      0.02195      0.00148
 25.56      0.02493      0.02183      0.00183
 25.58      0.02362      0.02170      0.00175
 25.60      0.02187      0.02158      0.00157
 25.62      0.02336      0.02145      0.00127
 25.64      0.02194      0.02133      0.00065
 25.66      0.02284      0.02120      0.00048
 25.68      0.01990      0.02108      0.00028
 25.70      0.02040      0.02096      0.00012
 25.72      0.02171      0.02084     -0.00006
 25.74      0.02052      0.02072      0.00002
 25.76      0.02135      0.02060      0.00053
 25.78      0.01971      0.02048      0.00026
 25.80      0.02235      0.02036      0.00006
 25.82      0.01977      0.02024     -0.00019
 25.84      0.01893      0.02012     -0.00028
 25.86      0.01947      0.02001     -0.00122
 25.88      0.01869      0.01989     -0.00104
 25.90      0.01705      0.01978     -0.00097
 25.92      0.02011      0.01966     -0.00094
 25.94      0.01870      0.01955     -0.00054
 25.96      0.01905      0.01943      0.00030
 25.98      0.02014      0.01932      0.00016
 26.00      0.02064      0.01921      0.00090
 26.02      0.01885      0.01909      0.00105
 26.04      0.02187      0.01898      0.00106
 26.06      0.01921      0.01887      0.00110
 26.08      0.01964      0.01876      0.00131
 26.10      0.02027      0.01864      0.00131
 26.12      0.01936      0.01853      0.00148
 26.14      0.02129      0.01842      0.00174
 26.16      0.01951      0.01830      0.00193
 26.18      0.02037      0.01819      0.00253
 26.20      0.02063      0.01808      0.00203
 26.22      0.02179      0.01796      0.00149
 26.24      0.01820      0.01785      0.00145
 26.26      0.01628      0.01773      0.00121
 26.28      0.01957      0.01761      0.00074
 26.30      0.01887      0.01750      0.00051
 26.32      0.01886      0.01738      0.00072
 26.34      0.01647      0.01726      0.00026
 26.36      0.01671      0.01714     -0.00029
 26.38      0.01671      0.01703     -0.00111
 26.40      0.01552      0.01691     -0.00076
 26.42      0.01417      0.01679     -0.00050
 26.44      0.01765      0.01667     -0.00098
 26.46      0.01741      0.01656     -0.00061
 26.48      0.01373      0.01644     -0.00061
 26.50      0.01679      0.01632     -0.00114
 26.52      0.01359      0.01620     -0.00174
 26.54      0.01438      0.01609     -0.00215
 26.56      0.01385      0.01597     -0.00286
 26.58      0.01107      0.01586     -0.00326
 26.60      0.01265      0.01574     -0.00369
 26.62      0.01104      0.01563     -0.00398
 26.64      0.01165      0.01551     -0.00381
 26.66      0.01183      0.01540     -0.00368
 26.68      0.01133      0.01529     -0.00336
 26.70      0.01274      0.01518     -0.00344
 26.72      0.01211      0.01507     -0.00337
 26.74      0.01067      0.01496     -0.00291
 26.76      0.01164      0.01485     -0.00304
 26.78      0.01310      0.01474     -0.00313
 26.80      0.01152      0.01464     -0.00291
 26.82      0.01114      0.01453     -0.00232
 26.84      0.01121      0.01442     -0.00203
 26.86      0.01406      0.01432     -0.00151
 26.88      0.01404      0.01422     -0.00110
 26.90      0.01359      0.01411     -0.00042
 26.92      0.01269      0.01401     -0.00087
 26.94      0.01408      0.01391     -0.00033
 26.96      0.01129      0.01381      0.00021
 26.98      0.01625      0.01371      0.00084
 27.00      0.01576      0.01360      0.00117
 27.02      0.01535      0.01350      0.00204
 27.04      0.01521      0.01340      0.00178
 27.06      0.01513      0.01330      0.00195
 27.08      0.01445      0.01320      0.00178
 27.10      0.01608      0.01309      0.00155
 27.12      0.01399      0.01299      0.00160
 27.14      0.01359      0.01289      0.00128
 27.16      0.01485      0.01279      0.00073
 27.18      0.01236      0.01268      0.00048
 27.20      0.01280      0.01258      0.00057
 27.22      0.01224      0.01248      0.00023
 27.24      0.01353      0.01238      0.00016
 27.26      0.01262      0.01228      0.00072
 27.28      0.01152      0.01218      0.00026
 27.30      0.01510      0.01208      0.00028
 27.32      0.00941      0.01198     -0.00021
 27.34      0.01312      0.01188     -0.00022
 27.36      0.00965      0.01178     -0.00095
 27.38      0.01100      0.01168     -0.00079
 27.40      0.01093      0.01158     -0.00124
 27.42      0.00974      0.01149     -0.00086
 27.44      0.01038      0.01139     -0.00079
 27.46      0.01108      0.01129     -0.00103
 27.48      0.01087      0.01120     -0.00042
 27.50      0.00923      0.01110     -0.00060
 27.52      0.01231      0.01101     -0.00051
 27.54      0.00903      0.01091     -0.00059
 27.56      0.01104      0.01082      0.00031
 27.58      0.01000      0.01073      0.00034
 27.60      0.01325      0.01063      0.00106
 27.62      0.01203      0.01054      0.00147
 27.64      0.01213      0.01045      0.00173
 27.66      0.01264      0.01036      0.00165
 27.68      0.01083      0.01026      0.00195
 27.70      0.01242      0.01017      0.00215
 27.72      0.01303      0.01008      0.00208
 27.74      0.01268      0.00999      0.00222
 27.76      0.01185      0.00990      0.00219
 27.78      0.01105      0.00980      0.00184
 27.80      0.01182      0.00971      0.00150
 27.82      0.01079      0.00962      0.00095
 27.84      0.01053      0.00952      0.00038
 27.86      0.00867      0.00943     -0.00014
 27.88      0.00770      0.00934     -0.00063
 27.90      0.00878      0.00925     -0.00083
 27.92      0.00788      0.00916     -0.00052
 27.94      0.00905      0.00907     -0.00042
 27.96      0.00976      0.00898     -0.00083
 27.98      0.00776      0.00889     -0.00076
 28.00      0.00626      0.00880     -0.00084
 28.02      0.00779      0.00871     -0.00117
 28.04      0.00822      0.00862     -0.00125
 28.06      0.00766      0.00853     -0.00106
 28.08      0.00690      0.00845     -0.00101
 28.10      0.00677      0.00836     -0.00106
 28.12      0.00760      0.00827     -0.00109
 28.14      0.00758      0.00819     -0.00096
 28.16      0.00707      0.00810     -0.00103
 28.18      0.00714      0.00802     -0.00118
 28.20      0.00599      0.00794     -0.00128
 28.22      0.00641      0.00786     -0.00108
 28.24      0.00666      0.00778     -0.00081
 28.26      0.00771      0.00770     -0.00047
 28.28      0.00807      0.00762     -0.00054
 28.30      0.00730      0.00754     -0.00048
 28.32      0.00564      0.00746     -0.00059
 28.34      0.00656      0.00738     -0.00076
 28.36      0.00675      0.00730     -0.00094
 28.38      0.00685      0.00723     -0.00082
 28.40      0.00602      0.00715     -0.00094
 28.42      0.00586      0.00707     -0.00094
 28.44      0.00554      0.00700     -0.00114
 28.46      0.00640      0.00692     -0.00101
 28.48      0.00544      0.00685     -0.00094
 28.50      0.00633      0.00677     -0.00065
 28.52      0.00580      0.00670     -0.00050
 28.54      0.00664      0.00663     -0.00071
 28.56      0.00676      0.00656     -0.00113
 28.58      0.00404      0.00648     -0.00129
 28.60      0.00386      0.00641     -0.00148
 28.62      0.00467      0.00634     -0.00171
 28.64      0.00531      0.00627     -0.00121
 28.66      0.00527      0.00620     -0.00088
 28.68      0.00617      0.00613     -0.00096
 28.70      0.00517      0.00605     -0.00099
 28.72      0.00388      0.00598     -0.00085
 28.74      0.00482      0.00591     -0.00107
 28.76      0.00562      0.00584     -0.00116
 28.78      0.00469      0.00577     -0.00096
 28.80      0.00441      0.00570     -0.00072
 28.82      0.00453      0.00564     -0.00067
 28.84      0.00568      0.00557     -0.00074
 28.86      0.00551      0.00550     -0.00071
 28.88      0.00403      0.00543     -0.00049
 28.90      0.00421      0.00536     -0.00047
 28.92      0.00525      0.00529     -0.00050
 28.94      0.00544      0.00523     -0.00023
 28.96      0.00503      0.00516     -0.00021
 28.98      0.00503      0.00509     -0.00011
 29.00      0.00401      0.00503     -0.00029
 29.02      0.00538      0.00496     -0.00027
 29.04      0.00423      0.00490     -0.00056
 29.06      0.00483      0.00483     -0.00062
 29.08      0.00323      0.00477     -0.00070
 29.10      0.00337      0.00470     -0.00045
 29.12      0.00467      0.00464     -0.00058
 29.14      0.00519      0.00458     -0.00033
 29.16      0.00387      0.00452     -0.00006
 29.18      0.00417      0.00446     -0.00005
 29.20      0.00441      0.00440     -0.00007
 29.22      0.00441      0.00434      0.00017
 29.24      0.00480      0.00428      0.00040
 29.26      0.00478      0.00422      0.00048
 29.28      0.00502      0.00417      0.00041
 29.30      0.00452      0.00411      0.00053
 29.32      0.00378      0.00405      0.00072
 29.34      0.00508      0.00399      0.00042
 29.36      0.00543      0.00394      0.00052
 29.38      0.00323      0.00388      0.00060
 29.40      0.00476      0.00382      0.00052
 29.42      0.00387      0.00377      0.00005
 29.44      0.00441      0.00371      0.00048
 29.46      0.00281      0.00366      0.00052
 29.48      0.00510      0.00360      0.00039
 29.50      0.00470      0.00355      0.00031
 29.52      0.00292      0.00349      0.00023
 29.54      0.00375      0.00344     -0.00012
 29.56      0.00216      0.00338     -0.00041
 29.58      0.00303      0.00333     -0.00049
 29.60      0.00302      0.00327     -0.00043
 29.62      0.00225      0.00322     -0.00027
 29.64      0.00377      0.00317     -0.00024
 29.66      0.00269      0.00312     -0.00044
 29.68      0.00289      0.00307     -0.00017
 29.70      0.00180      0.00302     -0.00045
 29.72      0.00331      0.00297     -0.00054
 29.74      0.00213      0.00292     -0.00057
 29.76      0.00199      0.00287     -0.00037
 29.78      0.00253      0.00282     -0.00052
 29.80      0.00254      0.00278     -0.00041
 29.82      0.00232      0.00273     -0.00001
 29.84      0.00245      0.00269     -0.00020
 29.86      0.00379      0.00264     -0.00028
 29.88      0.00133      0.00260     -0.00050
 29.90      0.00190      0.00255     -0.00061
 29.92      0.00104      0.00251     -0.00086
 29.94      0.00165      0.00247     -0.00067
 29.96      0.00234      0.00242     -0.00069
 29.98      0.00203      0.00238     -0.00053
 30.00      0.00159      0.00234     -0.00049
 30.02      0.00164      0.00230     -0.00066
 30.04      0.00165      0.00226     -0.00076
 30.06      0.00130      0.00222     -0.00069
 30.08      0.00132      0.00218     -0.00068
 30.10      0.00174      0.00214     -0.00060
 30.12      0.00151      0.00210     -0.00050
 30.14      0.00182      0.00206     -0.00048
 30.16      0.00162      0.00202     -0.00036
 30.18      0.00120      0.00199     -0.00032
 30.20      0.00215      0.00195     -0.00039
 30.22      0.00151      0.00191     -0.00042
 30.24      0.00130      0.00188     -0.00042
 30.26      0.00132      0.00184     -0.00056
 30.28      0.00098      0.00180     -0.00057
 30.30      0.00127      0.00177     -0.00040
 30.32      0.00132      0.00173     -0.00031
 30.34      0.00196      0.00170     -0.00026
 30.36      0.00159      0.00167     -0.00033
 30.38      0.00106      0.00163     -0.00039
 30.40      0.00073      0.00160     -0.00060
 30.42      0.00085      0.00157     -0.00066
 30.44      0.00077      0.00153     -0.00058
 30.46      0.00111      0.00150     -0.00048
 30.48      0.00128      0.00147     -0.00047
 30.50      0.00109      0.00144     -0.00049
 30.52      0.00073      0.00141     -0.00051
 30.54      0.00051      0.00138     -0.00058
 30.56      0.00088      0.00135     -0.00068
 30.58      0.00081      0.00132     -0.00069
 30.60      0.00043      0.00129     -0.00046
 30.62      0.00052      0.00126     -0.00045
 30.64      0.00149      0.00123     -0.00047
 30.66      0.00080      0.00120     -0.00036
 30.68      0.00054      0.00118     -0.00033
 30.70      0.00084      0.00115     -0.00043
 30.72      0.00054      0.00112     -0.00042
 30.74      0.00086      0.00109     -0.00042
 30.76      0.00071      0.00107     -0.00051
 30.78      0.00042      0.00104     -0.00049
 30.80      0.00028      0.00102     -0.00044
 30.82      0.00047      0.00099     -0.00044
 30.84      0.00098      0.00097     -0.00043
 30.86      0.00061      0.00094     -0.00030
 30.88      0.00033      0.00092     -0.00028
 30.90      0.00084      0.00089     -0.00037
 30.92      0.00042      0.00087     -0.00044
 30.94      0.00042      0.00085     -0.00040
 30.96      0.00014      0.00082     -0.00051
 30.98      0.00042      0.00080     -0.00051
 31.00      0.00019      0.00078     -0.00055
 31.02      0.00028      0.00076     -0.00040
 31.04      0.00014      0.00074     -0.00029
 31.06      0.00076      0.00072     -0.00022
 31.08      0.00088      0.00070     -0.00023
 31.10      0.00042      0.00068     -0.00015
 31.12      0.00014      0.00066     -0.00023
 31.14      0.00042      0.00064     -0.00027
 31.16      0.00028      0.00062     -0.00030
 31.18      0.00060      0.00060     -0.00031
 31.20      0.00014      0.00058     -0.00035
 31.22      0.00000      0.00056     -0.00031
 31.24      0.00014      0.00055     -0.00035
 31.26      0.00041      0.00053     -0.00031
 31.28      0.00028      0.00051     -0.00018
 31.30      0.00028      0.00050     -0.00019
 31.32      0.00055      0.00048     -0.00023
 31.34      0.00002      0.00047     -0.00024
 31.36      0.00014      0.00045     -0.00020
 31.38      0.00014      0.00044     -0.00030
 31.40      0.00041      0.00042     -0.00023
 31.42      0.00000      0.00041     -0.00022
 31.44      0.00027      0.00039     -0.00023
 31.46      0.00014      0.00038     -0.00030
 31.48      0.00000      0.00037     -0.00029
 31.50      0.00000      0.00036     -0.00033
 31.52      0.00000      0.00034     -0.00031
 31.54      0.00002      0.00033     -0.00030
 31.56      0.00014      0.00032     -0.00029
 31.58      0.00000      0.00031     -0.00028
 31.60      0.00000      0.00030     -0.00027
 31.62      0.00000      0.00029     -0.00029
 31.64      0.00000      0.00028     -0.00028
 31.66      0.00000      0.00027     -0.00027
 31.68      0.00000      0.00026     -0.00026
 31.70      0.00000      0.00025     -0.00025
 31.72      0.00000      0.00024     -0.00024
 31.74      0.00000      0.00023     -0.00023
 31.76      0.00000      0.00023     -0.00023
 31.78      0.00000      0.00022     -0.00022
 31.80      0.00000      0.00021     -0.00021
 31.82      0.00000      0.00020     -0.00020
 31.84      0.00002      0.00019     -0.00019
 31.86      0.00000      0.00019     -0.00018
 31.88      0.00000      0.00018     -0.00018
 31.90      0.00000      0.00017     -0.00017
 31.92      0.00000      0.00017     -0.00017
 31.94      0.00000      0.00016     -0.00016
 31.96      0.00000      0.00015     -0.00015
 31.98      0.00000      0.00015     -0.00015
 32.00      0.00000      0.00014     -0.00014
 32.02      0.00000      0.00014     -0.00014
 32.04      0.00000      0.00013     -0.00013
 32.06      0.00000      0.00012     -0.00012
 32.08      0.00000      0.00012     -0.00012
 32.10      0.00000      0.00011     -0.00011
 32.12      0.00000      0.00011     -0.00011
 32.14      0.00000      0.00010     -0.00010
 32.16      0.00000      0.00010     -0.00010
 32.18      0.00000      0.00010     -0.00010
 32.20      0.00000      0.00009     -0.00009
 32.22      0.00000      0.00009     -0.00009
 32.24      0.00000      0.00008     -0.00008
 32.26      0.00000      0.00008     -0.00008
 32.28      0.00000      0.00008     -0.00008
 32.30      0.00000      0.00007     -0.00007
 32.32      0.00000      0.00007     -0.00007
 32.34      0.00000      0.00007     -0.00007
 32.36      0.00000      0.00006     -0.00006
 32.38      0.00000      0.00006     -0.00006
 32.40      0.00000      0.00006     -0.00006
 32.42      0.00000      0.00005     -0.00005
 32.44      0.00000      0.00005     -0.00005
 32.46      0.00000      0.00005     -0.00005
 32.48      0.00000      0.00005     -0.00005
 32.50      0.00000      0.00004     -0.00004
 32.52      0.00000      0.00004     -0.00004
 32.54      0.00000      0.00004     -0.00004
 32.56      0.00000      0.00004     -0.00004
 32.58      0.00000      0.00003     -0.00003
 32.60      0.00000      0.00003     -0.00003
 32.62      0.00000      0.00003     -0.00003
 32.64      0.00000      0.00003     -0.00003
 32.66      0.00000      0.00003     -0.00003
 32.68      0.00000      0.00003     -0.00003
 32.70      0.00000      0.00002     -0.00002
 32.72      0.00000      0.00002     -0.00002
 32.74      0.00000      0.00002     -0.00002
 32.76      0.00000      0.00002     -0.00002
 32.78      0.00000      0.00002     -0.00002
 32.80      0.00000      0.00002     -0.00002
 32.82      0.00000      0.00002     -0.00002
 32.84      0.00000      0.00002     -0.00002
 32.86      0.00000      0.00001     -0.00001
 32.88      0.00000      0.00001     -0.00001
 32.90      0.00000      0.00001     -0.00001
 32.92      0.00000      0.00001     -0.00001
 32.94      0.00000      0.00001     -0.00001
 32.96      0.00000      0.00001     -0.00001
 32.98      0.00000      0.00001     -0.00001
 33.00      0.00000      0.00001     -0.00001
 33.02      0.00000      0.00001     -0.00001
 33.04      0.00000      0.00001     -0.00001
 33.06      0.00000      0.00001     -0.00001
 33.08      0.00000      0.00001     -0.00001
 33.10      0.00000      0.00000     -0.00000
 33.12      0.00000      0.00000     -0.00000
 33.14      0.00000      0.00000     -0.00000
 33.16      0.00000      0.00000     -0.00000
 33.18      0.00000      0.00000     -0.00000
 33.20      0.00000      0.00000     -0.00000
 33.22      0.00000      0.00000     -0.00000
 33.24      0.00000      0.00000     -0.00000
 33.26      0.00000      0.00000     -0.00000
 33.28      0.00000      0.00000     -0.00000
 33.30      0.00000      0.00000     -0.00000
 33.32      0.00000      0.00000     -0.00000
 33.34      0.00000      0.00000     -0.00000
 33.36      0.00000      0.00000     -0.00000
 33.38      0.00000      0.00000     -0.00000
 33.40      0.00000      0.00000     -0.00000
 33.42      0.00000      0.00000     -0.00000
 33.44      0.00000      0.00000     -0.00000
 33.46      0.00000      0.00000     -0.00000
 33.48      0.00000      0.00000     -0.00000
 33.50      0.00000      0.00000     -0.00000
 33.52      0.00000      0.00000     -0.00000
 33.54      0.00000      0.00000     -0.00000
 33.56      0.00000      0.00000     -0.00000
 33.58      0.00000      0.00000     -0.00000
 33.60      0.00000      0.00000     -0.00000
 33.62      0.00000      0.00000     -0.00000
 33.64      0.00000      0.00000     -0.00000
 33.66      0.00000      0.00000     -0.00000
 33.68      0.00000      0.00000     -0.00000
 33.70      0.00000      0.00000     -0.00000
 33.72      0.00000      0.00000     -0.00000
 33.74      0.00000      0.00000     -0.00000
 33.76      0.00000      0.00000     -0.00000
 33.78      0.00000      0.00000     -0.00000
 33.80      0.00000      0.00000     -0.00000
 33.82      0.00000      0.00000     -0.00000
 33.84      0.00000      0.00000     -0.00000
 33.86      0.00000      0.00000      0.00000
 33.88      0.00000      0.00000      0.00000
 33.90      0.00000      0.00000      0.00000
 33.92      0.00000      0.00000      0.00000
 33.94      0.00000      0.00000      0.00000
 33.96      0.00000      0.00000      0.00000
 33.98      0.00000      0.00000      0.00000
 34.00      0.00000      0.00000      0.00000
