 #r(A)        G(r)
  0.02      0.00000
  0.04      0.00000
  0.06      0.00000
  0.08     -0.00000
  0.10     -0.00000
  0.12     -0.00000
  0.14     -0.00000
  0.16     -0.00000
  0.18     -0.00000
  0.20     -0.00000
  0.22     -0.00000
  0.24     -0.00001
  0.26     -0.00001
  0.28     -0.00001
  0.30     -0.00002
  0.32     -0.00003
  0.34     -0.00003
  0.36     -0.00005
  0.38     -0.00006
  0.40     -0.00008
  0.42     -0.00010
  0.44     -0.00012
  0.46     -0.00015
  0.48     -0.00019
  0.50     -0.00024
  0.52     -0.00029
  0.54     -0.00036
  0.56     -0.00045
  0.58     -0.00056
  0.60     -0.00071
  0.62     -0.00088
  0.64     -0.00108
  0.66     -0.00132
  0.68     -0.00161
  0.70     -0.00192
  0.72     -0.00227
  0.74     -0.00265
  0.76     -0.00306
  0.78     -0.00348
  0.80     -0.00392
  0.82     -0.00437
  0.84     -0.00483
  0.86     -0.00529
  0.88     -0.00577
  0.90     -0.00624
  0.92     -0.00672
  0.94     -0.00720
  0.96     -0.00768
  0.98     -0.00816
  1.00     -0.00864
  1.02     -0.00912
  1.04     -0.00960
  1.06     -0.01008
  1.08     -0.01057
  1.10     -0.01105
  1.12     -0.01154
  1.14     -0.01202
  1.16     -0.01250
  1.18     -0.01299
  1.20     -0.01347
  1.22     -0.01396
  1.24     -0.01444
  1.26     -0.01493
  1.28     -0.01542
  1.30     -0.01590
  1.32     -0.01639
  1.34     -0.01688
  1.36     -0.01736
  1.38     -0.01785
  1.40     -0.01834
  1.42     -0.01883
  1.44     -0.01933
  1.46     -0.01982
  1.48     -0.02032
  1.50     -0.02081
  1.52     -0.02131
  1.54     -0.02182
  1.56     -0.02232
  1.58     -0.02283
  1.60     -0.02334
  1.62     -0.02386
  1.64     -0.02438
  1.66     -0.02491
  1.68     -0.02544
  1.70     -0.02598
  1.72     -0.02653
  1.74     -0.02709
  1.76     -0.02765
  1.78     -0.02822
  1.80     -0.02880
  1.82     -0.02939
  1.84     -0.02999
  1.86     -0.03059
  1.88     -0.03120
  1.90     -0.03181
  1.92     -0.03243
  1.94     -0.03306
  1.96     -0.03369
  1.98     -0.03432
  2.00     -0.03495
  2.02     -0.03559
  2.04     -0.03604
  2.06     -0.03650
  2.08     -0.03714
  2.10     -0.03760
  2.12     -0.03788
  2.14     -0.03800
  2.16     -0.03859
  2.18     -0.03832
  2.20     -0.03820
  2.22     -0.03709
  2.24     -0.03616
  2.26     -0.03399
  2.28     -0.03222
  2.30     -0.03059
  2.32     -0.02961
  2.34     -0.02659
  2.36     -0.02404
  2.38     -0.02002
  2.40     -0.01342
  2.42     -0.00643
  2.44      0.00048
  2.46      0.00935
  2.48      0.02005
  2.50      0.03978
  2.52      0.06709
  2.54      0.09870
  2.56      0.13924
  2.58      0.18071
  2.60      0.22351
  2.62      0.25295
  2.64      0.28877
  2.66      0.30804
  2.68      0.31013
  2.70      0.29049
  2.72      0.27447
  2.74      0.23095
  2.76      0.18651
  2.78      0.14633
  2.80      0.10851
  2.82      0.06462
  2.84      0.03720
  2.86      0.01239
  2.88     -0.00723
  2.90     -0.02271
  2.92     -0.02958
  2.94     -0.04010
  2.96     -0.04701
  2.98     -0.05134
  3.00     -0.05301
  3.02     -0.05509
  3.04     -0.05627
  3.06     -0.05660
  3.08     -0.05713
  3.10     -0.05804
  3.12     -0.05980
  3.14     -0.06003
  3.16     -0.06107
  3.18     -0.06137
  3.20     -0.06119
  3.22     -0.06084
  3.24     -0.06038
  3.26     -0.06007
  3.28     -0.05965
  3.30     -0.05993
  3.32     -0.05985
  3.34     -0.05930
  3.36     -0.05832
  3.38     -0.05804
  3.40     -0.05641
  3.42     -0.05415
  3.44     -0.05330
  3.46     -0.05254
  3.48     -0.04966
  3.50     -0.04745
  3.52     -0.04657
  3.54     -0.04294
  3.56     -0.03670
  3.58     -0.03226
  3.60     -0.02744
  3.62     -0.02139
  3.64     -0.01798
  3.66     -0.01463
  3.68     -0.00943
  3.70     -0.00525
  3.72      0.00127
  3.74      0.00974
  3.76      0.00906
  3.78      0.01055
  3.80      0.00917
  3.82      0.00545
  3.84      0.00060
  3.86     -0.00063
  3.88     -0.00663
  3.90     -0.01270
  3.92     -0.01817
  3.94     -0.02735
  3.96     -0.03608
  3.98     -0.04192
  4.00     -0.04416
  4.02     -0.05019
  4.04     -0.05362
  4.06     -0.05402
  4.08     -0.05508
  4.10     -0.05780
  4.12     -0.05721
  4.14     -0.05723
  4.16     -0.05811
  4.18     -0.05943
  4.20     -0.05724
  4.22     -0.05678
  4.24     -0.05336
  4.26     -0.04873
  4.28     -0.04409
  4.30     -0.03811
  4.32     -0.02975
  4.34     -0.02138
  4.36     -0.01281
  4.38     -0.00058
  4.40      0.01324
  4.42      0.02444
  4.44      0.03861
  4.46      0.05353
  4.48      0.06872
  4.50      0.08367
  4.52      0.10429
  4.54      0.12312
  4.56      0.13978
  4.58      0.15355
  4.60      0.16734
  4.62      0.17740
  4.64      0.18009
  4.66      0.17883
  4.68      0.17417
  4.70      0.15460
  4.72      0.13347
  4.74      0.10722
  4.76      0.08091
  4.78      0.05653
  4.80      0.03645
  4.82      0.01695
  4.84      0.00413
  4.86     -0.00897
  4.88     -0.02089
  4.90     -0.02890
  4.92     -0.03807
  4.94     -0.04392
  4.96     -0.04713
  4.98     -0.05088
  5.00     -0.05273
  5.02     -0.05376
  5.04     -0.05375
  5.06     -0.04698
  5.08     -0.04398
  5.10     -0.04098
  5.12     -0.03846
  5.14     -0.03454
  5.16     -0.03216
  5.18     -0.02510
  5.20     -0.01979
  5.22     -0.01357
  5.24     -0.00604
  5.26     -0.00207
  5.28      0.00078
  5.30      0.00707
  5.32      0.01112
  5.34      0.01169
  5.36      0.01250
  5.38      0.01071
  5.40      0.00722
  5.42      0.00575
  5.44      0.00126
  5.46     -0.00573
  5.48     -0.01273
  5.50     -0.02058
  5.52     -0.03068
  5.54     -0.03995
  5.56     -0.04778
  5.58     -0.05156
  5.60     -0.05373
  5.62     -0.05311
  5.64     -0.05259
  5.66     -0.04841
  5.68     -0.04647
  5.70     -0.04167
  5.72     -0.03873
  5.74     -0.03228
  5.76     -0.02311
  5.78     -0.01128
  5.80     -0.00297
  5.82      0.00821
  5.84      0.02168
  5.86      0.02779
  5.88      0.03256
  5.90      0.03967
  5.92      0.05045
  5.94      0.05359
  5.96      0.05675
  5.98      0.05969
  6.00      0.06012
  6.02      0.05327
  6.04      0.04959
  6.06      0.04578
  6.08      0.03847
  6.10      0.02792
  6.12      0.01587
  6.14      0.00235
  6.16     -0.01043
  6.18     -0.02249
  6.20     -0.03209
  6.22     -0.03880
  6.24     -0.04564
  6.26     -0.04947
  6.28     -0.05398
  6.30     -0.05789
  6.32     -0.05884
  6.34     -0.05687
  6.36     -0.05724
  6.38     -0.05226
  6.40     -0.04830
  6.42     -0.04679
  6.44     -0.04460
  6.46     -0.04186
  6.48     -0.04078
  6.50     -0.03640
  6.52     -0.03430
  6.54     -0.03243
  6.56     -0.03068
  6.58     -0.02942
  6.60     -0.03145
  6.62     -0.03208
  6.64     -0.03366
  6.66     -0.03375
  6.68     -0.03380
  6.70     -0.03231
  6.72     -0.02708
  6.74     -0.02526
  6.76     -0.02255
  6.78     -0.01676
  6.80     -0.00800
  6.82      0.00229
  6.84      0.01605
  6.86      0.02834
  6.88      0.03913
  6.90      0.05177
  6.92      0.06530
  6.94      0.07997
  6.96      0.09885
  6.98      0.11796
  7.00      0.13017
  7.02      0.13612
  7.04      0.14014
  7.06      0.13839
  7.08      0.13973
  7.10      0.13850
  7.12      0.13209
  7.14      0.12371
  7.16      0.11063
  7.18      0.08907
  7.20      0.06850
  7.22      0.05149
  7.24      0.03220
  7.26      0.01656
  7.28     -0.00062
  7.30     -0.01256
  7.32     -0.02647
  7.34     -0.03604
  7.36     -0.04391
  7.38     -0.04868
  7.40     -0.05324
  7.42     -0.05569
  7.44     -0.05813
  7.46     -0.06128
  7.48     -0.06299
  7.50     -0.06467
  7.52     -0.06335
  7.54     -0.06147
  7.56     -0.05953
  7.58     -0.05677
  7.60     -0.05521
  7.62     -0.05458
  7.64     -0.05340
  7.66     -0.05233
  7.68     -0.04923
  7.70     -0.04696
  7.72     -0.04567
  7.74     -0.04167
  7.76     -0.03531
  7.78     -0.03127
  7.80     -0.02469
  7.82     -0.01676
  7.84     -0.01143
  7.86     -0.00250
  7.88      0.00627
  7.90      0.01313
  7.92      0.01983
  7.94      0.02836
  7.96      0.03168
  7.98      0.03540
  8.00      0.03827
  8.02      0.03995
  8.04      0.04147
  8.06      0.04184
  8.08      0.03836
  8.10      0.03651
  8.12      0.03245
  8.14      0.02170
  8.16      0.01334
  8.18      0.00619
  8.20      0.00105
  8.22     -0.00451
  8.24     -0.00753
  8.26     -0.00879
  8.28     -0.00729
  8.30     -0.00964
  8.32     -0.00843
  8.34     -0.00810
  8.36     -0.00902
  8.38     -0.00953
  8.40     -0.00764
  8.42     -0.00892
  8.44     -0.00774
  8.46     -0.00671
  8.48     -0.00703
  8.50     -0.00966
  8.52     -0.01027
  8.54     -0.00841
  8.56     -0.01213
  8.58     -0.01374
  8.60     -0.01656
  8.62     -0.01755
  8.64     -0.02182
  8.66     -0.02236
  8.68     -0.02270
  8.70     -0.02148
  8.72     -0.01818
  8.74     -0.01617
  8.76     -0.01214
  8.78     -0.01046
  8.80     -0.00969
  8.82     -0.00895
  8.84     -0.00538
  8.86     -0.00441
  8.88     -0.00340
  8.90     -0.00316
  8.92     -0.00746
  8.94     -0.01262
  8.96     -0.01722
  8.98     -0.02122
  9.00     -0.02424
  9.02     -0.02294
  9.04     -0.02250
  9.06     -0.01855
  9.08     -0.01890
  9.10     -0.01889
  9.12     -0.01684
  9.14     -0.01715
  9.16     -0.01355
  9.18     -0.00795
  9.20     -0.00309
  9.22      0.00088
  9.24      0.00785
  9.26      0.00772
  9.28      0.01294
  9.30      0.01721
  9.32      0.02189
  9.34      0.02336
  9.36      0.02734
  9.38      0.03036
  9.40      0.03574
  9.42      0.03786
  9.44      0.04483
  9.46      0.04841
  9.48      0.05343
  9.50      0.05776
  9.52      0.06487
  9.54      0.06981
  9.56      0.07999
  9.58      0.08290
  9.60      0.08176
  9.62      0.08398
  9.64      0.08682
  9.66      0.08155
  9.68      0.07820
  9.70      0.07679
  9.72      0.06618
  9.74      0.05220
  9.76      0.04036
  9.78      0.02696
  9.80      0.01450
  9.82      0.00409
  9.84     -0.00723
  9.86     -0.01839
  9.88     -0.02689
  9.90     -0.03621
  9.92     -0.04793
  9.94     -0.05330
  9.96     -0.05648
  9.98     -0.06066
 10.00     -0.06115
 10.02     -0.05927
 10.04     -0.05763
 10.06     -0.05718
 10.08     -0.05505
 10.10     -0.05253
 10.12     -0.04784
 10.14     -0.04439
 10.16     -0.03983
 10.18     -0.03214
 10.20     -0.02462
 10.22     -0.01887
 10.24     -0.01046
 10.26     -0.00474
 10.28     -0.00107
 10.30      0.00242
 10.32      0.00494
 10.34      0.00532
 10.36      0.00875
 10.38      0.00918
 10.40      0.00766
 10.42      0.00543
 10.44      0.00133
 10.46     -0.00486
 10.48     -0.01002
 10.50     -0.01644
 10.52     -0.02107
 10.54     -0.02351
 10.56     -0.02491
 10.58     -0.02761
 10.60     -0.02825
 10.62     -0.02851
 10.64     -0.03192
 10.66     -0.03373
 10.68     -0.03359
 10.70     -0.03455
 10.72     -0.03440
 10.74     -0.03226
 10.76     -0.03137
 10.78     -0.02999
 10.80     -0.02509
 10.82     -0.02138
 10.84     -0.01707
 10.86     -0.01162
 10.88     -0.00477
 10.90      0.00275
 10.92      0.00618
 10.94      0.01119
 10.96      0.01402
 10.98      0.01394
 11.00      0.01531
 11.02      0.01678
 11.04      0.01765
 11.06      0.01794
 11.08      0.01900
 11.10      0.01463
 11.12      0.01316
 11.14      0.01054
 11.16      0.00751
 11.18      0.00543
 11.20      0.00570
 11.22      0.00521
 11.24      0.00492
 11.26      0.00674
 11.28      0.00962
 11.30      0.00875
 11.32      0.01012
 11.34      0.00981
 11.36      0.01288
 11.38      0.01310
 11.40      0.01366
 11.42      0.01790
 11.44      0.02251
 11.46      0.02387
 11.48      0.02764
 11.50      0.03022
 11.52      0.03089
 11.54      0.03215
 11.56      0.03504
 11.58      0.03697
 11.60      0.04287
 11.62      0.04528
 11.64      0.04657
 11.66      0.04551
 11.68      0.04364
 11.70      0.04214
 11.72      0.03916
 11.74      0.03470
 11.76      0.03077
 11.78      0.02668
 11.80      0.01708
 11.82      0.01342
 11.84      0.00922
 11.86      0.00613
 11.88      0.00057
 11.90      0.00025
 11.92     -0.00650
 11.94     -0.00647
 11.96     -0.01062
 11.98     -0.00981
 12.00     -0.01091
 12.02     -0.00930
 12.04     -0.01146
 12.06     -0.00934
 12.08     -0.00896
 12.10     -0.00853
 12.12     -0.00887
 12.14     -0.00879
 12.16     -0.00954
 12.18     -0.01023
 12.20     -0.00720
 12.22     -0.00689
 12.24     -0.00442
 12.26     -0.00236
 12.28     -0.00258
 12.30     -0.00525
 12.32     -0.00509
 12.34     -0.00824
 12.36     -0.01182
 12.38     -0.01586
 12.40     -0.01756
 12.42     -0.01821
 12.44     -0.01940
 12.46     -0.02084
 12.48     -0.02100
 12.50     -0.02390
 12.52     -0.02427
 12.54     -0.02577
 12.56     -0.02622
 12.58     -0.02576
 12.60     -0.02453
 12.62     -0.02651
 12.64     -0.02533
 12.66     -0.02480
 12.68     -0.02195
 12.70     -0.02076
 12.72     -0.01827
 12.74     -0.01577
 12.76     -0.01341
 12.78     -0.01173
 12.80     -0.01219
 12.82     -0.01159
 12.84     -0.01203
 12.86     -0.01376
 12.88     -0.01667
 12.90     -0.01753
 12.92     -0.01855
 12.94     -0.02129
 12.96     -0.02105
 12.98     -0.02225
 13.00     -0.02079
 13.02     -0.02099
 13.04     -0.02007
 13.06     -0.01974
 13.08     -0.01534
 13.10     -0.01502
 13.12     -0.01289
 13.14     -0.00914
 13.16     -0.00627
 13.18     -0.00398
 13.20     -0.00103
 13.22      0.00113
 13.24      0.00428
 13.26      0.00833
 13.28      0.01203
 13.30      0.01681
 13.32      0.02346
 13.34      0.03017
 13.36      0.03225
 13.38      0.03182
 13.40      0.03283
 13.42      0.03274
 13.44      0.02771
 13.46      0.02724
 13.48      0.02543
 13.50      0.02470
 13.52      0.02060
 13.54      0.01970
 13.56      0.01795
 13.58      0.02062
 13.60      0.01727
 13.62      0.01863
 13.64      0.01998
 13.66      0.02191
 13.68      0.01932
 13.70      0.02392
 13.72      0.02574
 13.74      0.02782
 13.76      0.02837
 13.78      0.03196
 13.80      0.03289
 13.82      0.03508
 13.84      0.03711
 13.86      0.03765
 13.88      0.03934
 13.90      0.03983
 13.92      0.04036
 13.94      0.03952
 13.96      0.03998
 13.98      0.03611
 14.00      0.03299
 14.02      0.02819
 14.04      0.02213
 14.06      0.01750
 14.08      0.01516
 14.10      0.01052
 14.12      0.00640
 14.14      0.00369
 14.16     -0.00183
 14.18     -0.00589
 14.20     -0.00922
 14.22     -0.01281
 14.24     -0.01778
 14.26     -0.02094
 14.28     -0.02581
 14.30     -0.03070
 14.32     -0.03431
 14.34     -0.03621
 14.36     -0.03764
 14.38     -0.03965
 14.40     -0.03925
 14.42     -0.04351
 14.44     -0.04492
 14.46     -0.04579
 14.48     -0.04557
 14.50     -0.04645
 14.52     -0.04381
 14.54     -0.04236
 14.56     -0.04170
 14.58     -0.03943
 14.60     -0.03778
 14.62     -0.03680
 14.64     -0.03368
 14.66     -0.02937
 14.68     -0.02810
 14.70     -0.02631
 14.72     -0.02096
 14.74     -0.01900
 14.76     -0.01467
 14.78     -0.00967
 14.80     -0.00448
 14.82     -0.00060
 14.84      0.00195
 14.86      0.00183
 14.88      0.00426
 14.90      0.00457
 14.92      0.00560
 14.94      0.00896
 14.96      0.01168
 14.98      0.00864
 15.00      0.00921
 15.02      0.00689
 15.04      0.00407
 15.06      0.00157
 15.08      0.00272
 15.10      0.00202
 15.12      0.00113
 15.14     -0.00039
 15.16      0.00037
 15.18      0.00210
 15.20      0.00223
 15.22      0.00409
 15.24      0.00688
 15.26      0.00955
 15.28      0.01025
 15.30      0.01458
 15.32      0.01725
 15.34      0.01884
 15.36      0.02026
 15.38      0.02120
 15.40      0.02180
 15.42      0.02054
 15.44      0.02210
 15.46      0.01814
 15.48      0.01686
 15.50      0.01361
 15.52      0.01270
 15.54      0.01005
 15.56      0.01074
 15.58      0.00879
 15.60      0.00882
 15.62      0.00614
 15.64      0.00334
 15.66      0.00291
 15.68      0.00384
 15.70      0.00321
 15.72      0.00480
 15.74      0.00651
 15.76      0.00447
 15.78      0.00429
 15.80      0.00366
 15.82      0.00466
 15.84      0.00418
 15.86      0.00579
 15.88      0.00478
 15.90      0.00494
 15.92      0.00337
 15.94      0.00314
 15.96      0.00058
 15.98      0.00063
 16.00      0.00349
 16.02      0.00608
 16.04      0.00742
 16.06      0.01051
 16.08      0.01263
 16.10      0.01243
 16.12      0.01419
 16.14      0.01646
 16.16      0.01759
 16.18      0.01939
 16.20      0.01963
 16.22      0.01919
 16.24      0.01924
 16.26      0.01916
 16.28      0.01789
 16.30      0.01614
 16.32      0.01543
 16.34      0.01207
 16.36      0.00853
 16.38      0.00550
 16.40      0.00402
 16.42     -0.00086
 16.44     -0.00240
 16.46     -0.00380
 16.48     -0.00564
 16.50     -0.00977
 16.52     -0.01229
 16.54     -0.01376
 16.56     -0.01508
 16.58     -0.01812
 16.60     -0.01867
 16.62     -0.01838
 16.64     -0.02133
 16.66     -0.02224
 16.68     -0.02401
 16.70     -0.02494
 16.72     -0.02444
 16.74     -0.02447
 16.76     -0.02540
 16.78     -0.02405
 16.80     -0.02385
 16.82     -0.02553
 16.84     -0.02459
 16.86     -0.02432
 16.88     -0.02403
 16.90     -0.02401
 16.92     -0.02384
 16.94     -0.02218
 16.96     -0.01974
 16.98     -0.01879
 17.00     -0.01669
 17.02     -0.01528
 17.04     -0.01380
 17.06     -0.01482
 17.08     -0.01307
 17.10     -0.01157
 17.12     -0.00858
 17.14     -0.00922
 17.16     -0.00696
 17.18     -0.00601
 17.20     -0.00460
 17.22     -0.00123
 17.24      0.00137
 17.26      0.00405
 17.28      0.00786
 17.30      0.00966
 17.32      0.01050
 17.34      0.01489
 17.36      0.01597
 17.38      0.01715
 17.40      0.01684
 17.42      0.01712
 17.44      0.01544
 17.46      0.01549
 17.48      0.01528
 17.50      0.01824
 17.52      0.01937
 17.54      0.01769
 17.56      0.02095
 17.58      0.02309
 17.60      0.02241
 17.62      0.02061
 17.64      0.01941
 17.66      0.01668
 17.68      0.01248
 17.70      0.01168
 17.72      0.00970
 17.74      0.01097
 17.76      0.01110
 17.78      0.01117
 17.80      0.00893
 17.82      0.00928
 17.84      0.01009
 17.86      0.01006
 17.88      0.00998
 17.90      0.01057
 17.92      0.01002
 17.94      0.00914
 17.96      0.00561
 17.98      0.00475
 18.00      0.00135
 18.02     -0.00041
 18.04     -0.00172
 18.06     -0.00143
 18.08     -0.00186
 18.10      0.00040
 18.12     -0.00218
 18.14     -0.00368
 18.16     -0.00488
 18.18     -0.00566
 18.20     -0.00830
 18.22     -0.00520
 18.24     -0.00565
 18.26     -0.00610
 18.28     -0.00589
 18.30     -0.00338
 18.32     -0.00398
 18.34     -0.00145
 18.36     -0.00139
 18.38     -0.00056
 18.40     -0.00064
 18.42     -0.00018
 18.44     -0.00220
 18.46     -0.00072
 18.48     -0.00297
 18.50     -0.00453
 18.52     -0.00284
 18.54     -0.00175
 18.56     -0.00226
 18.58     -0.00085
 18.60      0.00077
 18.62     -0.00189
 18.64     -0.00275
 18.66     -0.00203
 18.68     -0.00317
 18.70     -0.00375
 18.72     -0.00303
 18.74     -0.00249
 18.76     -0.00287
 18.78     -0.00279
 18.80     -0.00214
 18.82     -0.00286
 18.84     -0.00301
 18.86     -0.00373
 18.88     -0.00350
 18.90     -0.00464
 18.92     -0.00602
 18.94     -0.00703
 18.96     -0.00741
 18.98     -0.00814
 19.00     -0.00879
 19.02     -0.00881
 19.04     -0.00809
 19.06     -0.00699
 19.08     -0.00569
 19.10     -0.00559
 19.12     -0.00468
 19.14     -0.00448
 19.16     -0.00530
 19.18     -0.00606
 19.20     -0.00574
 19.22     -0.00497
 19.24     -0.00387
 19.26     -0.00217
 19.28     -0.00075
 19.30     -0.00044
 19.32     -0.00084
 19.34     -0.00170
 19.36     -0.00223
 19.38     -0.00121
 19.40     -0.00013
 19.42      0.00122
 19.44      0.00135
 19.46      0.00182
 19.48      0.00208
 19.50      0.00373
 19.52      0.00382
 19.54      0.00334
 19.56      0.00524
 19.58      0.00417
 19.60      0.00354
 19.62      0.00365
 19.64      0.00396
 19.66      0.00270
 19.68      0.00383
 19.70      0.00237
 19.72      0.00217
 19.74      0.00358
 19.76      0.00305
 19.78      0.00271
 19.80      0.00305
 19.82      0.00291
 19.84      0.00316
 19.86      0.00286
 19.88      0.00254
 19.90      0.00430
 19.92      0.00478
 19.94      0.00455
 19.96      0.00401
 19.98      0.00321
 20.00      0.00116
 20.02      0.00140
 20.04      0.00083
 20.06      0.00120
 20.08      0.00127
 20.10      0.00101
 20.12      0.00164
 20.14      0.00207
 20.16      0.00222
 20.18      0.00482
 20.20      0.00522
 20.22      0.00570
 20.24      0.00561
 20.26      0.00421
 20.28      0.00272
 20.30      0.00287
 20.32      0.00198
 20.34      0.00147
 20.36      0.00259
 20.38      0.00165
 20.40      0.00256
 20.42      0.00197
 20.44      0.00232
 20.46      0.00132
 20.48      0.00035
 20.50     -0.00190
 20.52     -0.00164
 20.54     -0.00127
 20.56     -0.00075
 20.58      0.00143
 20.60      0.00297
 20.62      0.00292
 20.64      0.00191
 20.66      0.00222
 20.68      0.00085
 20.70      0.00152
 20.72      0.00067
 20.74      0.00150
 20.76      0.00204
 20.78      0.00222
 20.80      0.00167
 20.82      0.00217
 20.84      0.00192
 20.86      0.00116
 20.88      0.00132
 20.90     -0.00096
 20.92     -0.00286
 20.94     -0.00413
 20.96     -0.00434
 20.98     -0.00473
 21.00     -0.00317
 21.02     -0.00121
 21.04     -0.00128
 21.06     -0.00126
 21.08     -0.00261
 21.10     -0.00234
 21.12     -0.00332
 21.14     -0.00336
 21.16     -0.00442
 21.18     -0.00491
 21.20     -0.00618
 21.22     -0.00678
 21.24     -0.00885
 21.26     -0.00803
 21.28     -0.00759
 21.30     -0.00690
 21.32     -0.00634
 21.34     -0.00463
 21.36     -0.00444
 21.38     -0.00272
 21.40     -0.00401
 21.42     -0.00484
 21.44     -0.00502
 21.46     -0.00523
 21.48     -0.00598
 21.50     -0.00560
 21.52     -0.00482
 21.54     -0.00481
 21.56     -0.00396
 21.58     -0.00357
 21.60     -0.00132
 21.62     -0.00113
 21.64      0.00008
 21.66     -0.00076
 21.68     -0.00028
 21.70     -0.00141
 21.72      0.00019
 21.74      0.00015
 21.76      0.00282
 21.78      0.00338
 21.80      0.00604
 21.82      0.00578
 21.84      0.00730
 21.86      0.00696
 21.88      0.00758
 21.90      0.00650
 21.92      0.00665
 21.94      0.00671
 21.96      0.00722
 21.98      0.00726
 22.00      0.00706
 22.02      0.00626
 22.04      0.00510
 22.06      0.00317
 22.08      0.00227
 22.10      0.00083
 22.12      0.00135
 22.14      0.00030
 22.16      0.00050
 22.18     -0.00070
 22.20      0.00073
 22.22     -0.00052
 22.24     -0.00023
 22.26     -0.00045
 22.28     -0.00051
 22.30     -0.00192
 22.32     -0.00122
 22.34     -0.00157
 22.36     -0.00264
 22.38     -0.00291
 22.40     -0.00332
 22.42     -0.00401
 22.44     -0.00422
 22.46     -0.00350
 22.48     -0.00339
 22.50     -0.00300
 22.52     -0.00364
 22.54     -0.00225
 22.56     -0.00225
 22.58     -0.00116
 22.60     -0.00090
 22.62      0.00103
 22.64     -0.00000
 22.66      0.00083
 22.68      0.00016
 22.70      0.00161
 22.72      0.00193
 22.74      0.00375
 22.76      0.00356
 22.78      0.00441
 22.80      0.00413
 22.82      0.00431
 22.84      0.00299
 22.86      0.00357
 22.88      0.00448
 22.90      0.00355
 22.92      0.00207
 22.94      0.00306
 22.96      0.00309
 22.98      0.00262
 23.00      0.00250
 23.02      0.00339
 23.04      0.00320
 23.06      0.00298
 23.08      0.00209
 23.10      0.00212
 23.12      0.00176
 23.14      0.00019
 23.16      0.00016
 23.18     -0.00002
 23.20     -0.00011
 23.22     -0.00032
 23.24      0.00011
 23.26     -0.00133
 23.28     -0.00104
 23.30     -0.00107
 23.32     -0.00216
 23.34     -0.00217
 23.36     -0.00167
 23.38     -0.00231
 23.40     -0.00292
 23.42     -0.00320
 23.44     -0.00401
 23.46     -0.00492
 23.48     -0.00496
 23.50     -0.00543
 23.52     -0.00558
 23.54     -0.00516
 23.56     -0.00459
 23.58     -0.00528
 23.60     -0.00515
 23.62     -0.00485
 23.64     -0.00462
 23.66     -0.00502
 23.68     -0.00448
 23.70     -0.00390
 23.72     -0.00343
 23.74     -0.00397
 23.76     -0.00354
 23.78     -0.00297
 23.80     -0.00293
 23.82     -0.00289
 23.84     -0.00190
 23.86     -0.00102
 23.88     -0.00160
 23.90     -0.00079
 23.92      0.00075
 23.94      0.00073
 23.96      0.00007
 23.98      0.00039
 24.00     -0.00058
 24.02     -0.00112
 24.04     -0.00191
 24.06     -0.00111
 24.08     -0.00025
 24.10      0.00043
 24.12      0.00028
 24.14      0.00175
 24.16      0.00211
 24.18      0.00163
 24.20      0.00154
 24.22      0.00164
 24.24      0.00126
 24.26      0.00149
 24.28      0.00207
 24.30      0.00274
 24.32      0.00342
 24.34      0.00367
 24.36      0.00404
 24.38      0.00397
 24.40      0.00248
 24.42      0.00233
 24.44      0.00163
 24.46      0.00100
 24.48      0.00078
 24.50      0.00212
 24.52      0.00092
 24.54      0.00145
 24.56      0.00160
 24.58      0.00184
 24.60      0.00107
 24.62      0.00240
 24.64      0.00240
 24.66      0.00105
 24.68      0.00071
 24.70      0.00119
 24.72      0.00086
 24.74      0.00012
 24.76      0.00085
 24.78      0.00044
 24.80     -0.00012
 24.82     -0.00078
 24.84     -0.00097
 24.86     -0.00099
 24.88     -0.00083
 24.90     -0.00116
 24.92     -0.00123
 24.94     -0.00012
 24.96      0.00021
 24.98     -0.00014
 25.00     -0.00001
 25.02     -0.00037
 25.04     -0.00095
 25.06     -0.00152
 25.08     -0.00186
 25.10     -0.00143
 25.12     -0.00071
 25.14     -0.00145
 25.16     -0.00108
 25.18     -0.00066
 25.20     -0.00030
 25.22     -0.00078
 25.24     -0.00011
 25.26     -0.00044
 25.28     -0.00054
 25.30     -0.00110
 25.32     -0.00109
 25.34     -0.00127
 25.36     -0.00167
 25.38     -0.00097
 25.40     -0.00115
 25.42     -0.00111
 25.44     -0.00143
 25.46     -0.00123
 25.48     -0.00131
 25.50     -0.00142
 25.52     -0.00096
 25.54     -0.00038
 25.56      0.00007
 25.58     -0.00071
 25.60     -0.00029
 25.62     -0.00096
 25.64     -0.00118
 25.66     -0.00192
 25.68     -0.00202
 25.70     -0.00220
 25.72     -0.00175
 25.74     -0.00207
 25.76     -0.00158
 25.78     -0.00157
 25.80     -0.00168
 25.82     -0.00221
 25.84     -0.00194
 25.86     -0.00176
 25.88     -0.00171
 25.90     -0.00215
 25.92     -0.00125
 25.94     -0.00158
 25.96     -0.00220
 25.98     -0.00173
 26.00     -0.00110
 26.02     -0.00177
 26.04     -0.00140
 26.06     -0.00106
 26.08     -0.00077
 26.10     -0.00081
 26.12     -0.00054
 26.14     -0.00007
 26.16      0.00006
 26.18     -0.00043
 26.20      0.00014
 26.22      0.00046
 26.24      0.00024
 26.26      0.00043
 26.28      0.00058
 26.30      0.00012
 26.32      0.00025
 26.34      0.00055
 26.36      0.00052
 26.38      0.00061
 26.40      0.00070
 26.42      0.00055
 26.44      0.00057
 26.46      0.00075
 26.48      0.00131
 26.50      0.00105
 26.52      0.00093
 26.54      0.00086
 26.56      0.00095
 26.58      0.00041
 26.60      0.00040
 26.62      0.00025
 26.64      0.00007
 26.66     -0.00021
 26.68     -0.00003
 26.70      0.00016
 26.72     -0.00001
 26.74     -0.00032
 26.76     -0.00031
 26.78     -0.00018
 26.80     -0.00038
 26.82     -0.00019
 26.84     -0.00002
 26.86      0.00022
 26.88     -0.00023
 26.90     -0.00006
 26.92     -0.00009
 26.94     -0.00012
 26.96     -0.00069
 26.98     -0.00059
 27.00     -0.00057
 27.02     -0.00058
 27.04     -0.00046
 27.06     -0.00029
 27.08     -0.00027
 27.10     -0.00028
 27.12     -0.00027
 27.14     -0.00060
 27.16     -0.00059
 27.18     -0.00083
 27.20     -0.00100
 27.22     -0.00106
 27.24     -0.00075
 27.26     -0.00102
 27.28     -0.00082
 27.30     -0.00092
 27.32     -0.00102
 27.34     -0.00132
 27.36     -0.00114
 27.38     -0.00125
 27.40     -0.00130
 27.42     -0.00140
 27.44     -0.00141
 27.46     -0.00155
 27.48     -0.00152
 27.50     -0.00140
 27.52     -0.00146
 27.54     -0.00116
 27.56     -0.00090
 27.58     -0.00099
 27.60     -0.00102
 27.62     -0.00088
 27.64     -0.00114
 27.66     -0.00131
 27.68     -0.00131
 27.70     -0.00128
 27.72     -0.00127
 27.74     -0.00128
 27.76     -0.00141
 27.78     -0.00137
 27.80     -0.00136
 27.82     -0.00146
 27.84     -0.00140
 27.86     -0.00126
 27.88     -0.00118
 27.90     -0.00123
 27.92     -0.00117
 27.94     -0.00107
 27.96     -0.00114
 27.98     -0.00115
 28.00     -0.00103
 28.02     -0.00094
 28.04     -0.00098
 28.06     -0.00094
 28.08     -0.00100
 28.10     -0.00108
 28.12     -0.00101
 28.14     -0.00099
 28.16     -0.00098
 28.18     -0.00088
 28.20     -0.00085
 28.22     -0.00092
 28.24     -0.00096
 28.26     -0.00088
 28.28     -0.00089
 28.30     -0.00085
 28.32     -0.00080
 28.34     -0.00077
 28.36     -0.00079
 28.38     -0.00077
 28.40     -0.00076
 28.42     -0.00076
 28.44     -0.00073
 28.46     -0.00070
 28.48     -0.00067
 28.50     -0.00065
 28.52     -0.00062
 28.54     -0.00060
 28.56     -0.00057
 28.58     -0.00055
 28.60     -0.00052
 28.62     -0.00050
 28.64     -0.00048
 28.66     -0.00046
 28.68     -0.00043
 28.70     -0.00041
 28.72     -0.00039
 28.74     -0.00037
 28.76     -0.00035
 28.78     -0.00035
 28.80     -0.00033
 28.82     -0.00032
 28.84     -0.00030
 28.86     -0.00029
 28.88     -0.00027
 28.90     -0.00026
 28.92     -0.00025
 28.94     -0.00024
 28.96     -0.00022
 28.98     -0.00021
 29.00     -0.00020
 29.02     -0.00019
 29.04     -0.00018
 29.06     -0.00017
 29.08     -0.00016
 29.10     -0.00015
 29.12     -0.00014
 29.14     -0.00013
 29.16     -0.00013
 29.18     -0.00012
 29.20     -0.00011
 29.22     -0.00011
 29.24     -0.00010
 29.26     -0.00009
 29.28     -0.00009
 29.30     -0.00008
 29.32     -0.00008
 29.34     -0.00007
 29.36     -0.00007
 29.38     -0.00006
 29.40     -0.00006
 29.42     -0.00006
 29.44     -0.00005
 29.46     -0.00005
 29.48     -0.00005
 29.50     -0.00004
 29.52     -0.00004
 29.54     -0.00004
 29.56     -0.00003
 29.58     -0.00003
 29.60     -0.00003
 29.62     -0.00003
 29.64     -0.00002
 29.66     -0.00002
 29.68     -0.00002
 29.70     -0.00002
 29.72     -0.00002
 29.74     -0.00002
 29.76     -0.00001
 29.78     -0.00001
 29.80     -0.00001
 29.82     -0.00001
 29.84     -0.00001
 29.86     -0.00001
 29.88     -0.00001
 29.90     -0.00001
 29.92     -0.00001
 29.94     -0.00001
 29.96     -0.00000
 29.98     -0.00000
 30.00     -0.00000
 30.02     -0.00000
 30.04     -0.00000
 30.06     -0.00000
 30.08     -0.00000
 30.10     -0.00000
 30.12     -0.00000
 30.14     -0.00000
 30.16     -0.00000
 30.18     -0.00000
 30.20     -0.00000
 30.22     -0.00000
 30.24     -0.00000
 30.26     -0.00000
 30.28     -0.00000
 30.30     -0.00000
 30.32     -0.00000
 30.34     -0.00000
 30.36     -0.00000
 30.38     -0.00000
 30.40     -0.00000
 30.42     -0.00000
 30.44     -0.00000
 30.46     -0.00000
 30.48     -0.00000
 30.50     -0.00000
 30.52     -0.00000
 30.54     -0.00000
 30.56     -0.00000
 30.58     -0.00000
 30.60     -0.00000
 30.62     -0.00000
 30.64     -0.00000
 30.66     -0.00000
 30.68     -0.00000
 30.70     -0.00000
 30.72     -0.00000
 30.74      0.00000
 30.76      0.00000
 30.78      0.00000
 30.80      0.00000
 30.82      0.00000
 30.84      0.00000
 30.86      0.00000
 30.88      0.00000
 30.90      0.00000
 30.92      0.00000
 30.94      0.00000
 30.96      0.00000
 30.98      0.00000
 31.00      0.00000
 31.02      0.00000
 31.04      0.00000
 31.06      0.00000
 31.08      0.00000
 31.10      0.00000
 31.12      0.00000
 31.14      0.00000
 31.16      0.00000
 31.18      0.00000
 31.20      0.00000
 31.22      0.00000
 31.24      0.00000
 31.26      0.00000
 31.28      0.00000
 31.30      0.00000
 31.32      0.00000
 31.34      0.00000
 31.36      0.00000
 31.38      0.00000
 31.40      0.00000
 31.42      0.00000
 31.44      0.00000
 31.46      0.00000
 31.48      0.00000
 31.50      0.00000
 31.52      0.00000
 31.54      0.00000
 31.56      0.00000
 31.58      0.00000
 31.60      0.00000
 31.62      0.00000
 31.64      0.00000
 31.66      0.00000
 31.68      0.00000
 31.70      0.00000
 31.72      0.00000
 31.74      0.00000
 31.76      0.00000
 31.78      0.00000
 31.80      0.00000
 31.82      0.00000
 31.84      0.00000
 31.86      0.00000
 31.88      0.00000
 31.90      0.00000
 31.92      0.00000
 31.94      0.00000
 31.96      0.00000
 31.98      0.00000
 32.00      0.00000
