 #r(A)        h(r)         Base         G(r)
  0.02      0.00000      0.00000      0.00000
  0.04      0.00000      0.00000      0.00000
  0.06      0.00000      0.00000      0.00000
  0.08      0.00000      0.00000      0.00000
  0.10      0.00000      0.00000      0.00000
  0.12      0.00000      0.00000      0.00000
  0.14      0.00000      0.00000      0.00000
  0.16      0.00000      0.00000      0.00000
  0.18      0.00000      0.00000      0.00000
  0.20      0.00000      0.00000      0.00000
  0.22      0.00000      0.00000      0.00000
  0.24      0.00000      0.00000      0.00000
  0.26      0.00000      0.00000      0.00000
  0.28      0.00000      0.00000      0.00000
  0.30      0.00000      0.00000      0.00000
  0.32      0.00000      0.00000      0.00000
  0.34      0.00000      0.00000      0.00000
  0.36      0.00000      0.00000      0.00000
  0.38      0.00000      0.00000      0.00000
  0.40      0.00000      0.00000      0.00000
  0.42      0.00000      0.00000      0.00000
  0.44      0.00000      0.00000     -0.00000
  0.46      0.00000      0.00000     -0.00000
  0.48      0.00000      0.00000     -0.00000
  0.50      0.00000      0.00000     -0.00000
  0.52      0.00000      0.00000     -0.00000
  0.54      0.00000      0.00000     -0.00000
  0.56      0.00000      0.00001     -0.00001
  0.58      0.00000      0.00001     -0.00001
  0.60      0.00000      0.00002     -0.00002
  0.62      0.00000      0.00004     -0.00004
  0.64      0.00000      0.00008     -0.00008
  0.66      0.00000      0.00015     -0.00015
  0.68      0.00000      0.00025     -0.00025
  0.70      0.00000      0.00040     -0.00040
  0.72      0.00000      0.00060     -0.00060
  0.74      0.00000      0.00085     -0.00085
  0.76      0.00000      0.00117     -0.00117
  0.78      0.00000      0.00153     -0.00153
  0.80      0.00000      0.00193     -0.00193
  0.82      0.00000      0.00237     -0.00237
  0.84      0.00000      0.00282     -0.00282
  0.86      0.00000      0.00329     -0.00329
  0.88      0.00000      0.00377     -0.00377
  0.90      0.00000      0.00426     -0.00426
  0.92      0.00000      0.00475     -0.00475
  0.94      0.00000      0.00523     -0.00523
  0.96      0.00000      0.00572     -0.00572
  0.98      0.00000      0.00621     -0.00621
  1.00      0.00000      0.00670     -0.00670
  1.02      0.00000      0.00719     -0.00719
  1.04      0.00000      0.00768     -0.00768
  1.06      0.00000      0.00817     -0.00817
  1.08      0.00000      0.00866     -0.00866
  1.10      0.00000      0.00915     -0.00915
  1.12      0.00000      0.00964     -0.00964
  1.14      0.00000      0.01013     -0.01013
  1.16      0.00000      0.01062     -0.01062
  1.18      0.00000      0.01111     -0.01111
  1.20      0.00000      0.01160     -0.01160
  1.22      0.00000      0.01209     -0.01209
  1.24      0.00000      0.01258     -0.01258
  1.26      0.00000      0.01307     -0.01307
  1.28      0.00000      0.01356     -0.01356
  1.30      0.00000      0.01405     -0.01405
  1.32      0.00000      0.01454     -0.01454
  1.34      0.00000      0.01503     -0.01503
  1.36      0.00000      0.01552     -0.01552
  1.38      0.00000      0.01601     -0.01601
  1.40      0.00000      0.01650     -0.01650
  1.42      0.00000      0.01699     -0.01699
  1.44      0.00000      0.01748     -0.01748
  1.46      0.00000      0.01797     -0.01797
  1.48      0.00000      0.01846     -0.01846
  1.50      0.00000      0.01895     -0.01895
  1.52      0.00000      0.01944     -0.01944
  1.54      0.00000      0.01993     -0.01993
  1.56      0.00000      0.02042     -0.02042
  1.58      0.00000      0.02092     -0.02092
  1.60      0.00000      0.02141     -0.02141
  1.62      0.00000      0.02190     -0.02190
  1.64      0.00000      0.02239     -0.02239
  1.66      0.00000      0.02288     -0.02288
  1.68      0.00000      0.02337     -0.02337
  1.70      0.00000      0.02386     -0.02386
  1.72      0.00000      0.02436     -0.02436
  1.74      0.00000      0.02485     -0.02485
  1.76      0.00000      0.02535     -0.02535
  1.78      0.00000      0.02586     -0.02586
  1.80      0.00000      0.02637     -0.02637
  1.82      0.00000      0.02690     -0.02690
  1.84      0.00000      0.02744     -0.02744
  1.86      0.00000      0.02798     -0.02798
  1.88      0.00000      0.02855     -0.02855
  1.90      0.00000      0.02913     -0.02913
  1.92      0.00000      0.02973     -0.02973
  1.94      0.00000      0.03034     -0.03034
  1.96      0.00000      0.03096     -0.03096
  1.98      0.00000      0.03159     -0.03159
  2.00      0.00000      0.03223     -0.03223
  2.02      0.00000      0.03287     -0.03287
  2.04      0.00000      0.03352     -0.03352
  2.06      0.00000      0.03417     -0.03417
  2.08      0.00000      0.03482     -0.03482
  2.10      0.00000      0.03547     -0.03547
  2.12      0.00000      0.03612     -0.03612
  2.14      0.00000      0.03677     -0.03677
  2.16      0.00000      0.03743     -0.03743
  2.18      0.00000      0.03808     -0.03808
  2.20      0.00000      0.03873     -0.03873
  2.22      0.00000      0.03938     -0.03938
  2.24      0.00000      0.04003     -0.04003
  2.26      0.00000      0.04068     -0.04068
  2.28      0.00000      0.04133     -0.04133
  2.30      0.00000      0.04199     -0.04199
  2.32      0.00000      0.04264     -0.04264
  2.34      0.00000      0.04329     -0.04329
  2.36      0.00000      0.04394     -0.04394
  2.38      0.00000      0.04459     -0.04459
  2.40      0.00000      0.04524     -0.04502
  2.42      0.00000      0.04589     -0.04545
  2.44      0.00113      0.04655     -0.04587
  2.46      0.00112      0.04720     -0.04631
  2.48      0.00111      0.04785     -0.04652
  2.50      0.00110      0.04850     -0.04566
  2.52      0.00219      0.04915     -0.04417
  2.54      0.00867      0.04980     -0.03907
  2.56      0.01183      0.05046     -0.03083
  2.58      0.02990      0.05111     -0.00816
  2.60      0.04553      0.05176      0.02953
  2.62      0.11880      0.05241      0.07416
  2.64      0.20040      0.05305      0.14076
  2.66      0.23825      0.05367      0.22477
  2.68      0.36609      0.05426      0.30785
  2.70      0.46861      0.05481      0.38393
  2.72      0.53718      0.05530      0.45345
  2.74      0.58357      0.05574      0.47838
  2.76      0.58834      0.05611      0.46938
  2.78      0.49292      0.05642      0.42364
  2.80      0.42548      0.05668      0.34959
  2.82      0.31001      0.05689      0.26238
  2.84      0.21460      0.05708      0.18180
  2.86      0.15336      0.05726      0.10832
  2.88      0.09097      0.05744      0.05144
  2.90      0.05899      0.05760      0.01023
  2.92      0.02648      0.05777     -0.01930
  2.94      0.00938      0.05794     -0.03692
  2.96      0.00652      0.05811     -0.04852
  2.98      0.00370      0.05828     -0.05399
  3.00      0.00184      0.05845     -0.05604
  3.02      0.00000      0.05862     -0.05733
  3.04      0.00000      0.05879     -0.05824
  3.06      0.00090      0.05896     -0.05878
  3.08      0.00000      0.05913     -0.05895
  3.10      0.00000      0.05931     -0.05912
  3.12      0.00000      0.05948     -0.05948
  3.14      0.00000      0.05965     -0.05965
  3.16      0.00000      0.05982     -0.05982
  3.18      0.00000      0.05999     -0.05999
  3.20      0.00000      0.06016     -0.06016
  3.22      0.00000      0.06033     -0.06033
  3.24      0.00000      0.06051     -0.06051
  3.26      0.00000      0.06068     -0.06068
  3.28      0.00000      0.06085     -0.06085
  3.30      0.00000      0.06102     -0.06102
  3.32      0.00000      0.06120     -0.06120
  3.34      0.00000      0.06137     -0.06137
  3.36      0.00000      0.06155     -0.06155
  3.38      0.00000      0.06173     -0.06173
  3.40      0.00000      0.06192     -0.06192
  3.42      0.00000      0.06212     -0.06212
  3.44      0.00000      0.06233     -0.06233
  3.46      0.00000      0.06256     -0.06256
  3.48      0.00000      0.06281     -0.06281
  3.50      0.00000      0.06307     -0.06307
  3.52      0.00000      0.06336     -0.06320
  3.54      0.00000      0.06366     -0.06351
  3.56      0.00078      0.06398     -0.06383
  3.58      0.00000      0.06432     -0.06401
  3.60      0.00000      0.06467     -0.06391
  3.62      0.00076      0.06503     -0.06352
  3.64      0.00228      0.06540     -0.06239
  3.66      0.00452      0.06577     -0.05932
  3.68      0.00751      0.06614     -0.05703
  3.70      0.01716      0.06652     -0.05151
  3.72      0.01411      0.06689     -0.04647
  3.74      0.03175      0.06725     -0.03840
  3.76      0.03158      0.06762     -0.02533
  3.78      0.04969      0.06797     -0.00609
  3.80      0.08433      0.06832      0.01010
  3.82      0.11209      0.06865      0.02964
  3.84      0.11438      0.06896      0.05001
  3.86      0.13096      0.06924      0.06658
  3.88      0.15306      0.06950      0.07633
  3.90      0.16860      0.06973      0.08380
  3.92      0.16214      0.06993      0.07960
  3.94      0.15290      0.07010      0.06603
  3.96      0.11095      0.07024      0.04751
  3.98      0.08609      0.07036      0.02665
  4.00      0.07670      0.07047      0.00267
  4.02      0.05844      0.07057     -0.01581
  4.04      0.03351      0.07067     -0.03056
  4.06      0.01906      0.07078     -0.04465
  4.08      0.01287      0.07090     -0.05606
  4.10      0.00674      0.07103     -0.06276
  4.12      0.00201      0.07119     -0.06673
  4.14      0.00067      0.07137     -0.06936
  4.16      0.00000      0.07159     -0.07079
  4.18      0.00066      0.07184     -0.07145
  4.20      0.00066      0.07212     -0.07186
  4.22      0.00000      0.07244     -0.07217
  4.24      0.00000      0.07277     -0.07264
  4.26      0.00000      0.07313     -0.07313
  4.28      0.00000      0.07351     -0.07351
  4.30      0.00000      0.07390     -0.07390
  4.32      0.00000      0.07429     -0.07429
  4.34      0.00000      0.07469     -0.07469
  4.36      0.00000      0.07509     -0.07509
  4.38      0.00000      0.07550     -0.07550
  4.40      0.00000      0.07590     -0.07566
  4.42      0.00000      0.07631     -0.07594
  4.44      0.00125      0.07672     -0.07585
  4.46      0.00062      0.07713     -0.07589
  4.48      0.00247      0.07753     -0.07569
  4.50      0.00184      0.07794     -0.07354
  4.52      0.00306      0.07835     -0.07092
  4.54      0.01401      0.07875     -0.06518
  4.56      0.01576      0.07916     -0.05658
  4.58      0.03320      0.07956     -0.04240
  4.60      0.04687      0.07996     -0.02212
  4.62      0.07598      0.08035      0.00637
  4.64      0.11737      0.08074      0.04909
  4.66      0.16020      0.08112      0.09546
  4.68      0.24874      0.08150      0.15992
  4.70      0.28062      0.08185      0.22931
  4.72      0.40013      0.08220      0.30034
  4.74      0.46614      0.08252      0.35127
  4.76      0.51704      0.08281      0.39131
  4.78      0.50503      0.08307      0.39939
  4.80      0.48226      0.08330      0.37679
  4.82      0.44182      0.08348      0.33579
  4.84      0.35427      0.08363      0.27862
  4.86      0.31298      0.08375      0.21219
  4.88      0.21992      0.08383      0.14500
  4.90      0.15072      0.08388      0.08574
  4.92      0.10626      0.08392      0.03136
  4.94      0.05825      0.08394     -0.00875
  4.96      0.04127      0.08396     -0.03681
  4.98      0.01944      0.08397     -0.05741
  5.00      0.01051      0.08397     -0.06797
  5.02      0.00331      0.08397     -0.07579
  5.04      0.00548      0.08398     -0.07968
  5.06      0.00219      0.08398     -0.08179
  5.08      0.00000      0.08399     -0.08245
  5.10      0.00000      0.08400     -0.08356
  5.12      0.00000      0.08401     -0.08390
  5.14      0.00000      0.08403     -0.08382
  5.16      0.00054      0.08407     -0.08374
  5.18      0.00053      0.08411     -0.08358
  5.20      0.00053      0.08418     -0.08355
  5.22      0.00106      0.08428     -0.08322
  5.24      0.00053      0.08441     -0.08231
  5.26      0.00263      0.08458     -0.08154
  5.28      0.00576      0.08480     -0.07979
  5.30      0.00522      0.08507     -0.07726
  5.32      0.01092      0.08539     -0.07243
  5.34      0.01450      0.08575     -0.06551
  5.36      0.02839      0.08615     -0.05026
  5.38      0.04216      0.08659     -0.03634
  5.40      0.08350      0.08705     -0.01305
  5.42      0.08268      0.08751      0.01344
  5.44      0.13324      0.08798      0.04069
  5.46      0.16318      0.08843      0.06227
  5.48      0.18074      0.08886      0.08952
  5.50      0.19367      0.08926      0.10083
  5.52      0.22105      0.08962      0.10386
  5.54      0.19180      0.08994      0.10022
  5.56      0.18017      0.09023      0.08601
  5.58      0.16414      0.09048      0.06233
  5.60      0.12402      0.09070      0.03690
  5.62      0.10390      0.09089      0.00840
  5.64      0.06575      0.09106     -0.01866
  5.66      0.03863      0.09123     -0.04052
  5.68      0.02973      0.09139     -0.05914
  5.70      0.01554      0.09154     -0.07138
  5.72      0.01161      0.09170     -0.07849
  5.74      0.00531      0.09186     -0.08412
  5.76      0.00384      0.09202     -0.08729
  5.78      0.00239      0.09219     -0.08969
  5.80      0.00048      0.09236     -0.09083
  5.82      0.00048      0.09255     -0.09103
  5.84      0.00047      0.09275     -0.09124
  5.86      0.00378      0.09297     -0.09052
  5.88      0.00236      0.09320     -0.08926
  5.90      0.00516      0.09345     -0.08736
  5.92      0.00795      0.09371     -0.08421
  5.94      0.01118      0.09400     -0.07913
  5.96      0.02089      0.09429     -0.07013
  5.98      0.02916      0.09460     -0.05952
  6.00      0.05165      0.09492     -0.04210
  6.02      0.06252      0.09524     -0.02102
  6.04      0.09990      0.09555      0.00698
  6.06      0.12787      0.09585      0.03555
  6.08      0.17070      0.09613      0.07396
  6.10      0.19601      0.09638      0.11260
  6.12      0.25597      0.09660      0.15214
  6.14      0.29436      0.09678      0.18268
  6.16      0.32668      0.09691      0.20558
  6.18      0.32426      0.09699      0.21688
  6.20      0.31119      0.09701      0.21068
  6.22      0.31283      0.09700      0.18949
  6.24      0.26351      0.09695      0.16021
  6.26      0.22066      0.09688      0.12011
  6.28      0.17764      0.09679      0.07357
  6.30      0.11030      0.09670      0.03118
  6.32      0.07973      0.09662     -0.00633
  6.34      0.05109      0.09654     -0.03849
  6.36      0.03265      0.09648     -0.05781
  6.38      0.01648      0.09643     -0.07233
  6.40      0.01341      0.09640     -0.08165
  6.42      0.00690      0.09638     -0.08790
  6.44      0.00430      0.09636     -0.09092
  6.46      0.00129      0.09635     -0.09334
  6.48      0.00128      0.09634     -0.09437
  6.50      0.00128      0.09633     -0.09488
  6.52      0.00170      0.09633     -0.09404
  6.54      0.00169      0.09633     -0.09253
  6.56      0.00548      0.09633     -0.09086
  6.58      0.00884      0.09633     -0.08593
  6.60      0.00965      0.09634     -0.08045
  6.62      0.02635      0.09636     -0.07366
  6.64      0.02918      0.09639     -0.06402
  6.66      0.03948      0.09643     -0.04971
  6.68      0.05720      0.09649     -0.03913
  6.70      0.08141      0.09656     -0.02606
  6.72      0.07952      0.09666     -0.01473
  6.74      0.09489      0.09680     -0.00645
  6.76      0.09666      0.09697     -0.00393
  6.78      0.09924      0.09718     -0.00511
  6.80      0.09488      0.09744     -0.00912
  6.82      0.07471      0.09775     -0.01738
  6.84      0.07611      0.09810     -0.02840
  6.86      0.05692      0.09848     -0.04214
  6.88      0.04588      0.09890     -0.05366
  6.90      0.02810      0.09934     -0.06693
  6.92      0.01921      0.09980     -0.07710
  6.94      0.01197      0.10028     -0.08564
  6.96      0.00836      0.10077     -0.09064
  6.98      0.00555      0.10126     -0.09339
  7.00      0.00554      0.10175     -0.09534
  7.02      0.00789      0.10226     -0.09516
  7.04      0.00472      0.10276     -0.09310
  7.06      0.01177      0.10328     -0.08849
  7.08      0.01838      0.10380     -0.08047
  7.10      0.03119      0.10433     -0.06520
  7.12      0.05056      0.10487     -0.04774
  7.14      0.08377      0.10541     -0.01780
  7.16      0.10171      0.10595      0.01650
  7.18      0.17084      0.10649      0.06176
  7.20      0.20537      0.10702      0.11692
  7.22      0.27959      0.10752      0.17985
  7.24      0.36219      0.10797      0.24162
  7.26      0.41883      0.10837      0.30075
  7.28      0.48197      0.10869      0.34878
  7.30      0.50303      0.10893      0.36930
  7.32      0.52135      0.10908      0.37675
  7.34      0.46596      0.10912      0.36024
  7.36      0.45680      0.10908      0.32450
  7.38      0.39966      0.10895      0.26731
  7.40      0.32412      0.10875      0.20715
  7.42      0.23478      0.10850      0.14234
  7.44      0.16417      0.10821      0.07921
  7.46      0.13144      0.10790      0.02356
  7.48      0.08257      0.10759     -0.01727
  7.50      0.04432      0.10728     -0.04656
  7.52      0.02910      0.10700     -0.07103
  7.54      0.01616      0.10674     -0.08612
  7.56      0.00770      0.10652     -0.09367
  7.58      0.00585      0.10633     -0.09799
  7.60      0.00547      0.10617     -0.09903
  7.62      0.00654      0.10604     -0.09719
  7.64      0.01015      0.10594     -0.09457
  7.66      0.01627      0.10585     -0.09084
  7.68      0.01839      0.10578     -0.08626
  7.70      0.02374      0.10572     -0.08214
  7.72      0.02906      0.10566     -0.07777
  7.74      0.03042      0.10560     -0.07171
  7.76      0.03783      0.10554     -0.06674
  7.78      0.04842      0.10548     -0.06137
  7.80      0.04829      0.10542     -0.05609
  7.82      0.05561      0.10536     -0.05323
  7.84      0.05653      0.10531     -0.05330
  7.86      0.05181      0.10526     -0.05421
  7.88      0.04780      0.10522     -0.05837
  7.90      0.04348      0.10520     -0.06533
  7.92      0.03462      0.10520     -0.07277
  7.94      0.02163      0.10524     -0.07980
  7.96      0.01462      0.10532     -0.08595
  7.98      0.01284      0.10544     -0.09105
  8.00      0.01315      0.10559     -0.09319
  8.02      0.00967      0.10579     -0.09212
  8.04      0.01171      0.10603     -0.09020
  8.06      0.02096      0.10630     -0.08626
  8.08      0.02365      0.10660     -0.07963
  8.10      0.03420      0.10693     -0.06842
  8.12      0.04434      0.10728     -0.05408
  8.14      0.06942      0.10765     -0.03568
  8.16      0.09438      0.10804     -0.01055
  8.18      0.11751      0.10844      0.02035
  8.20      0.16181      0.10885      0.05769
  8.22      0.20085      0.10927      0.09361
  8.24      0.25819      0.10967      0.12704
  8.26      0.27600      0.11006      0.15751
  8.28      0.28671      0.11042      0.17425
  8.30      0.31607      0.11074      0.17763
  8.32      0.28635      0.11102      0.17020
  8.34      0.27671      0.11125      0.15341
  8.36      0.24025      0.11144      0.12478
  8.38      0.20397      0.11159      0.08993
  8.40      0.17382      0.11170      0.05273
  8.42      0.11286      0.11177      0.01646
  8.44      0.09125      0.11183     -0.01740
  8.46      0.05927      0.11187     -0.04568
  8.48      0.03496      0.11190     -0.06328
  8.50      0.03260      0.11193     -0.07597
  8.52      0.02503      0.11195     -0.08248
  8.54      0.02790      0.11197     -0.08187
  8.56      0.02686      0.11199     -0.07862
  8.58      0.03810      0.11201     -0.07002
  8.60      0.04896      0.11204     -0.05671
  8.62      0.06813      0.11207     -0.04119
  8.64      0.09459      0.11211     -0.02088
  8.66      0.10461      0.11214     -0.00008
  8.68      0.13980      0.11218      0.02025
  8.70      0.15317      0.11222      0.04029
  8.72      0.16998      0.11226      0.05456
  8.74      0.19495      0.11230      0.06222
  8.76      0.17616      0.11233      0.06404
  8.78      0.17829      0.11235      0.05760
  8.80      0.16246      0.11237      0.04059
  8.82      0.13791      0.11238      0.02212
  8.84      0.11001      0.11239     -0.00063
  8.86      0.08382      0.11239     -0.02241
  8.88      0.06459      0.11239     -0.04254
  8.90      0.05355      0.11238     -0.05976
  8.92      0.03728      0.11237     -0.07238
  8.94      0.02386      0.11237     -0.08127
  8.96      0.02072      0.11236     -0.08662
  8.98      0.02006      0.11235     -0.08744
  9.00      0.02678      0.11235     -0.07982
  9.02      0.03317      0.11234     -0.06879
  9.04      0.06191      0.11234     -0.05156
  9.06      0.07584      0.11232     -0.03297
  9.08      0.10619      0.11230     -0.01315
  9.10      0.11965      0.11227      0.00494
  9.12      0.13216      0.11222      0.02346
  9.14      0.15219      0.11215      0.03791
  9.16      0.16819      0.11206      0.04635
  9.18      0.17809      0.11195      0.05140
  9.20      0.16144      0.11182      0.04953
  9.22      0.15688      0.11168      0.03842
  9.24      0.14216      0.11153      0.02122
  9.26      0.11192      0.11139      0.00374
  9.28      0.09137      0.11127     -0.01705
  9.30      0.07330      0.11118     -0.03786
  9.32      0.05233      0.11114     -0.05505
  9.34      0.03768      0.11115     -0.06838
  9.36      0.02576      0.11122     -0.07733
  9.38      0.02481      0.11136     -0.08140
  9.40      0.02889      0.11155     -0.07892
  9.42      0.03265      0.11180     -0.07225
  9.44      0.05107      0.11209     -0.06213
  9.46      0.06034      0.11242     -0.04945
  9.48      0.07687      0.11278     -0.03206
  9.50      0.09392      0.11314     -0.01598
  9.52      0.12137      0.11351      0.00237
  9.54      0.13331      0.11387      0.01817
  9.56      0.15392      0.11421      0.02860
  9.58      0.15765      0.11453      0.03477
  9.60      0.14780      0.11483      0.03369
  9.62      0.15383      0.11510      0.02615
  9.64      0.12937      0.11536      0.01452
  9.66      0.11762      0.11559      0.00129
  9.68      0.10078      0.11582     -0.01556
  9.70      0.08285      0.11604     -0.03112
  9.72      0.07071      0.11625     -0.04453
  9.74      0.05264      0.11647     -0.05204
  9.76      0.05168      0.11670     -0.05413
  9.78      0.06432      0.11693     -0.04931
  9.80      0.07352      0.11716     -0.03252
  9.82      0.09595      0.11739     -0.00728
  9.84      0.13771      0.11762      0.02613
  9.86      0.17903      0.11783      0.06831
  9.88      0.23253      0.11803      0.11749
  9.90      0.28552      0.11819      0.16868
  9.92      0.34277      0.11831      0.21707
  9.94      0.39450      0.11838      0.25519
  9.96      0.42156      0.11839      0.28454
  9.98      0.42348      0.11833      0.29858
 10.00      0.43234      0.11822      0.29405
 10.02      0.41268      0.11804      0.26843
 10.04      0.37129      0.11782      0.23395
 10.06      0.29258      0.11755      0.18446
 10.08      0.24993      0.11725      0.12879
 10.10      0.18358      0.11693      0.07421
 10.12      0.13283      0.11661      0.02867
 10.14      0.09676      0.11628     -0.01266
 10.16      0.06329      0.11597     -0.04460
 10.18      0.04165      0.11566     -0.06923
 10.20      0.02228      0.11536     -0.08694
 10.22      0.00814      0.11508     -0.09851
 10.24      0.00677      0.11483     -0.10626
 10.26      0.00405      0.11460     -0.11027
 10.28      0.00162      0.11440     -0.11154
 10.30      0.00108      0.11424     -0.11257
 10.32      0.00081      0.11411     -0.11303
 10.34      0.00080      0.11402     -0.11300
 10.36      0.00107      0.11396     -0.11294
 10.38      0.00134      0.11394     -0.11250
 10.40      0.00107      0.11396     -0.11162
 10.42      0.00293      0.11400     -0.11055
 10.44      0.00531      0.11407     -0.10803
 10.46      0.00662      0.11415     -0.10415
 10.48      0.01428      0.11425     -0.09873
 10.50      0.02085      0.11436     -0.09291
 10.52      0.03056      0.11448     -0.08453
 10.54      0.03497      0.11460     -0.07142
 10.56      0.04908      0.11473     -0.05490
 10.58      0.08042      0.11485     -0.03374
 10.60      0.10406      0.11498     -0.01033
 10.62      0.13702      0.11509      0.01588
 10.64      0.15265      0.11520      0.04219
 10.66      0.18071      0.11531      0.06967
 10.68      0.21255      0.11540      0.09155
 10.70      0.24195      0.11548      0.11323
 10.72      0.24693      0.11554      0.12273
 10.74      0.26143      0.11559      0.12270
 10.76      0.22849      0.11562      0.11001
 10.78      0.21264      0.11563      0.09053
 10.80      0.17863      0.11563      0.06239
 10.82      0.14961      0.11562      0.03533
 10.84      0.12070      0.11560      0.00653
 10.86      0.09317      0.11558     -0.01946
 10.88      0.06853      0.11555     -0.04134
 10.90      0.04857      0.11553     -0.05816
 10.92      0.04011      0.11551     -0.07075
 10.94      0.03649      0.11550     -0.07708
 10.96      0.03010      0.11549     -0.07786
 10.98      0.03686      0.11548     -0.07622
 11.00      0.04460      0.11548     -0.07246
 11.02      0.04829      0.11548     -0.06846
 11.04      0.05524      0.11548     -0.06347
 11.06      0.05012      0.11548     -0.06035
 11.08      0.06180      0.11548     -0.05875
 11.10      0.06018      0.11549     -0.05950
 11.12      0.05634      0.11550     -0.06054
 11.14      0.05151      0.11552     -0.06449
 11.16      0.04496      0.11555     -0.06869
 11.18      0.04215      0.11559     -0.07155
 11.20      0.03935      0.11565     -0.07229
 11.22      0.04225      0.11573     -0.06827
 11.24      0.04809      0.11584     -0.06132
 11.26      0.06548      0.11596     -0.04984
 11.28      0.07741      0.11610     -0.03291
 11.30      0.09739      0.11625     -0.01256
 11.32      0.12758      0.11641      0.00781
 11.34      0.15058      0.11656      0.03368
 11.36      0.16813      0.11670      0.05666
 11.38      0.20754      0.11682      0.07380
 11.40      0.21301      0.11691      0.08842
 11.42      0.21385      0.11697      0.09673
 11.44      0.22414      0.11700      0.09310
 11.46      0.20997      0.11699      0.08166
 11.48      0.18955      0.11694      0.06487
 11.50      0.15572      0.11687      0.04078
 11.52      0.12970      0.11678      0.01562
 11.54      0.10330      0.11667     -0.00816
 11.56      0.08369      0.11656     -0.02690
 11.58      0.07014      0.11644     -0.03975
 11.60      0.06142      0.11634     -0.04430
 11.62      0.06489      0.11623     -0.04263
 11.64      0.08002      0.11614     -0.03540
 11.66      0.09153      0.11605     -0.02560
 11.68      0.10585      0.11596     -0.01252
 11.70      0.10994      0.11586     -0.00127
 11.72      0.12985      0.11577      0.00692
 11.74      0.13578      0.11567      0.00961
 11.76      0.13201      0.11556      0.01198
 11.78      0.11884      0.11546      0.00671
 11.80      0.12123      0.11535      0.00022
 11.82      0.10296      0.11525     -0.00785
 11.84      0.10279      0.11516     -0.01515
 11.86      0.09116      0.11508     -0.02124
 11.88      0.08191      0.11502     -0.02233
 11.90      0.09039      0.11499     -0.02024
 11.92      0.09722      0.11498     -0.00921
 11.94      0.11307      0.11500      0.00882
 11.96      0.14626      0.11504      0.03372
 11.98      0.17216      0.11510      0.06509
 12.00      0.21508      0.11518      0.09627
 12.02      0.25439      0.11527      0.12569
 12.04      0.26940      0.11536      0.14845
 12.06      0.29378      0.11544      0.16291
 12.08      0.28641      0.11551      0.16823
 12.10      0.28778      0.11556      0.16089
 12.12      0.28135      0.11558      0.14087
 12.14      0.23294      0.11558      0.11619
 12.16      0.19379      0.11554      0.08298
 12.18      0.16298      0.11549      0.04764
 12.20      0.12158      0.11542      0.01775
 12.22      0.10437      0.11534     -0.00533
 12.24      0.08313      0.11525     -0.02393
 12.26      0.07802      0.11516     -0.03503
 12.28      0.06953      0.11506     -0.04168
 12.30      0.06559      0.11497     -0.04163
 12.32      0.07065      0.11488     -0.03996
 12.34      0.08290      0.11480     -0.03385
 12.36      0.08591      0.11472     -0.02870
 12.38      0.09966      0.11465     -0.02544
 12.40      0.09100      0.11459     -0.02555
 12.42      0.08661      0.11454     -0.02568
 12.44      0.08202      0.11449     -0.02988
 12.46      0.08500      0.11445     -0.03358
 12.48      0.07842      0.11442     -0.03723
 12.50      0.07231      0.11438     -0.03945
 12.52      0.06820      0.11435     -0.03977
 12.54      0.07075      0.11432     -0.03819
 12.56      0.08322      0.11429     -0.03172
 12.58      0.08617      0.11426     -0.02182
 12.60      0.10451      0.11423     -0.00672
 12.62      0.11753      0.11420      0.00890
 12.64      0.14609      0.11417      0.02769
 12.66      0.16118      0.11413      0.04214
 12.68      0.17995      0.11410      0.05250
 12.70      0.17661      0.11405      0.05815
 12.72      0.16915      0.11401      0.05477
 12.74      0.17410      0.11396      0.04434
 12.76      0.14406      0.11391      0.02743
 12.78      0.12757      0.11387      0.01051
 12.80      0.09184      0.11383     -0.01019
 12.82      0.08435      0.11380     -0.02672
 12.84      0.07040      0.11378     -0.03973
 12.86      0.06123      0.11376     -0.04540
 12.88      0.06243      0.11375     -0.04899
 12.90      0.06340      0.11374     -0.04708
 12.92      0.06631      0.11373     -0.04412
 12.94      0.07992      0.11371     -0.04130
 12.96      0.07594      0.11369     -0.03567
 12.98      0.07647      0.11367     -0.03310
 13.00      0.09150      0.11364     -0.03221
 13.02      0.07901      0.11359     -0.03135
 13.04      0.08420      0.11354     -0.03252
 13.06      0.08004      0.11348     -0.03721
 13.08      0.07038      0.11341     -0.03815
 13.10      0.06773      0.11333     -0.04115
 13.12      0.07397      0.11325     -0.04195
 13.14      0.06879      0.11316     -0.03977
 13.16      0.07564      0.11306     -0.03217
 13.18      0.08078      0.11295     -0.02458
 13.20      0.10524      0.11283     -0.01150
 13.22      0.11137      0.11270      0.00349
 13.24      0.13361      0.11255      0.01968
 13.26      0.14993      0.11238      0.03019
 13.28      0.16098      0.11220      0.03891
 13.30      0.15698      0.11199      0.03946
 13.32      0.15404      0.11178      0.03604
 13.34      0.13531      0.11155      0.02476
 13.36      0.13179      0.11133      0.01092
 13.38      0.10341      0.11111     -0.00661
 13.40      0.08670      0.11091     -0.02320
 13.42      0.06529      0.11073     -0.04056
 13.44      0.05137      0.11059     -0.05447
 13.46      0.04408      0.11047     -0.06599
 13.48      0.03312      0.11038     -0.07342
 13.50      0.02855      0.11033     -0.07832
 13.52      0.02769      0.11030     -0.08122
 13.54      0.02662      0.11029     -0.08167
 13.56      0.02945      0.11030     -0.08033
 13.58      0.03083      0.11032     -0.07884
 13.60      0.03527      0.11035     -0.07676
 13.62      0.03522      0.11038     -0.07257
 13.64      0.03720      0.11041     -0.06766
 13.66      0.05054      0.11045     -0.05872
 13.68      0.05554      0.11049     -0.04579
 13.70      0.08014      0.11052     -0.02946
 13.72      0.10004      0.11056     -0.01034
 13.74      0.11907      0.11059      0.01285
 13.76      0.14629      0.11062      0.03915
 13.78      0.17164      0.11063      0.06479
 13.80      0.21178      0.11064      0.08998
 13.82      0.22833      0.11062      0.11183
 13.84      0.24503      0.11059      0.12684
 13.86      0.25549      0.11053      0.12883
 13.88      0.24653      0.11045      0.12249
 13.90      0.22144      0.11035      0.10820
 13.92      0.19623      0.11023      0.08554
 13.94      0.17306      0.11011      0.05993
 13.96      0.14163      0.10997      0.03606
 13.98      0.11782      0.10984      0.01352
 14.00      0.10141      0.10971     -0.00682
 14.02      0.08288      0.10959     -0.02016
 14.04      0.07071      0.10949     -0.03015
 14.06      0.07436      0.10942     -0.03580
 14.08      0.06736      0.10936     -0.03772
 14.10      0.07277      0.10934     -0.03728
 14.12      0.07305      0.10933     -0.03523
 14.14      0.07276      0.10935     -0.03299
 14.16      0.08460      0.10940     -0.03076
 14.18      0.07862      0.10946     -0.02768
 14.20      0.08417      0.10953     -0.02346
 14.22      0.08873      0.10961     -0.01918
 14.24      0.09425      0.10969     -0.00866
 14.26      0.10637      0.10978      0.00417
 14.28      0.13166      0.10985      0.02442
 14.30      0.14873      0.10992      0.04851
 14.32      0.19035      0.10998      0.07302
 14.34      0.21503      0.11001      0.09961
 14.36      0.22922      0.11002      0.12116
 14.38      0.26477      0.11000      0.13246
 14.40      0.25651      0.10995      0.14135
 14.42      0.24673      0.10986      0.14085
 14.44      0.25926      0.10975      0.12594
 14.46      0.22630      0.10959      0.10894
 14.48      0.18960      0.10941      0.08991
 14.50      0.17079      0.10921      0.06451
 14.52      0.15069      0.10899      0.04457
 14.54      0.13122      0.10875      0.03089
 14.56      0.12551      0.10851      0.02160
 14.58      0.12002      0.10825      0.01706
 14.60      0.12308      0.10798      0.01722
 14.62      0.12671      0.10770      0.01899
 14.64      0.13070      0.10742      0.02096
 14.66      0.13298      0.10713      0.02037
 14.68      0.12846      0.10684      0.01729
 14.70      0.11866      0.10655      0.01089
 14.72      0.10984      0.10627      0.00089
 14.74      0.09727      0.10599     -0.00884
 14.76      0.08154      0.10572     -0.01870
 14.78      0.07843      0.10547     -0.02874
 14.80      0.06802      0.10524     -0.03716
 14.82      0.05839      0.10502     -0.04243
 14.84      0.05401      0.10482     -0.04673
 14.86      0.05412      0.10464     -0.04780
 14.88      0.05591      0.10448     -0.04775
 14.90      0.06179      0.10432     -0.04734
 14.92      0.05781      0.10418     -0.04708
 14.94      0.05532      0.10405     -0.04755
 14.96      0.05469      0.10393     -0.05076
 14.98      0.05295      0.10382     -0.05526
 15.00      0.04511      0.10371     -0.06050
 15.02      0.03471      0.10361     -0.06732
 15.04      0.02858      0.10352     -0.07385
 15.06      0.02007      0.10343     -0.08032
 15.08      0.01986      0.10335     -0.08543
 15.10      0.01230      0.10329     -0.09016
 15.12      0.00880      0.10323     -0.09273
 15.14      0.00458      0.10318     -0.09479
 15.16      0.00695      0.10314     -0.09415
 15.18      0.00932      0.10312     -0.09202
 15.20      0.01533      0.10310     -0.08768
 15.22      0.01931      0.10310     -0.08096
 15.24      0.02620      0.10311     -0.07100
 15.26      0.04052      0.10313     -0.05861
 15.28      0.05916      0.10316     -0.04198
 15.30      0.07740      0.10320     -0.02267
 15.32      0.10264      0.10326      0.00207
 15.34      0.12294      0.10331      0.02484
 15.36      0.16448      0.10336      0.04806
 15.38      0.17329      0.10340      0.06875
 15.40      0.19377      0.10343      0.08843
 15.42      0.20629      0.10343      0.09686
 15.44      0.22147      0.10341      0.09975
 15.46      0.20666      0.10335      0.09300
 15.48      0.18758      0.10326      0.08132
 15.50      0.15978      0.10315      0.05827
 15.52      0.14742      0.10301      0.03558
 15.54      0.10565      0.10285      0.01240
 15.56      0.09251      0.10267     -0.00861
 15.58      0.07085      0.10249     -0.03017
 15.60      0.05387      0.10230     -0.04512
 15.62      0.03871      0.10210     -0.05723
 15.64      0.02997      0.10191     -0.06533
 15.66      0.03099      0.10172     -0.06977
 15.68      0.02936      0.10153     -0.06984
 15.70      0.03074      0.10135     -0.06699
 15.72      0.03740      0.10118     -0.06277
 15.74      0.04334      0.10101     -0.05438
 15.76      0.05121      0.10086     -0.04261
 15.78      0.07048      0.10071     -0.02687
 15.80      0.08882      0.10057     -0.00959
 15.82      0.11535      0.10043      0.01017
 15.84      0.12904      0.10030      0.02946
 15.86      0.14933      0.10018      0.05058
 15.88      0.16626      0.10006      0.06547
 15.90      0.19379      0.09993      0.07883
 15.92      0.18920      0.09980      0.08704
 15.94      0.19522      0.09967      0.08746
 15.96      0.18976      0.09952      0.08134
 15.98      0.16766      0.09936      0.07156
 16.00      0.16243      0.09919      0.05928
 16.02      0.13954      0.09901      0.04469
 16.04      0.13297      0.09882      0.03377
 16.06      0.11588      0.09863      0.02414
 16.08      0.11211      0.09843      0.01632
 16.10      0.11335      0.09823      0.00969
 16.12      0.09945      0.09803      0.00656
 16.14      0.09881      0.09783      0.00511
 16.16      0.09920      0.09763      0.00085
 16.18      0.10388      0.09744     -0.00103
 16.20      0.09108      0.09725     -0.00386
 16.22      0.08908      0.09706     -0.00639
 16.24      0.08368      0.09688     -0.01111
 16.26      0.08563      0.09670     -0.01145
 16.28      0.07939      0.09652     -0.01179
 16.30      0.08848      0.09635     -0.00930
 16.32      0.08650      0.09618     -0.00693
 16.34      0.09522      0.09601     -0.00381
 16.36      0.09663      0.09585     -0.00163
 16.38      0.09415      0.09569      0.00001
 16.40      0.09860      0.09555     -0.00205
 16.42      0.09392      0.09542     -0.00659
 16.44      0.08419      0.09530     -0.00965
 16.46      0.07330      0.09520     -0.01535
 16.48      0.07826      0.09511     -0.01914
 16.50      0.06959      0.09505     -0.02229
 16.52      0.07454      0.09500     -0.02340
 16.54      0.06808      0.09496     -0.02477
 16.56      0.06750      0.09494     -0.02413
 16.58      0.07126      0.09493     -0.02307
 16.60      0.07268      0.09494     -0.02086
 16.62      0.07977      0.09495     -0.01730
 16.64      0.07917      0.09498     -0.01361
 16.66      0.08540      0.09501     -0.00822
 16.68      0.08979      0.09504     -0.00158
 16.70      0.09982      0.09508      0.00591
 16.72      0.11313      0.09512      0.01639
 16.74      0.11681      0.09515      0.03064
 16.76      0.13802      0.09517      0.04453
 16.78      0.16116      0.09518      0.06078
 16.80      0.16939      0.09516      0.07963
 16.82      0.19441      0.09513      0.09204
 16.84      0.21099      0.09506      0.09957
 16.86      0.19988      0.09496      0.10400
 16.88      0.19849      0.09484      0.09973
 16.90      0.19104      0.09468      0.09053
 16.92      0.17245      0.09450      0.07582
 16.94      0.16422      0.09431      0.05753
 16.96      0.12544      0.09409      0.03849
 16.98      0.10601      0.09387      0.01860
 17.00      0.09480      0.09363     -0.00131
 17.02      0.07187      0.09340     -0.01414
 17.04      0.06348      0.09317     -0.02400
 17.06      0.06016      0.09293     -0.03289
 17.08      0.05554      0.09270     -0.03731
 17.10      0.04915      0.09246     -0.04039
 17.12      0.04860      0.09222     -0.04158
 17.14      0.04693      0.09198     -0.04253
 17.16      0.05302      0.09174     -0.04037
 17.18      0.04957      0.09149     -0.03783
 17.20      0.05870      0.09124     -0.03422
 17.22      0.06008      0.09098     -0.03113
 17.24      0.06371      0.09071     -0.02630
 17.26      0.06717      0.09044     -0.02228
 17.28      0.07239      0.09017     -0.01837
 17.30      0.07744      0.08990     -0.01496
 17.32      0.07831      0.08962     -0.01393
 17.34      0.07934      0.08934     -0.01559
 17.36      0.07094      0.08907     -0.01819
 17.38      0.06272      0.08881     -0.02368
 17.40      0.06313      0.08857     -0.02871
 17.42      0.04952      0.08833     -0.03358
 17.44      0.05296      0.08812     -0.03588
 17.46      0.04544      0.08793     -0.03884
 17.48      0.05014      0.08776     -0.04034
 17.50      0.04739      0.08760     -0.04145
 17.52      0.04116      0.08746     -0.04079
 17.54      0.04665      0.08734     -0.04129
 17.56      0.04802      0.08722     -0.04101
 17.58      0.04702      0.08711     -0.03877
 17.60      0.04822      0.08701     -0.03797
 17.62      0.05179      0.08691     -0.03606
 17.64      0.05016      0.08680     -0.03253
 17.66      0.05701      0.08670     -0.02822
 17.68      0.06417      0.08659     -0.02441
 17.70      0.06927      0.08647     -0.01932
 17.72      0.07028      0.08635     -0.01511
 17.74      0.07505      0.08623     -0.01296
 17.76      0.07747      0.08609     -0.01275
 17.78      0.07426      0.08596     -0.01244
 17.80      0.06966      0.08581     -0.01269
 17.82      0.07114      0.08567     -0.01413
 17.84      0.07308      0.08553     -0.01506
 17.86      0.06958      0.08539     -0.01286
 17.88      0.06888      0.08525     -0.01203
 17.90      0.07996      0.08513     -0.01100
 17.92      0.07461      0.08501     -0.00688
 17.94      0.07762      0.08490     -0.00401
 17.96      0.08958      0.08480     -0.00138
 17.98      0.08269      0.08472      0.00302
 18.00      0.09261      0.08464      0.00991
 18.02      0.09621      0.08456      0.01587
 18.04      0.11163      0.08449      0.02288
 18.06      0.11903      0.08442      0.03106
 18.08      0.11737      0.08435      0.04052
 18.10      0.13317      0.08427      0.04913
 18.12      0.14313      0.08419      0.05540
 18.14      0.15429      0.08409      0.06364
 18.16      0.15000      0.08398      0.06717
 18.18      0.15807      0.08386      0.06668
 18.20      0.15028      0.08372      0.06175
 18.22      0.14007      0.08357      0.05499
 18.24      0.12896      0.08341      0.04220
 18.26      0.11545      0.08324      0.02951
 18.28      0.09332      0.08305      0.01610
 18.30      0.08595      0.08287      0.00287
 18.32      0.07207      0.08267     -0.00731
 18.34      0.06186      0.08248     -0.01374
 18.36      0.06361      0.08229     -0.01861
 18.38      0.06022      0.08210     -0.02130
 18.40      0.06060      0.08191     -0.02061
 18.42      0.05768      0.08173     -0.01689
 18.44      0.06438      0.08155     -0.01000
 18.46      0.08130      0.08138     -0.00132
 18.48      0.09381      0.08121      0.00937
 18.50      0.10316      0.08104      0.02177
 18.52      0.11024      0.08087      0.03258
 18.54      0.12553      0.08069      0.04284
 18.56      0.13451      0.08050      0.04915
 18.58      0.14422      0.08031      0.05483
 18.60      0.13378      0.08010      0.05544
 18.62      0.13766      0.07988      0.04933
 18.64      0.12754      0.07965      0.03815
 18.66      0.10287      0.07941      0.02544
 18.68      0.08717      0.07916      0.00957
 18.70      0.06898      0.07890     -0.00671
 18.72      0.05705      0.07864     -0.02002
 18.74      0.04485      0.07838     -0.03173
 18.76      0.03505      0.07813     -0.04076
 18.78      0.02733      0.07788     -0.04697
 18.80      0.02258      0.07765     -0.04887
 18.82      0.02476      0.07743     -0.04749
 18.84      0.03416      0.07723     -0.04191
 18.86      0.04089      0.07704     -0.03365
 18.88      0.05422      0.07688     -0.02380
 18.90      0.06296      0.07673     -0.01472
 18.92      0.07316      0.07659     -0.00360
 18.94      0.07880      0.07647      0.00439
 18.96      0.09583      0.07635      0.01188
 18.98      0.09354      0.07624      0.01761
 19.00      0.09986      0.07613      0.02241
 19.02      0.10122      0.07602      0.02225
 19.04      0.10228      0.07591      0.02064
 19.06      0.09446      0.07579      0.01461
 19.08      0.08491      0.07566      0.00741
 19.10      0.06913      0.07553     -0.00202
 19.12      0.06456      0.07539     -0.01046
 19.14      0.05450      0.07526     -0.01701
 19.16      0.05154      0.07512     -0.02114
 19.18      0.05149      0.07499     -0.02338
 19.20      0.04782      0.07485     -0.02296
 19.22      0.05268      0.07472     -0.02112
 19.24      0.05594      0.07459     -0.01794
 19.26      0.06006      0.07446     -0.01242
 19.28      0.06676      0.07433     -0.00542
 19.30      0.07474      0.07420      0.00297
 19.32      0.08701      0.07406      0.01126
 19.34      0.09725      0.07392      0.01952
 19.36      0.10087      0.07378      0.02657
 19.38      0.10736      0.07363      0.03000
 19.40      0.10925      0.07347      0.03209
 19.42      0.10342      0.07329      0.03110
 19.44      0.10688      0.07311      0.02653
 19.46      0.09508      0.07292      0.02152
 19.48      0.08359      0.07272      0.01343
 19.50      0.08322      0.07251      0.00373
 19.52      0.06196      0.07230     -0.00511
 19.54      0.05736      0.07208     -0.01235
 19.56      0.04978      0.07186     -0.01924
 19.58      0.04633      0.07165     -0.02206
 19.60      0.04770      0.07144     -0.02487
 19.62      0.04680      0.07123     -0.02598
 19.64      0.04223      0.07102     -0.02551
 19.66      0.04318      0.07082     -0.02575
 19.68      0.04764      0.07062     -0.02565
 19.70      0.04548      0.07042     -0.02465
 19.72      0.04628      0.07022     -0.02278
 19.74      0.04624      0.07002     -0.02062
 19.76      0.05152      0.06983     -0.01890
 19.78      0.05750      0.06963     -0.01609
 19.80      0.05310      0.06944     -0.01345
 19.82      0.05935      0.06924     -0.01130
 19.84      0.05845      0.06905     -0.00876
 19.86      0.06132      0.06885     -0.00583
 19.88      0.06921      0.06865     -0.00410
 19.90      0.06677      0.06845     -0.00123
 19.92      0.06699      0.06825      0.00194
 19.94      0.07179      0.06805      0.00251
 19.96      0.07616      0.06785      0.00353
 19.98      0.07109      0.06765      0.00469
 20.00      0.07088      0.06746      0.00600
 20.02      0.07178      0.06726      0.00621
 20.04      0.07738      0.06706      0.00716
 20.06      0.07620      0.06687      0.00701
 20.08      0.07488      0.06667      0.00655
 20.10      0.06915      0.06648      0.00560
 20.12      0.06853      0.06629      0.00571
 20.14      0.07163      0.06610      0.00426
 20.16      0.07582      0.06591      0.00413
 20.18      0.06667      0.06572      0.00274
 20.20      0.06757      0.06554     -0.00008
 20.22      0.06064      0.06536     -0.00375
 20.24      0.05661      0.06519     -0.00638
 20.26      0.05655      0.06502     -0.00904
 20.28      0.05267      0.06486     -0.01175
 20.30      0.05343      0.06470     -0.01342
 20.32      0.04628      0.06454     -0.01421
 20.34      0.04747      0.06438     -0.01446
 20.36      0.05178      0.06422     -0.01259
 20.38      0.05064      0.06407     -0.00726
 20.40      0.06201      0.06391     -0.00172
 20.42      0.07214      0.06375      0.00433
 20.44      0.07437      0.06358      0.01322
 20.46      0.08122      0.06341      0.02094
 20.48      0.09428      0.06323      0.02897
 20.50      0.09974      0.06305      0.03518
 20.52      0.11140      0.06286      0.04050
 20.54      0.10454      0.06267      0.04155
 20.56      0.10687      0.06247      0.04009
 20.58      0.09854      0.06226      0.03467
 20.60      0.09144      0.06206      0.02687
 20.62      0.08328      0.06186      0.01649
 20.64      0.06452      0.06167      0.00583
 20.66      0.05398      0.06148     -0.00568
 20.68      0.04427      0.06131     -0.01640
 20.70      0.03297      0.06114     -0.02392
 20.72      0.02879      0.06098     -0.02857
 20.74      0.02608      0.06083     -0.03110
 20.76      0.02993      0.06068     -0.03056
 20.78      0.03084      0.06054     -0.02850
 20.80      0.03494      0.06040     -0.02423
 20.82      0.03838      0.06026     -0.01894
 20.84      0.04673      0.06012     -0.01253
 20.86      0.05572      0.05997     -0.00432
 20.88      0.06218      0.05982      0.00282
 20.90      0.07526      0.05967      0.00783
 20.92      0.07333      0.05951      0.01162
 20.94      0.07101      0.05935      0.01437
 20.96      0.07386      0.05918      0.01409
 20.98      0.07511      0.05902      0.01361
 21.00      0.07306      0.05885      0.01368
 21.02      0.07008      0.05868      0.01246
 21.04      0.07055      0.05851      0.01095
 21.06      0.06692      0.05834      0.00958
 21.08      0.06673      0.05817      0.00911
 21.10      0.06535      0.05800      0.00732
 21.12      0.06686      0.05784      0.00562
 21.14      0.06076      0.05766      0.00470
 21.16      0.05756      0.05749      0.00398
 21.18      0.06130      0.05731      0.00177
 21.20      0.06085      0.05712      0.00210
 21.22      0.05491      0.05694      0.00281
 21.24      0.06152      0.05675      0.00227
 21.26      0.06016      0.05655      0.00157
 21.28      0.05762      0.05635      0.00089
 21.30      0.05640      0.05615      0.00010
 21.32      0.05049      0.05594     -0.00207
 21.34      0.05655      0.05574     -0.00430
 21.36      0.04832      0.05553     -0.00560
 21.38      0.04542      0.05533     -0.00604
 21.40      0.04887      0.05513     -0.00744
 21.42      0.04728      0.05493     -0.00721
 21.44      0.04853      0.05473     -0.00595
 21.46      0.04848      0.05454     -0.00477
 21.48      0.05076      0.05436     -0.00345
 21.50      0.05381      0.05417     -0.00037
 21.52      0.05299      0.05399      0.00337
 21.54      0.06298      0.05381      0.00723
 21.56      0.06627      0.05363      0.01130
 21.58      0.06916      0.05344      0.01654
 21.60      0.07321      0.05325      0.01695
 21.62      0.07828      0.05306      0.01721
 21.64      0.06410      0.05286      0.01660
 21.66      0.06661      0.05266      0.01236
 21.68      0.06514      0.05246      0.00639
 21.70      0.05101      0.05226      0.00217
 21.72      0.04739      0.05205     -0.00426
 21.74      0.04199      0.05184     -0.01074
 21.76      0.03341      0.05164     -0.01470
 21.78      0.03172      0.05143     -0.01836
 21.80      0.03016      0.05123     -0.02010
 21.82      0.02810      0.05103     -0.01902
 21.84      0.03227      0.05083     -0.01631
 21.86      0.03782      0.05064     -0.01083
 21.88      0.04425      0.05045     -0.00441
 21.90      0.05663      0.05025      0.00301
 21.92      0.05923      0.05006      0.00992
 21.94      0.06841      0.04987      0.01571
 21.96      0.07138      0.04967      0.01865
 21.98      0.07220      0.04946      0.02014
 22.00      0.07037      0.04926      0.02005
 22.02      0.06564      0.04905      0.01635
 22.04      0.06697      0.04884      0.01169
 22.06      0.05182      0.04863      0.00644
 22.08      0.04788      0.04842     -0.00033
 22.10      0.04306      0.04821     -0.00840
 22.12      0.03073      0.04800     -0.01347
 22.14      0.02556      0.04780     -0.01897
 22.16      0.02542      0.04760     -0.02341
 22.18      0.01939      0.04741     -0.02516
 22.20      0.01987      0.04722     -0.02610
 22.22      0.02098      0.04704     -0.02674
 22.24      0.01996      0.04686     -0.02521
 22.26      0.02131      0.04669     -0.02391
 22.28      0.02615      0.04652     -0.02227
 22.30      0.02550      0.04636     -0.02034
 22.32      0.02834      0.04620     -0.01851
 22.34      0.02881      0.04604     -0.01661
 22.36      0.02966      0.04588     -0.01494
 22.38      0.03484      0.04573     -0.01402
 22.40      0.03307      0.04557     -0.01280
 22.42      0.03217      0.04541     -0.01205
 22.44      0.03412      0.04525     -0.01061
 22.46      0.03261      0.04510     -0.00795
 22.48      0.04122      0.04494     -0.00521
 22.50      0.04562      0.04479     -0.00208
 22.52      0.04509      0.04464      0.00293
 22.54      0.04899      0.04449      0.00705
 22.56      0.05694      0.04435      0.01280
 22.58      0.06107      0.04421      0.01813
 22.60      0.07366      0.04407      0.02315
 22.62      0.07102      0.04392      0.02636
 22.64      0.07340      0.04377      0.03056
 22.66      0.07224      0.04362      0.02999
 22.68      0.08135      0.04346      0.02938
 22.70      0.07003      0.04330      0.02870
 22.72      0.06716      0.04312      0.02557
 22.74      0.06918      0.04294      0.01973
 22.76      0.05571      0.04275      0.01480
 22.78      0.05128      0.04255      0.00971
 22.80      0.04442      0.04235      0.00451
 22.82      0.04073      0.04214      0.00154
 22.84      0.04215      0.04193      0.00008
 22.86      0.03981      0.04172     -0.00120
 22.88      0.04293      0.04150     -0.00144
 22.90      0.03695      0.04129     -0.00077
 22.92      0.03849      0.04108     -0.00021
 22.94      0.04439      0.04087      0.00083
 22.96      0.04157      0.04066      0.00224
 22.98      0.04709      0.04045      0.00333
 23.00      0.04294      0.04024      0.00258
 23.02      0.04291      0.04004      0.00217
 23.04      0.03962      0.03984      0.00065
 23.06      0.03850      0.03963     -0.00043
 23.08      0.03847      0.03944     -0.00193
 23.10      0.03651      0.03924     -0.00275
 23.12      0.03444      0.03904     -0.00426
 23.14      0.03453      0.03885     -0.00657
 23.16      0.02995      0.03866     -0.00811
 23.18      0.02597      0.03847     -0.00981
 23.20      0.02787      0.03829     -0.01207
 23.22      0.02497      0.03811     -0.01292
 23.24      0.02232      0.03793     -0.01336
 23.26      0.02481      0.03775     -0.01404
 23.28      0.02288      0.03758     -0.01439
 23.30      0.02358      0.03742     -0.01434
 23.32      0.02237      0.03725     -0.01432
 23.34      0.02175      0.03709     -0.01417
 23.36      0.02411      0.03694     -0.01408
 23.38      0.02278      0.03678     -0.01395
 23.40      0.02324      0.03663     -0.01311
 23.42      0.02227      0.03648     -0.01241
 23.44      0.02521      0.03633     -0.01117
 23.46      0.02685      0.03619     -0.00918
 23.48      0.02824      0.03604     -0.00627
 23.50      0.03247      0.03590     -0.00320
 23.52      0.03610      0.03576      0.00097
 23.54      0.03984      0.03562      0.00577
 23.56      0.04699      0.03548      0.00985
 23.58      0.05154      0.03534      0.01464
 23.60      0.05220      0.03519      0.01858
 23.62      0.05932      0.03505      0.02143
 23.64      0.05880      0.03490      0.02289
 23.66      0.06051      0.03475      0.02331
 23.68      0.05812      0.03459      0.02189
 23.70      0.05350      0.03443      0.01961
 23.72      0.05147      0.03427      0.01657
 23.74      0.04663      0.03411      0.01239
 23.76      0.04449      0.03394      0.00864
 23.78      0.03640      0.03377      0.00502
 23.80      0.03393      0.03360      0.00166
 23.82      0.03250      0.03343     -0.00062
 23.84      0.02898      0.03325     -0.00183
 23.86      0.03221      0.03308     -0.00231
 23.88      0.02951      0.03290     -0.00237
 23.90      0.03065      0.03272     -0.00094
 23.92      0.03132      0.03254      0.00002
 23.94      0.03523      0.03237      0.00203
 23.96      0.03613      0.03219      0.00357
 23.98      0.03865      0.03201      0.00564
 24.00      0.03746      0.03184      0.00684
 24.02      0.04078      0.03166      0.00780
 24.04      0.04040      0.03149      0.00713
 24.06      0.04002      0.03131      0.00730
 24.08      0.03445      0.03114      0.00597
 24.10      0.03742      0.03096      0.00524
 24.12      0.03324      0.03079      0.00260
 24.14      0.03586      0.03061      0.00172
 24.16      0.02595      0.03043      0.00028
 24.18      0.02915      0.03025     -0.00034
 24.20      0.02935      0.03006     -0.00076
 24.22      0.02921      0.02988      0.00057
 24.24      0.03285      0.02969      0.00062
 24.26      0.03168      0.02950      0.00035
 24.28      0.02846      0.02931     -0.00014
 24.30      0.02706      0.02911     -0.00132
 24.32      0.02578      0.02892     -0.00370
 24.34      0.02599      0.02872     -0.00598
 24.36      0.01879      0.02852     -0.00865
 24.38      0.01605      0.02833     -0.01079
 24.40      0.01274      0.02813     -0.01332
 24.42      0.01409      0.02794     -0.01423
 24.44      0.01237      0.02775     -0.01469
 24.46      0.01327      0.02756     -0.01372
 24.48      0.01281      0.02737     -0.01294
 24.50      0.01665      0.02719     -0.01161
 24.52      0.01709      0.02701     -0.01004
 24.54      0.01809      0.02683     -0.00831
 24.56      0.02022      0.02665     -0.00724
 24.58      0.02054      0.02647     -0.00618
 24.60      0.02109      0.02630     -0.00521
 24.62      0.02153      0.02613     -0.00519
 24.64      0.02207      0.02596     -0.00486
 24.66      0.01947      0.02580     -0.00510
 24.68      0.02136      0.02564     -0.00615
 24.70      0.01910      0.02549     -0.00653
 24.72      0.01549      0.02534     -0.00678
 24.74      0.01940      0.02520     -0.00699
 24.76      0.01748      0.02506     -0.00769
 24.78      0.01960      0.02492     -0.00705
 24.80      0.01488      0.02479     -0.00722
 24.82      0.01800      0.02466     -0.00592
 24.84      0.01787      0.02453     -0.00489
 24.86      0.02333      0.02440     -0.00282
 24.88      0.02409      0.02427     -0.00085
 24.90      0.02463      0.02414      0.00111
 24.92      0.02717      0.02401      0.00207
 24.94      0.02703      0.02388      0.00282
 24.96      0.02746      0.02374      0.00389
 24.98      0.02721      0.02361      0.00458
 25.00      0.02930      0.02347      0.00512
 25.02      0.02994      0.02334      0.00523
 25.04      0.02903      0.02320      0.00612
 25.06      0.02735      0.02307      0.00546
 25.08      0.03098      0.02293      0.00513
 25.10      0.02532      0.02279      0.00459
 25.12      0.02761      0.02265      0.00470
 25.14      0.02561      0.02251      0.00412
 25.16      0.02724      0.02236      0.00468
 25.18      0.02733      0.02222      0.00467
 25.20      0.02742      0.02208      0.00523
 25.22      0.02685      0.02193      0.00513
 25.24      0.02770      0.02179      0.00438
 25.26      0.02603      0.02164      0.00429
 25.28      0.02283      0.02149      0.00365
 25.30      0.02621      0.02134      0.00202
 25.32      0.02290      0.02119      0.00191
 25.34      0.01883      0.02104      0.00183
 25.36      0.02473      0.02088      0.00091
 25.38      0.02165      0.02073      0.00074
 25.40      0.02086      0.02057      0.00211
 25.42      0.02129      0.02041      0.00179
 25.44      0.02487      0.02026      0.00219
 25.46      0.02234      0.02010      0.00331
 25.48      0.02287      0.01993      0.00363
 25.50      0.02568      0.01977      0.00317
 25.52      0.02207      0.01961      0.00258
 25.54      0.02173      0.01944      0.00194
 25.56      0.01856      0.01928      0.00085
 25.58      0.01887      0.01911      0.00024
 25.60      0.01940      0.01895     -0.00081
 25.62      0.01820      0.01879     -0.00116
 25.64      0.01569      0.01864     -0.00143
 25.66      0.01600      0.01848     -0.00161
 25.68      0.01675      0.01833     -0.00180
 25.70      0.01771      0.01818     -0.00071
 25.72      0.01651      0.01804     -0.00006
 25.74      0.02037      0.01789      0.00108
 25.76      0.01853      0.01775      0.00181
 25.78      0.02174      0.01761      0.00211
 25.80      0.02065      0.01747      0.00215
 25.82      0.01730      0.01733      0.00154
 25.84      0.01987      0.01719      0.00070
 25.86      0.01481      0.01705     -0.00029
 25.88      0.01683      0.01691     -0.00111
 25.90      0.01500      0.01677     -0.00212
 25.92      0.01253      0.01663     -0.00212
 25.94      0.01412      0.01650     -0.00310
 25.96      0.01411      0.01636     -0.00315
 25.98      0.01121      0.01622     -0.00328
 26.00      0.01409      0.01609     -0.00358
 26.02      0.01120      0.01596     -0.00380
 26.04      0.01193      0.01583     -0.00317
 26.06      0.01235      0.01570     -0.00288
 26.08      0.01373      0.01558     -0.00219
 26.10      0.01488      0.01545     -0.00170
 26.12      0.01402      0.01533     -0.00160
 26.14      0.01380      0.01521     -0.00134
 26.16      0.01220      0.01509     -0.00126
 26.18      0.01441      0.01497     -0.00075
 26.20      0.01472      0.01485     -0.00019
 26.22      0.01598      0.01473      0.00059
 26.24      0.01597      0.01461      0.00140
 26.26      0.01553      0.01449      0.00193
 26.28      0.01784      0.01437      0.00252
 26.30      0.01678      0.01426      0.00286
 26.32      0.01834      0.01414      0.00332
 26.34      0.01707      0.01402      0.00366
 26.36      0.01726      0.01390      0.00387
 26.38      0.01893      0.01378      0.00358
 26.40      0.01724      0.01366      0.00312
 26.42      0.01628      0.01353      0.00296
 26.44      0.01417      0.01341      0.00164
 26.46      0.01584      0.01328      0.00100
 26.48      0.01174      0.01315      0.00036
 26.50      0.01340      0.01303     -0.00021
 26.52      0.01245      0.01290     -0.00055
 26.54      0.01066      0.01277     -0.00049
 26.56      0.01348      0.01263     -0.00045
 26.58      0.01138      0.01250      0.00009
 26.60      0.01294      0.01237      0.00042
 26.62      0.01449      0.01224      0.00042
 26.64      0.01167      0.01211      0.00071
 26.66      0.01280      0.01197      0.00054
 26.68      0.01217      0.01184     -0.00046
 26.70      0.01143      0.01171     -0.00111
 26.72      0.00883      0.01158     -0.00208
 26.74      0.00778      0.01144     -0.00320
 26.76      0.00726      0.01131     -0.00443
 26.78      0.00591      0.01118     -0.00536
 26.80      0.00466      0.01105     -0.00600
 26.82      0.00352      0.01092     -0.00655
 26.84      0.00393      0.01079     -0.00686
 26.86      0.00382      0.01066     -0.00697
 26.88      0.00372      0.01054     -0.00707
 26.90      0.00351      0.01041     -0.00703
 26.92      0.00237      0.01029     -0.00695
 26.94      0.00350      0.01017     -0.00665
 26.96      0.00360      0.01005     -0.00651
 26.98      0.00463      0.00993     -0.00590
 27.00      0.00360      0.00982     -0.00548
 27.02      0.00483      0.00970     -0.00488
 27.04      0.00503      0.00959     -0.00434
 27.06      0.00605      0.00948     -0.00350
 27.08      0.00676      0.00938     -0.00313
 27.10      0.00727      0.00927     -0.00217
 27.12      0.00614      0.00917     -0.00076
 27.14      0.00930      0.00906      0.00052
 27.16      0.01257      0.00896      0.00201
 27.18      0.01266      0.00886      0.00357
 27.20      0.01418      0.00876      0.00420
 27.22      0.01346      0.00866      0.00449
 27.24      0.01192      0.00856      0.00477
 27.26      0.01354      0.00846      0.00498
 27.28      0.01353      0.00836      0.00515
 27.30      0.01474      0.00825      0.00474
 27.32      0.01381      0.00815      0.00414
 27.34      0.00934      0.00805      0.00330
 27.36      0.01004      0.00795      0.00250
 27.38      0.00882      0.00785      0.00146
 27.40      0.01023      0.00775      0.00129
 27.42      0.00810      0.00765      0.00086
 27.44      0.00799      0.00755      0.00050
 27.46      0.00738      0.00745      0.00005
 27.48      0.00656      0.00735     -0.00008
 27.50      0.00747      0.00725      0.00026
 27.52      0.00696      0.00715      0.00055
 27.54      0.00917      0.00706      0.00086
 27.56      0.00836      0.00696      0.00085
 27.58      0.00765      0.00687      0.00086
 27.60      0.00694      0.00677      0.00033
 27.62      0.00653      0.00668     -0.00025
 27.64      0.00602      0.00658     -0.00052
 27.66      0.00502      0.00649     -0.00087
 27.68      0.00581      0.00640     -0.00106
 27.70      0.00471      0.00631     -0.00128
 27.72      0.00511      0.00622     -0.00153
 27.74      0.00450      0.00612     -0.00174
 27.76      0.00330      0.00603     -0.00156
 27.78      0.00430      0.00595     -0.00191
 27.80      0.00519      0.00586     -0.00185
 27.82      0.00289      0.00577     -0.00142
 27.84      0.00439      0.00569     -0.00140
 27.86      0.00498      0.00560     -0.00154
 27.88      0.00398      0.00552     -0.00114
 27.90      0.00408      0.00544     -0.00084
 27.92      0.00447      0.00536     -0.00045
 27.94      0.00546      0.00528     -0.00001
 27.96      0.00655      0.00520      0.00028
 27.98      0.00575      0.00511      0.00076
 28.00      0.00515      0.00503      0.00093
 28.02      0.00644      0.00495      0.00111
 28.04      0.00594      0.00487      0.00132
 28.06      0.00702      0.00479      0.00138
 28.08      0.00642      0.00471      0.00112
 28.10      0.00504      0.00463      0.00078
 28.12      0.00474      0.00455      0.00009
 28.14      0.00385      0.00447     -0.00029
 28.16      0.00315      0.00439     -0.00049
 28.18      0.00414      0.00432     -0.00097
 28.20      0.00364      0.00424     -0.00109
 28.22      0.00197      0.00416     -0.00094
 28.24      0.00285      0.00408     -0.00108
 28.26      0.00354      0.00401     -0.00120
 28.28      0.00304      0.00394     -0.00076
 28.30      0.00265      0.00386     -0.00065
 28.32      0.00382      0.00379     -0.00056
 28.34      0.00304      0.00372     -0.00059
 28.36      0.00362      0.00365     -0.00062
 28.38      0.00254      0.00358     -0.00069
 28.40      0.00215      0.00351     -0.00080
 28.42      0.00312      0.00345     -0.00085
 28.44      0.00215      0.00338     -0.00100
 28.46      0.00302      0.00332     -0.00084
 28.48      0.00146      0.00325     -0.00107
 28.50      0.00263      0.00319     -0.00111
 28.52      0.00165      0.00313     -0.00142
 28.54      0.00165      0.00307     -0.00132
 28.56      0.00117      0.00301     -0.00138
 28.58      0.00165      0.00295     -0.00101
 28.60      0.00204      0.00289     -0.00084
 28.62      0.00320      0.00284     -0.00045
 28.64      0.00223      0.00278     -0.00022
 28.66      0.00281      0.00272     -0.00019
 28.68      0.00252      0.00267     -0.00031
 28.70      0.00193      0.00262     -0.00029
 28.72      0.00232      0.00256     -0.00044
 28.74      0.00203      0.00251     -0.00054
 28.76      0.00183      0.00246     -0.00070
 28.78      0.00174      0.00241     -0.00082
 28.80      0.00087      0.00235     -0.00089
 28.82      0.00144      0.00230     -0.00090
 28.84      0.00144      0.00225     -0.00094
 28.86      0.00154      0.00220     -0.00086
 28.88      0.00125      0.00215     -0.00094
 28.90      0.00106      0.00210     -0.00103
 28.92      0.00077      0.00205     -0.00119
 28.94      0.00077      0.00200     -0.00125
 28.96      0.00048      0.00195     -0.00126
 28.98      0.00067      0.00190     -0.00112
 29.00      0.00077      0.00185     -0.00109
 29.02      0.00124      0.00180     -0.00102
 29.04      0.00067      0.00175     -0.00091
 29.06      0.00057      0.00170     -0.00081
 29.08      0.00095      0.00166     -0.00082
 29.10      0.00105      0.00161     -0.00079
 29.12      0.00095      0.00156     -0.00070
 29.14      0.00057      0.00151     -0.00064
 29.16      0.00076      0.00147     -0.00055
 29.18      0.00105      0.00142     -0.00066
 29.20      0.00124      0.00138     -0.00056
 29.22      0.00019      0.00133     -0.00065
 29.24      0.00085      0.00129     -0.00080
 29.26      0.00009      0.00125     -0.00096
 29.28      0.00009      0.00121     -0.00094
 29.30      0.00019      0.00117     -0.00106
 29.32      0.00009      0.00113     -0.00102
 29.34      0.00009      0.00110     -0.00100
 29.36      0.00009      0.00106     -0.00101
 29.38      0.00000      0.00103     -0.00099
 29.40      0.00000      0.00100     -0.00096
 29.42      0.00000      0.00096     -0.00094
 29.44      0.00009      0.00093     -0.00091
 29.46      0.00000      0.00090     -0.00088
 29.48      0.00000      0.00087     -0.00085
 29.50      0.00000      0.00084     -0.00084
 29.52      0.00000      0.00082     -0.00082
 29.54      0.00000      0.00079     -0.00079
 29.56      0.00000      0.00076     -0.00074
 29.58      0.00000      0.00074     -0.00072
 29.60      0.00009      0.00071     -0.00067
 29.62      0.00000      0.00069     -0.00063
 29.64      0.00009      0.00066     -0.00061
 29.66      0.00009      0.00064     -0.00060
 29.68      0.00000      0.00062     -0.00058
 29.70      0.00000      0.00060     -0.00054
 29.72      0.00000      0.00058     -0.00054
 29.74      0.00019      0.00055     -0.00048
 29.76      0.00000      0.00053     -0.00044
 29.78      0.00019      0.00051     -0.00040
 29.80      0.00009      0.00049     -0.00040
 29.82      0.00009      0.00048     -0.00034
 29.84      0.00009      0.00046     -0.00036
 29.86      0.00019      0.00044     -0.00036
 29.88      0.00000      0.00042     -0.00036
 29.90      0.00000      0.00040     -0.00037
 29.92      0.00000      0.00039     -0.00039
 29.94      0.00000      0.00037     -0.00037
 29.96      0.00000      0.00035     -0.00035
 29.98      0.00000      0.00034     -0.00034
 30.00      0.00000      0.00032     -0.00032
 30.02      0.00000      0.00031     -0.00031
 30.04      0.00000      0.00029     -0.00029
 30.06      0.00000      0.00028     -0.00028
 30.08      0.00000      0.00027     -0.00027
 30.10      0.00000      0.00025     -0.00025
 30.12      0.00000      0.00024     -0.00024
 30.14      0.00000      0.00023     -0.00023
 30.16      0.00000      0.00022     -0.00022
 30.18      0.00000      0.00021     -0.00021
 30.20      0.00000      0.00020     -0.00020
 30.22      0.00000      0.00019     -0.00019
 30.24      0.00000      0.00018     -0.00018
 30.26      0.00000      0.00017     -0.00017
 30.28      0.00000      0.00016     -0.00016
 30.30      0.00000      0.00016     -0.00016
 30.32      0.00000      0.00015     -0.00015
 30.34      0.00000      0.00014     -0.00014
 30.36      0.00000      0.00013     -0.00013
 30.38      0.00000      0.00013     -0.00013
 30.40      0.00000      0.00012     -0.00012
 30.42      0.00000      0.00011     -0.00011
 30.44      0.00000      0.00011     -0.00011
 30.46      0.00000      0.00010     -0.00010
 30.48      0.00000      0.00009     -0.00009
 30.50      0.00000      0.00009     -0.00009
 30.52      0.00000      0.00008     -0.00008
 30.54      0.00000      0.00008     -0.00008
 30.56      0.00000      0.00007     -0.00007
 30.58      0.00000      0.00007     -0.00007
 30.60      0.00000      0.00006     -0.00006
 30.62      0.00000      0.00006     -0.00006
 30.64      0.00000      0.00006     -0.00006
 30.66      0.00000      0.00005     -0.00005
 30.68      0.00000      0.00005     -0.00005
 30.70      0.00000      0.00004     -0.00004
 30.72      0.00000      0.00004     -0.00004
 30.74      0.00000      0.00004     -0.00004
 30.76      0.00000      0.00004     -0.00004
 30.78      0.00000      0.00003     -0.00003
 30.80      0.00000      0.00003     -0.00003
 30.82      0.00000      0.00003     -0.00003
 30.84      0.00000      0.00003     -0.00003
 30.86      0.00000      0.00002     -0.00002
 30.88      0.00000      0.00002     -0.00002
 30.90      0.00000      0.00002     -0.00002
 30.92      0.00000      0.00002     -0.00002
 30.94      0.00000      0.00002     -0.00002
 30.96      0.00000      0.00002     -0.00002
 30.98      0.00000      0.00001     -0.00001
 31.00      0.00000      0.00001     -0.00001
 31.02      0.00000      0.00001     -0.00001
 31.04      0.00000      0.00001     -0.00001
 31.06      0.00000      0.00001     -0.00001
 31.08      0.00000      0.00001     -0.00001
 31.10      0.00000      0.00001     -0.00001
 31.12      0.00000      0.00001     -0.00001
 31.14      0.00000      0.00001     -0.00001
 31.16      0.00000      0.00001     -0.00001
 31.18      0.00000      0.00000     -0.00000
 31.20      0.00000      0.00000     -0.00000
 31.22      0.00000      0.00000     -0.00000
 31.24      0.00000      0.00000     -0.00000
 31.26      0.00000      0.00000     -0.00000
 31.28      0.00000      0.00000     -0.00000
 31.30      0.00000      0.00000     -0.00000
 31.32      0.00000      0.00000     -0.00000
 31.34      0.00000      0.00000     -0.00000
 31.36      0.00000      0.00000     -0.00000
 31.38      0.00000      0.00000     -0.00000
 31.40      0.00000      0.00000     -0.00000
 31.42      0.00000      0.00000     -0.00000
 31.44      0.00000      0.00000     -0.00000
 31.46      0.00000      0.00000     -0.00000
 31.48      0.00000      0.00000     -0.00000
 31.50      0.00000      0.00000     -0.00000
 31.52      0.00000      0.00000     -0.00000
 31.54      0.00000      0.00000     -0.00000
 31.56      0.00000      0.00000     -0.00000
 31.58      0.00000      0.00000     -0.00000
 31.60      0.00000      0.00000     -0.00000
 31.62      0.00000      0.00000     -0.00000
 31.64      0.00000      0.00000     -0.00000
 31.66      0.00000      0.00000     -0.00000
 31.68      0.00000      0.00000     -0.00000
 31.70      0.00000      0.00000     -0.00000
 31.72      0.00000      0.00000     -0.00000
 31.74      0.00000      0.00000     -0.00000
 31.76      0.00000      0.00000     -0.00000
 31.78      0.00000      0.00000     -0.00000
 31.80      0.00000      0.00000     -0.00000
 31.82      0.00000      0.00000     -0.00000
 31.84      0.00000      0.00000     -0.00000
 31.86      0.00000      0.00000     -0.00000
 31.88      0.00000      0.00000      0.00000
 31.90      0.00000      0.00000      0.00000
 31.92      0.00000      0.00000      0.00000
 31.94      0.00000      0.00000      0.00000
 31.96      0.00000      0.00000      0.00000
 31.98      0.00000      0.00000      0.00000
 32.00      0.00000      0.00000      0.00000
