 #r(A)        G(r)
  0.02     -0.00000
  0.04     -0.00000
  0.06     -0.00000
  0.08     -0.00000
  0.10     -0.00001
  0.12     -0.00001
  0.14     -0.00002
  0.16     -0.00003
  0.18     -0.00006
  0.20     -0.00010
  0.22     -0.00016
  0.24     -0.00024
  0.26     -0.00035
  0.28     -0.00049
  0.30     -0.00065
  0.32     -0.00085
  0.34     -0.00107
  0.36     -0.00133
  0.38     -0.00161
  0.40     -0.00193
  0.42     -0.00227
  0.44     -0.00263
  0.46     -0.00301
  0.48     -0.00340
  0.50     -0.00381
  0.52     -0.00424
  0.54     -0.00468
  0.56     -0.00513
  0.58     -0.00559
  0.60     -0.00606
  0.62     -0.00654
  0.64     -0.00702
  0.66     -0.00752
  0.68     -0.00802
  0.70     -0.00853
  0.72     -0.00904
  0.74     -0.00956
  0.76     -0.01009
  0.78     -0.01062
  0.80     -0.01115
  0.82     -0.01169
  0.84     -0.01224
  0.86     -0.01279
  0.88     -0.01334
  0.90     -0.01389
  0.92     -0.01445
  0.94     -0.01501
  0.96     -0.01557
  0.98     -0.01613
  1.00     -0.01670
  1.02     -0.01727
  1.04     -0.01785
  1.06     -0.01842
  1.08     -0.01900
  1.10     -0.01959
  1.12     -0.02018
  1.14     -0.02077
  1.16     -0.02136
  1.18     -0.02195
  1.20     -0.02255
  1.22     -0.02315
  1.24     -0.02376
  1.26     -0.02436
  1.28     -0.02497
  1.30     -0.02558
  1.32     -0.02620
  1.34     -0.02681
  1.36     -0.02744
  1.38     -0.02806
  1.40     -0.02869
  1.42     -0.02932
  1.44     -0.02996
  1.46     -0.03060
  1.48     -0.03124
  1.50     -0.03189
  1.52     -0.03254
  1.54     -0.03320
  1.56     -0.03385
  1.58     -0.03452
  1.60     -0.03518
  1.62     -0.03586
  1.64     -0.03653
  1.66     -0.03721
  1.68     -0.03790
  1.70     -0.03859
  1.72     -0.03929
  1.74     -0.03999
  1.76     -0.04070
  1.78     -0.04142
  1.80     -0.04214
  1.82     -0.04287
  1.84     -0.04361
  1.86     -0.04436
  1.88     -0.04512
  1.90     -0.04590
  1.92     -0.04668
  1.94     -0.04748
  1.96     -0.04828
  1.98     -0.04711
  2.00     -0.04794
  2.02     -0.04879
  2.04     -0.04826
  2.06     -0.04844
  2.08     -0.04653
  2.10     -0.03997
  2.12     -0.02558
  2.14     -0.00859
  2.16      0.02053
  2.18      0.05061
  2.20      0.09340
  2.22      0.12727
  2.24      0.17112
  2.26      0.19469
  2.28      0.21736
  2.30      0.23046
  2.32      0.23541
  2.34      0.23809
  2.36      0.24839
  2.38      0.22778
  2.40      0.20414
  2.42      0.18418
  2.44      0.15487
  2.46      0.12092
  2.48      0.11126
  2.50      0.09025
  2.52      0.08098
  2.54      0.06690
  2.56      0.04949
  2.58      0.03705
  2.60      0.03196
  2.62      0.02037
  2.64      0.01241
  2.66      0.00411
  2.68      0.00279
  2.70     -0.00105
  2.72     -0.01119
  2.74     -0.01541
  2.76     -0.01174
  2.78     -0.02070
  2.80     -0.02258
  2.82     -0.02269
  2.84     -0.03361
  2.86     -0.03670
  2.88     -0.04025
  2.90     -0.04893
  2.92     -0.04982
  2.94     -0.04690
  2.96     -0.04750
  2.98     -0.04431
  3.00     -0.04061
  3.02     -0.04074
  3.04     -0.04255
  3.06     -0.04460
  3.08     -0.04554
  3.10     -0.04738
  3.12     -0.04824
  3.14     -0.04660
  3.16     -0.04621
  3.18     -0.05064
  3.20     -0.04986
  3.22     -0.05248
  3.24     -0.05368
  3.26     -0.05685
  3.28     -0.05098
  3.30     -0.05523
  3.32     -0.04977
  3.34     -0.04603
  3.36     -0.04562
  3.38     -0.04562
  3.40     -0.04093
  3.42     -0.04385
  3.44     -0.04686
  3.46     -0.04441
  3.48     -0.04668
  3.50     -0.04566
  3.52     -0.04534
  3.54     -0.04341
  3.56     -0.04485
  3.58     -0.04330
  3.60     -0.04267
  3.62     -0.04039
  3.64     -0.04057
  3.66     -0.03288
  3.68     -0.03270
  3.70     -0.03095
  3.72     -0.02958
  3.74     -0.02606
  3.76     -0.02822
  3.78     -0.02194
  3.80     -0.01943
  3.82     -0.00547
  3.84      0.00525
  3.86      0.01717
  3.88      0.02178
  3.90      0.02669
  3.92      0.02763
  3.94      0.03189
  3.96      0.03110
  3.98      0.03532
  4.00      0.04432
  4.02      0.04761
  4.04      0.04378
  4.06      0.04761
  4.08      0.04834
  4.10      0.04684
  4.12      0.04309
  4.14      0.04507
  4.16      0.03880
  4.18      0.03698
  4.20      0.03133
  4.22      0.02636
  4.24      0.02587
  4.26      0.03007
  4.28      0.02973
  4.30      0.02617
  4.32      0.03070
  4.34      0.03050
  4.36      0.03344
  4.38      0.03080
  4.40      0.04245
  4.42      0.04093
  4.44      0.04030
  4.46      0.03928
  4.48      0.04485
  4.50      0.05044
  4.52      0.05343
  4.54      0.05924
  4.56      0.05884
  4.58      0.05912
  4.60      0.04279
  4.62      0.04527
  4.64      0.04187
  4.66      0.04203
  4.68      0.04116
  4.70      0.04139
  4.72      0.03360
  4.74      0.02198
  4.76      0.01277
  4.78      0.00126
  4.80     -0.00343
  4.82     -0.00409
  4.84     -0.00495
  4.86     -0.00921
  4.88     -0.01035
  4.90     -0.00995
  4.92     -0.01998
  4.94     -0.02491
  4.96     -0.02408
  4.98     -0.02640
  5.00     -0.03097
  5.02     -0.03154
  5.04     -0.02877
  5.06     -0.03028
  5.08     -0.03199
  5.10     -0.02891
  5.12     -0.02949
  5.14     -0.03310
  5.16     -0.03677
  5.18     -0.03464
  5.20     -0.03889
  5.22     -0.04131
  5.24     -0.04032
  5.26     -0.04330
  5.28     -0.04622
  5.30     -0.04526
  5.32     -0.04256
  5.34     -0.04315
  5.36     -0.03488
  5.38     -0.03715
  5.40     -0.03300
  5.42     -0.03100
  5.44     -0.02558
  5.46     -0.02688
  5.48     -0.02244
  5.50     -0.02207
  5.52     -0.02218
  5.54     -0.02670
  5.56     -0.02823
  5.58     -0.02461
  5.60     -0.02380
  5.62     -0.02130
  5.64     -0.01764
  5.66     -0.01377
  5.68     -0.01652
  5.70     -0.01524
  5.72     -0.01786
  5.74     -0.01769
  5.76     -0.01803
  5.78     -0.01278
  5.80     -0.01023
  5.82     -0.00143
  5.84      0.01126
  5.86      0.01609
  5.88      0.02091
  5.90      0.02311
  5.92      0.02108
  5.94      0.01626
  5.96      0.02517
  5.98      0.02879
  6.00      0.03109
  6.02      0.04182
  6.04      0.04928
  6.06      0.04348
  6.08      0.04357
  6.10      0.04524
  6.12      0.04434
  6.14      0.04023
  6.16      0.04498
  6.18      0.04061
  6.20      0.04049
  6.22      0.03225
  6.24      0.03451
  6.26      0.02867
  6.28      0.02720
  6.30      0.02577
  6.32      0.02979
  6.34      0.02183
  6.36      0.01959
  6.38      0.01628
  6.40      0.01096
  6.42      0.00748
  6.44      0.00952
  6.46      0.00991
  6.48      0.01443
  6.50      0.01415
  6.52      0.01409
  6.54      0.00834
  6.56      0.00218
  6.58      0.00115
  6.60      0.00613
  6.62      0.00311
  6.64      0.00282
  6.66      0.00560
  6.68      0.00274
  6.70     -0.00147
  6.72     -0.00174
  6.74     -0.00141
  6.76     -0.00004
  6.78      0.00030
  6.80     -0.00349
  6.82     -0.00310
  6.84     -0.00449
  6.86     -0.00441
  6.88     -0.00663
  6.90     -0.00577
  6.92     -0.00297
  6.94     -0.00349
  6.96     -0.00398
  6.98     -0.00434
  7.00     -0.00518
  7.02     -0.00915
  7.04     -0.01062
  7.06     -0.01528
  7.08     -0.01884
  7.10     -0.01662
  7.12     -0.01843
  7.14     -0.01880
  7.16     -0.02111
  7.18     -0.01969
  7.20     -0.02562
  7.22     -0.02970
  7.24     -0.02486
  7.26     -0.02341
  7.28     -0.02095
  7.30     -0.01760
  7.32     -0.01579
  7.34     -0.01678
  7.36     -0.01685
  7.38     -0.01817
  7.40     -0.01963
  7.42     -0.01832
  7.44     -0.01999
  7.46     -0.01960
  7.48     -0.01724
  7.50     -0.01544
  7.52     -0.01406
  7.54     -0.01490
  7.56     -0.01251
  7.58     -0.00938
  7.60     -0.00959
  7.62     -0.00762
  7.64     -0.00336
  7.66     -0.00090
  7.68     -0.00590
  7.70     -0.00220
  7.72     -0.00201
  7.74      0.00425
  7.76      0.00222
  7.78      0.00677
  7.80      0.00383
  7.82      0.00742
  7.84     -0.00030
  7.86      0.00296
  7.88      0.00613
  7.90      0.00936
  7.92      0.00806
  7.94      0.01599
  7.96      0.01771
  7.98      0.02008
  8.00      0.02765
  8.02      0.03171
  8.04      0.02408
  8.06      0.02580
  8.08      0.02358
  8.10      0.02224
  8.12      0.01735
  8.14      0.01828
  8.16      0.01683
  8.18      0.02001
  8.20      0.01554
  8.22      0.01549
  8.24      0.01798
  8.26      0.01453
  8.28      0.01383
  8.30      0.01445
  8.32      0.01467
  8.34      0.01948
  8.36      0.01916
  8.38      0.01272
  8.40      0.00974
  8.42      0.01352
  8.44      0.00905
  8.46      0.01294
  8.48      0.00974
  8.50      0.00585
  8.52      0.00193
  8.54      0.00187
  8.56     -0.00077
  8.58      0.00578
  8.60      0.01164
  8.62      0.01112
  8.64      0.00737
  8.66      0.00556
  8.68      0.00210
  8.70     -0.00385
  8.72     -0.00666
  8.74     -0.00537
  8.76     -0.00681
  8.78     -0.00980
  8.80     -0.00661
  8.82     -0.00474
  8.84     -0.00644
  8.86     -0.00759
  8.88     -0.00910
  8.90     -0.01238
  8.92     -0.00971
  8.94     -0.01306
  8.96     -0.01252
  8.98     -0.00788
  9.00     -0.00114
  9.02     -0.00607
  9.04     -0.00674
  9.06     -0.00565
  9.08     -0.00881
  9.10     -0.01349
  9.12     -0.01452
  9.14     -0.01184
  9.16     -0.01408
  9.18     -0.01080
  9.20     -0.01297
  9.22     -0.01001
  9.24     -0.00922
  9.26     -0.00683
  9.28     -0.00979
  9.30     -0.00304
  9.32     -0.00499
  9.34     -0.00377
  9.36      0.00023
  9.38      0.00051
  9.40     -0.00250
  9.42     -0.00431
  9.44     -0.00598
  9.46     -0.00565
  9.48     -0.00835
  9.50     -0.00973
  9.52     -0.00598
  9.54     -0.00223
  9.56     -0.00796
  9.58     -0.00512
  9.60     -0.00405
  9.62     -0.00400
  9.64     -0.00572
  9.66      0.00192
  9.68      0.00218
  9.70      0.00383
  9.72      0.00473
  9.74      0.00416
  9.76     -0.00031
  9.78      0.00206
  9.80      0.00519
  9.82      0.00488
  9.84      0.00739
  9.86      0.00615
  9.88      0.00708
  9.90      0.00128
  9.92      0.00105
  9.94      0.00042
  9.96     -0.00144
  9.98     -0.00385
 10.00      0.00147
 10.02      0.00541
 10.04      0.01074
 10.06      0.01729
 10.08      0.01900
 10.10      0.01571
 10.12      0.01245
 10.14      0.01008
 10.16      0.00639
 10.18      0.01255
 10.20      0.01295
 10.22      0.01198
 10.24      0.00906
 10.26      0.01227
 10.28      0.00741
 10.30      0.00575
 10.32      0.01072
 10.34      0.01169
 10.36      0.00807
 10.38      0.00731
 10.40      0.00985
 10.42      0.00900
 10.44      0.00735
 10.46      0.00652
 10.48      0.00514
 10.50      0.00561
 10.52      0.00330
 10.54      0.00345
 10.56      0.00197
 10.58     -0.00011
 10.60     -0.00330
 10.62     -0.00226
 10.64     -0.00137
 10.66      0.00093
 10.68      0.00110
 10.70      0.00126
 10.72      0.00298
 10.74      0.00072
 10.76     -0.00049
 10.78     -0.00109
 10.80     -0.00157
 10.82     -0.00588
 10.84     -0.00720
 10.86     -0.00619
 10.88     -0.00593
 10.90     -0.00315
 10.92     -0.00604
 10.94     -0.00346
 10.96     -0.00390
 10.98     -0.00398
 11.00     -0.00736
 11.02     -0.00608
 11.04     -0.00722
 11.06     -0.00803
 11.08     -0.00782
 11.10     -0.00905
 11.12     -0.01081
 11.14     -0.01182
 11.16     -0.00818
 11.18     -0.00701
 11.20     -0.00563
 11.22     -0.00323
 11.24     -0.00246
 11.26     -0.00577
 11.28     -0.00598
 11.30     -0.00271
 11.32     -0.00298
 11.34     -0.00261
 11.36     -0.00065
 11.38     -0.00197
 11.40     -0.00302
 11.42      0.00080
 11.44     -0.00021
 11.46      0.00127
 11.48      0.00472
 11.50      0.00247
 11.52     -0.00143
 11.54      0.00012
 11.56      0.00000
 11.58     -0.00059
 11.60      0.00075
 11.62     -0.00172
 11.64      0.00268
 11.66     -0.00014
 11.68     -0.00146
 11.70     -0.00274
 11.72      0.00277
 11.74     -0.00194
 11.76     -0.00390
 11.78     -0.00283
 11.80     -0.00063
 11.82     -0.00159
 11.84      0.00135
 11.86      0.00596
 11.88      0.00501
 11.90      0.00487
 11.92      0.00447
 11.94      0.00744
 11.96      0.00703
 11.98      0.01027
 12.00      0.01176
 12.02      0.01566
 12.04      0.01106
 12.06      0.00883
 12.08      0.00468
 12.10      0.00267
 12.12     -0.00074
 12.14      0.00250
 12.16      0.00369
 12.18      0.00408
 12.20      0.00295
 12.22      0.00418
 12.24      0.00001
 12.26      0.00137
 12.28      0.00309
 12.30      0.00835
 12.32      0.00944
 12.34      0.01080
 12.36      0.00852
 12.38      0.00842
 12.40      0.00263
 12.42      0.00096
 12.44     -0.00181
 12.46     -0.00411
 12.48     -0.00426
 12.50     -0.00031
 12.52     -0.00213
 12.54      0.00323
 12.56      0.00560
 12.58      0.00629
 12.60      0.00343
 12.62      0.00561
 12.64     -0.00060
 12.66      0.00158
 12.68      0.00148
 12.70     -0.00082
 12.72     -0.00228
 12.74     -0.00115
 12.76     -0.00115
 12.78     -0.00116
 12.80      0.00027
 12.82      0.00027
 12.84      0.00037
 12.86     -0.00124
 12.88     -0.00543
 12.90     -0.00451
 12.92     -0.00531
 12.94     -0.00535
 12.96     -0.00641
 12.98     -0.00444
 13.00     -0.00339
 13.02     -0.00482
 13.04     -0.00396
 13.06     -0.00358
 13.08     -0.00308
 13.10     -0.00902
 13.12     -0.00803
 13.14     -0.00920
 13.16     -0.00872
 13.18     -0.00814
 13.20     -0.00336
 13.22     -0.00350
 13.24     -0.00205
 13.26     -0.00022
 13.28      0.00120
 13.30      0.00194
 13.32      0.00256
 13.34      0.00388
 13.36      0.00392
 13.38      0.00258
 13.40     -0.00026
 13.42      0.00015
 13.44     -0.00298
 13.46     -0.00764
 13.48     -0.00733
 13.50     -0.00420
 13.52     -0.00546
 13.54     -0.00200
 13.56      0.00083
 13.58      0.00058
 13.60      0.00462
 13.62      0.00855
 13.64      0.00653
 13.66      0.00730
 13.68      0.00945
 13.70      0.00516
 13.72      0.00475
 13.74      0.00561
 13.76      0.00578
 13.78      0.00384
 13.80      0.00106
 13.82     -0.00047
 13.84     -0.00347
 13.86     -0.00288
 13.88     -0.00329
 13.90      0.00014
 13.92      0.00366
 13.94      0.00642
 13.96      0.00678
 13.98      0.00811
 14.00      0.00857
 14.02      0.00505
 14.04      0.00450
 14.06      0.00354
 14.08      0.00285
 14.10      0.00151
 14.12      0.00162
 14.14      0.00082
 14.16     -0.00052
 14.18     -0.00180
 14.20     -0.00189
 14.22     -0.00139
 14.24     -0.00095
 14.26      0.00018
 14.28      0.00066
 14.30      0.00345
 14.32      0.00060
 14.34      0.00228
 14.36     -0.00024
 14.38      0.00104
 14.40     -0.00506
 14.42     -0.00255
 14.44     -0.00318
 14.46     -0.00207
 14.48     -0.00348
 14.50     -0.00065
 14.52     -0.00309
 14.54     -0.00042
 14.56      0.00028
 14.58      0.00133
 14.60      0.00256
 14.62      0.00544
 14.64      0.00377
 14.66      0.00276
 14.68      0.00266
 14.70      0.00165
 14.72     -0.00069
 14.74     -0.00458
 14.76     -0.00464
 14.78     -0.00653
 14.80     -0.00566
 14.82     -0.00669
 14.84     -0.00424
 14.86     -0.00203
 14.88      0.00068
 14.90      0.00124
 14.92      0.00324
 14.94      0.00529
 14.96      0.00459
 14.98      0.00237
 15.00      0.00004
 15.02     -0.00094
 15.04     -0.00200
 15.06     -0.00328
 15.08     -0.00267
 15.10     -0.00006
 15.12     -0.00052
 15.14     -0.00113
 15.16      0.00093
 15.18     -0.00123
 15.20     -0.00262
 15.22      0.00030
 15.24      0.00161
 15.26     -0.00049
 15.28      0.00172
 15.30      0.00057
 15.32      0.00062
 15.34     -0.00282
 15.36     -0.00262
 15.38     -0.00348
 15.40     -0.00014
 15.42     -0.00108
 15.44      0.00258
 15.46      0.00474
 15.48      0.00538
 15.50      0.00234
 15.52     -0.00001
 15.54     -0.00259
 15.56     -0.00072
 15.58     -0.00063
 15.60      0.00150
 15.62      0.00507
 15.64      0.00638
 15.66      0.00105
 15.68     -0.00056
 15.70     -0.00238
 15.72     -0.00208
 15.74     -0.00225
 15.76      0.00075
 15.78      0.00296
 15.80      0.00391
 15.82      0.00162
 15.84      0.00264
 15.86      0.00299
 15.88      0.00206
 15.90      0.00199
 15.92      0.00101
 15.94     -0.00184
 15.96     -0.00390
 15.98     -0.00601
 16.00     -0.00741
 16.02     -0.00535
 16.04     -0.00555
 16.06     -0.00472
 16.08     -0.00138
 16.10      0.00003
 16.12     -0.00111
 16.14      0.00350
 16.16      0.00190
 16.18      0.00054
 16.20     -0.00031
 16.22      0.00036
 16.24      0.00033
 16.26      0.00372
 16.28      0.00426
 16.30      0.00463
 16.32      0.00394
 16.34      0.00168
 16.36     -0.00001
 16.38     -0.00241
 16.40     -0.00273
 16.42     -0.00112
 16.44     -0.00320
 16.46     -0.00223
 16.48     -0.00081
 16.50     -0.00055
 16.52     -0.00284
 16.54     -0.00228
 16.56     -0.00272
 16.58     -0.00333
 16.60     -0.00346
 16.62     -0.00302
 16.64     -0.00308
 16.66     -0.00214
 16.68     -0.00121
 16.70     -0.00167
 16.72     -0.00201
 16.74      0.00030
 16.76     -0.00204
 16.78     -0.00223
 16.80     -0.00043
 16.82      0.00010
 16.84     -0.00254
 16.86     -0.00077
 16.88     -0.00088
 16.90     -0.00080
 16.92     -0.00081
 16.94      0.00245
 16.96      0.00144
 16.98      0.00201
 17.00      0.00189
 17.02      0.00243
 17.04     -0.00021
 17.06      0.00075
 17.08      0.00234
 17.10      0.00545
 17.12      0.00534
 17.14      0.00888
 17.16      0.00617
 17.18      0.00301
 17.20     -0.00102
 17.22     -0.00002
 17.24     -0.00194
 17.26     -0.00077
 17.28     -0.00004
 17.30      0.00065
 17.32     -0.00122
 17.34     -0.00264
 17.36     -0.00406
 17.38     -0.00312
 17.40     -0.00523
 17.42     -0.00480
 17.44     -0.00570
 17.46     -0.00327
 17.48     -0.00365
 17.50     -0.00230
 17.52     -0.00158
 17.54     -0.00024
 17.56      0.00155
 17.58      0.00129
 17.60      0.00235
 17.62      0.00082
 17.64      0.00162
 17.66      0.00099
 17.68      0.00199
 17.70      0.00144
 17.72      0.00334
 17.74      0.00187
 17.76     -0.00093
 17.78     -0.00023
 17.80     -0.00226
 17.82     -0.00064
 17.84     -0.00211
 17.86     -0.00156
 17.88     -0.00152
 17.90      0.00119
 17.92     -0.00286
 17.94     -0.00056
 17.96     -0.00004
 17.98     -0.00055
 18.00     -0.00099
 18.02      0.00016
 18.04      0.00074
 18.06     -0.00042
 18.08     -0.00251
 18.10     -0.00213
 18.12     -0.00300
 18.14     -0.00297
 18.16     -0.00105
 18.18     -0.00081
 18.20     -0.00267
 18.22     -0.00077
 18.24     -0.00077
 18.26     -0.00183
 18.28     -0.00051
 18.30      0.00066
 18.32     -0.00220
 18.34     -0.00308
 18.36     -0.00168
 18.38     -0.00177
 18.40     -0.00218
 18.42      0.00115
 18.44      0.00064
 18.46     -0.00020
 18.48      0.00081
 18.50      0.00282
 18.52      0.00278
 18.54      0.00202
 18.56      0.00158
 18.58      0.00107
 18.60     -0.00148
 18.62     -0.00251
 18.64     -0.00015
 18.66     -0.00025
 18.68      0.00142
 18.70      0.00078
 18.72      0.00020
 18.74      0.00034
 18.76      0.00159
 18.78     -0.00177
 18.80     -0.00100
 18.82      0.00074
 18.84     -0.00017
 18.86     -0.00172
 18.88     -0.00075
 18.90     -0.00003
 18.92      0.00078
 18.94      0.00053
 18.96      0.00139
 18.98      0.00208
 19.00     -0.00013
 19.02      0.00026
 19.04      0.00039
 19.06     -0.00137
 19.08     -0.00254
 19.10     -0.00059
 19.12     -0.00269
 19.14     -0.00262
 19.16     -0.00131
 19.18     -0.00025
 19.20     -0.00022
 19.22      0.00049
 19.24      0.00097
 19.26      0.00120
 19.28      0.00131
 19.30      0.00096
 19.32      0.00033
 19.34      0.00051
 19.36      0.00164
 19.38      0.00143
 19.40      0.00169
 19.42      0.00109
 19.44     -0.00047
 19.46     -0.00031
 19.48     -0.00152
 19.50     -0.00260
 19.52     -0.00281
 19.54     -0.00257
 19.56     -0.00413
 19.58     -0.00356
 19.60     -0.00197
 19.62     -0.00210
 19.64     -0.00240
 19.66     -0.00205
 19.68     -0.00262
 19.70     -0.00232
 19.72     -0.00354
 19.74     -0.00471
 19.76     -0.00433
 19.78     -0.00432
 19.80     -0.00494
 19.82     -0.00146
 19.84     -0.00010
 19.86      0.00007
 19.88      0.00161
 19.90      0.00148
 19.92     -0.00004
 19.94     -0.00023
 19.96     -0.00097
 19.98     -0.00208
 20.00     -0.00309
 20.02     -0.00332
 20.04     -0.00156
 20.06      0.00014
 20.08      0.00018
 20.10      0.00193
 20.12      0.00187
 20.14      0.00107
 20.16      0.00036
 20.18      0.00031
 20.20      0.00008
 20.22      0.00050
 20.24      0.00133
 20.26      0.00065
 20.28      0.00014
 20.30     -0.00002
 20.32      0.00007
 20.34     -0.00148
 20.36     -0.00096
 20.38      0.00092
 20.40      0.00250
 20.42      0.00215
 20.44      0.00302
 20.46      0.00261
 20.48      0.00123
 20.50     -0.00015
 20.52     -0.00115
 20.54     -0.00232
 20.56     -0.00157
 20.58     -0.00269
 20.60     -0.00385
 20.62     -0.00381
 20.64     -0.00219
 20.66     -0.00272
 20.68     -0.00134
 20.70     -0.00233
 20.72     -0.00200
 20.74     -0.00340
 20.76     -0.00391
 20.78     -0.00445
 20.80     -0.00319
 20.82     -0.00325
 20.84     -0.00333
 20.86     -0.00294
 20.88     -0.00147
 20.90     -0.00152
 20.92     -0.00065
 20.94     -0.00048
 20.96     -0.00027
 20.98     -0.00004
 21.00      0.00109
 21.02      0.00022
 21.04      0.00002
 21.06      0.00002
 21.08     -0.00091
 21.10     -0.00156
 21.12     -0.00065
 21.14      0.00029
 21.16      0.00085
 21.18      0.00079
 21.20      0.00113
 21.22      0.00056
 21.24      0.00079
 21.26     -0.00089
 21.28     -0.00020
 21.30     -0.00003
 21.32     -0.00080
 21.34      0.00001
 21.36      0.00035
 21.38      0.00061
 21.40      0.00106
 21.42      0.00450
 21.44      0.00240
 21.46      0.00395
 21.48      0.00235
 21.50      0.00127
 21.52     -0.00248
 21.54     -0.00269
 21.56     -0.00392
 21.58     -0.00317
 21.60     -0.00301
 21.62     -0.00045
 21.64      0.00037
 21.66     -0.00062
 21.68      0.00032
 21.70     -0.00068
 21.72     -0.00142
 21.74     -0.00260
 21.76     -0.00203
 21.78     -0.00409
 21.80     -0.00385
 21.82     -0.00497
 21.84     -0.00286
 21.86     -0.00224
 21.88     -0.00031
 21.90      0.00028
 21.92      0.00271
 21.94      0.00153
 21.96      0.00249
 21.98      0.00309
 22.00      0.00254
 22.02      0.00224
 22.04      0.00188
 22.06      0.00223
 22.08      0.00018
 22.10     -0.00058
 22.12     -0.00197
 22.14     -0.00058
 22.16     -0.00171
 22.18     -0.00082
 22.20      0.00024
 22.22     -0.00065
 22.24      0.00050
 22.26      0.00079
 22.28      0.00036
 22.30      0.00098
 22.32      0.00232
 22.34      0.00162
 22.36      0.00039
 22.38      0.00145
 22.40      0.00149
 22.42      0.00040
 22.44     -0.00257
 22.46     -0.00156
 22.48     -0.00203
 22.50     -0.00262
 22.52     -0.00181
 22.54      0.00125
 22.56      0.00183
 22.58      0.00106
 22.60     -0.00032
 22.62     -0.00070
 22.64     -0.00380
 22.66     -0.00387
 22.68     -0.00398
 22.70     -0.00140
 22.72      0.00076
 22.74      0.00270
 22.76      0.00122
 22.78      0.00138
 22.80      0.00098
 22.82     -0.00105
 22.84      0.00001
 22.86      0.00172
 22.88      0.00221
 22.90      0.00092
 22.92      0.00063
 22.94     -0.00069
 22.96     -0.00166
 22.98     -0.00219
 23.00     -0.00094
 23.02      0.00040
 23.04      0.00106
 23.06      0.00166
 23.08      0.00292
 23.10      0.00137
 23.12      0.00079
 23.14     -0.00041
 23.16     -0.00161
 23.18     -0.00216
 23.20     -0.00117
 23.22     -0.00087
 23.24     -0.00068
 23.26     -0.00007
 23.28      0.00079
 23.30     -0.00048
 23.32     -0.00125
 23.34     -0.00066
 23.36     -0.00082
 23.38     -0.00137
 23.40     -0.00020
 23.42     -0.00017
 23.44      0.00108
 23.46      0.00104
 23.48      0.00003
 23.50      0.00014
 23.52      0.00118
 23.54      0.00062
 23.56     -0.00027
 23.58      0.00091
 23.60      0.00088
 23.62      0.00048
 23.64     -0.00002
 23.66      0.00205
 23.68      0.00237
 23.70      0.00145
 23.72      0.00200
 23.74      0.00161
 23.76      0.00028
 23.78     -0.00088
 23.80      0.00025
 23.82     -0.00102
 23.84     -0.00119
 23.86     -0.00180
 23.88     -0.00099
 23.90     -0.00183
 23.92     -0.00246
 23.94     -0.00185
 23.96     -0.00219
 23.98     -0.00386
 24.00     -0.00312
 24.02     -0.00113
 24.04     -0.00126
 24.06     -0.00086
 24.08      0.00015
 24.10      0.00143
 24.12      0.00005
 24.14      0.00098
 24.16      0.00116
 24.18      0.00079
 24.20      0.00064
 24.22      0.00125
 24.24     -0.00075
 24.26      0.00067
 24.28      0.00144
 24.30     -0.00073
 24.32     -0.00086
 24.34      0.00064
 24.36     -0.00064
 24.38     -0.00103
 24.40      0.00039
 24.42      0.00104
 24.44      0.00053
 24.46      0.00076
 24.48      0.00053
 24.50      0.00096
 24.52     -0.00065
 24.54     -0.00068
 24.56     -0.00095
 24.58     -0.00124
 24.60     -0.00193
 24.62     -0.00006
 24.64      0.00189
 24.66      0.00154
 24.68      0.00160
 24.70      0.00169
 24.72      0.00072
 24.74     -0.00111
 24.76      0.00033
 24.78      0.00122
 24.80      0.00182
 24.82      0.00185
 24.84      0.00251
 24.86      0.00182
 24.88      0.00178
 24.90      0.00082
 24.92      0.00107
 24.94      0.00066
 24.96      0.00104
 24.98      0.00054
 25.00     -0.00026
 25.02     -0.00034
 25.04     -0.00104
 25.06     -0.00238
 25.08     -0.00219
 25.10     -0.00071
 25.12     -0.00130
 25.14     -0.00104
 25.16      0.00024
 25.18      0.00093
 25.20      0.00051
 25.22      0.00001
 25.24     -0.00036
 25.26     -0.00176
 25.28     -0.00158
 25.30     -0.00217
 25.32     -0.00199
 25.34     -0.00108
 25.36      0.00016
 25.38     -0.00086
 25.40     -0.00059
 25.42     -0.00031
 25.44      0.00056
 25.46      0.00040
 25.48      0.00104
 25.50      0.00099
 25.52      0.00129
 25.54      0.00026
 25.56      0.00056
 25.58     -0.00015
 25.60     -0.00123
 25.62     -0.00201
 25.64     -0.00186
 25.66     -0.00247
 25.68     -0.00253
 25.70     -0.00186
 25.72     -0.00072
 25.74     -0.00018
 25.76      0.00081
 25.78      0.00136
 25.80      0.00205
 25.82      0.00326
 25.84      0.00128
 25.86      0.00119
 25.88      0.00016
 25.90     -0.00015
 25.92     -0.00138
 25.94     -0.00079
 25.96     -0.00119
 25.98     -0.00079
 26.00      0.00042
 26.02      0.00046
 26.04      0.00057
 26.06      0.00036
 26.08      0.00034
 26.10     -0.00161
 26.12     -0.00111
 26.14     -0.00102
 26.16     -0.00141
 26.18     -0.00235
 26.20     -0.00092
 26.22     -0.00091
 26.24      0.00058
 26.26      0.00128
 26.28      0.00222
 26.30      0.00293
 26.32      0.00291
 26.34      0.00160
 26.36      0.00212
 26.38      0.00150
 26.40     -0.00029
 26.42     -0.00007
 26.44     -0.00043
 26.46     -0.00037
 26.48      0.00161
 26.50      0.00185
 26.52      0.00114
 26.54      0.00126
 26.56      0.00016
 26.58     -0.00003
 26.60     -0.00149
 26.62     -0.00208
 26.64     -0.00081
 26.66     -0.00131
 26.68     -0.00108
 26.70     -0.00080
 26.72     -0.00067
 26.74     -0.00200
 26.76     -0.00117
 26.78     -0.00177
 26.80     -0.00044
 26.82     -0.00058
 26.84     -0.00019
 26.86      0.00176
 26.88      0.00152
 26.90      0.00167
 26.92      0.00247
 26.94      0.00270
 26.96      0.00150
 26.98      0.00096
 27.00     -0.00099
 27.02     -0.00138
 27.04     -0.00065
 27.06     -0.00053
 27.08      0.00159
 27.10      0.00557
 27.12      0.00528
 27.14      0.00394
 27.16      0.00411
 27.18      0.00184
 27.20      0.00047
 27.22      0.00018
 27.24      0.00069
 27.26     -0.00123
 27.28     -0.00087
 27.30     -0.00108
 27.32     -0.00080
 27.34     -0.00059
 27.36      0.00042
 27.38      0.00030
 27.40     -0.00083
 27.42     -0.00154
 27.44     -0.00093
 27.46     -0.00038
 27.48      0.00046
 27.50      0.00074
 27.52      0.00349
 27.54      0.00322
 27.56      0.00161
 27.58      0.00082
 27.60      0.00032
 27.62     -0.00146
 27.64     -0.00190
 27.66     -0.00031
 27.68     -0.00007
 27.70      0.00010
 27.72     -0.00010
 27.74     -0.00031
 27.76     -0.00178
 27.78     -0.00205
 27.80     -0.00159
 27.82     -0.00148
 27.84     -0.00109
 27.86     -0.00031
 27.88     -0.00063
 27.90     -0.00086
 27.92     -0.00186
 27.94     -0.00346
 27.96     -0.00306
 27.98     -0.00248
 28.00     -0.00182
 28.02      0.00038
 28.04      0.00147
 28.06      0.00076
 28.08      0.00117
 28.10      0.00079
 28.12      0.00066
 28.14      0.00005
 28.16     -0.00034
 28.18     -0.00082
 28.20     -0.00057
 28.22     -0.00082
 28.24      0.00077
 28.26      0.00197
 28.28      0.00190
 28.30      0.00249
 28.32      0.00181
 28.34      0.00049
 28.36      0.00042
 28.38      0.00062
 28.40     -0.00092
 28.42     -0.00074
 28.44     -0.00063
 28.46     -0.00073
 28.48     -0.00132
 28.50      0.00021
 28.52      0.00048
 28.54      0.00085
 28.56      0.00080
 28.58      0.00071
 28.60      0.00098
 28.62      0.00038
 28.64     -0.00068
 28.66     -0.00119
 28.68     -0.00144
 28.70     -0.00238
 28.72     -0.00266
 28.74     -0.00173
 28.76     -0.00197
 28.78     -0.00192
 28.80     -0.00183
 28.82     -0.00136
 28.84     -0.00082
 28.86      0.00039
 28.88      0.00068
 28.90      0.00138
 28.92      0.00114
 28.94      0.00037
 28.96     -0.00103
 28.98      0.00148
 29.00      0.00018
 29.02      0.00091
 29.04      0.00174
 29.06      0.00208
 29.08     -0.00014
 29.10      0.00057
 29.12      0.00093
 29.14      0.00027
 29.16     -0.00004
 29.18      0.00010
 29.20      0.00024
 29.22     -0.00062
 29.24     -0.00097
 29.26      0.00132
 29.28      0.00194
 29.30      0.00211
 29.32      0.00195
 29.34      0.00212
 29.36      0.00168
 29.38      0.00233
 29.40      0.00285
 29.42      0.00215
 29.44      0.00240
 29.46      0.00097
 29.48      0.00074
 29.50      0.00079
 29.52      0.00132
 29.54      0.00232
 29.56      0.00166
 29.58      0.00003
 29.60     -0.00163
 29.62     -0.00168
 29.64     -0.00151
 29.66      0.00011
 29.68      0.00018
 29.70     -0.00025
 29.72     -0.00036
 29.74     -0.00269
 29.76     -0.00309
 29.78     -0.00229
 29.80     -0.00051
 29.82     -0.00060
 29.84     -0.00028
 29.86     -0.00069
 29.88     -0.00092
 29.90     -0.00099
 29.92     -0.00063
 29.94      0.00035
 29.96      0.00091
 29.98      0.00143
 30.00     -0.00012
