 #r(A)        G(r)
  0.02      0.00000
  0.04      0.00000
  0.06      0.00000
  0.08      0.00000
  0.10      0.00000
  0.12      0.00000
  0.14      0.00000
  0.16      0.00000
  0.18      0.00000
  0.20      0.00000
  0.22     -0.00000
  0.24     -0.00000
  0.26     -0.00000
  0.28     -0.00000
  0.30     -0.00000
  0.32     -0.00000
  0.34     -0.00001
  0.36     -0.00001
  0.38     -0.00002
  0.40     -0.00002
  0.42     -0.00004
  0.44     -0.00005
  0.46     -0.00007
  0.48     -0.00009
  0.50     -0.00012
  0.52     -0.00016
  0.54     -0.00021
  0.56     -0.00027
  0.58     -0.00035
  0.60     -0.00046
  0.62     -0.00060
  0.64     -0.00076
  0.66     -0.00097
  0.68     -0.00122
  0.70     -0.00151
  0.72     -0.00184
  0.74     -0.00220
  0.76     -0.00258
  0.78     -0.00299
  0.80     -0.00341
  0.82     -0.00384
  0.84     -0.00429
  0.86     -0.00474
  0.88     -0.00520
  0.90     -0.00566
  0.92     -0.00613
  0.94     -0.00660
  0.96     -0.00707
  0.98     -0.00754
  1.00     -0.00801
  1.02     -0.00848
  1.04     -0.00895
  1.06     -0.00943
  1.08     -0.00990
  1.10     -0.01038
  1.12     -0.01085
  1.14     -0.01133
  1.16     -0.01180
  1.18     -0.01228
  1.20     -0.01275
  1.22     -0.01323
  1.24     -0.01371
  1.26     -0.01418
  1.28     -0.01466
  1.30     -0.01514
  1.32     -0.01561
  1.34     -0.01609
  1.36     -0.01657
  1.38     -0.01705
  1.40     -0.01753
  1.42     -0.01801
  1.44     -0.01850
  1.46     -0.01898
  1.48     -0.01946
  1.50     -0.01995
  1.52     -0.02044
  1.54     -0.02093
  1.56     -0.02142
  1.58     -0.02192
  1.60     -0.02241
  1.62     -0.02292
  1.64     -0.02342
  1.66     -0.02394
  1.68     -0.02445
  1.70     -0.02497
  1.72     -0.02550
  1.74     -0.02604
  1.76     -0.02658
  1.78     -0.02713
  1.80     -0.02769
  1.82     -0.02825
  1.84     -0.02883
  1.86     -0.02940
  1.88     -0.02999
  1.90     -0.03058
  1.92     -0.03118
  1.94     -0.03178
  1.96     -0.03238
  1.98     -0.03299
  2.00     -0.03360
  2.02     -0.03421
  2.04     -0.03482
  2.06     -0.03543
  2.08     -0.03605
  2.10     -0.03667
  2.12     -0.03729
  2.14     -0.03791
  2.16     -0.03854
  2.18     -0.03910
  2.20     -0.03956
  2.22     -0.03987
  2.24     -0.04006
  2.26     -0.03982
  2.28     -0.03933
  2.30     -0.03853
  2.32     -0.03653
  2.34     -0.03342
  2.36     -0.02898
  2.38     -0.02523
  2.40     -0.02063
  2.42     -0.01685
  2.44     -0.01255
  2.46     -0.00737
  2.48      0.00287
  2.50      0.02184
  2.52      0.04217
  2.54      0.06905
  2.56      0.10352
  2.58      0.15415
  2.60      0.19170
  2.62      0.24161
  2.64      0.29180
  2.66      0.32362
  2.68      0.32964
  2.70      0.32392
  2.72      0.30234
  2.74      0.25911
  2.76      0.21298
  2.78      0.16453
  2.80      0.12508
  2.82      0.08459
  2.84      0.05007
  2.86      0.02419
  2.88      0.00417
  2.90     -0.00993
  2.92     -0.02409
  2.94     -0.03174
  2.96     -0.03755
  2.98     -0.04213
  3.00     -0.04732
  3.02     -0.05004
  3.04     -0.05222
  3.06     -0.05339
  3.08     -0.05444
  3.10     -0.05490
  3.12     -0.05504
  3.14     -0.05524
  3.16     -0.05602
  3.18     -0.05662
  3.20     -0.05681
  3.22     -0.05723
  3.24     -0.05641
  3.26     -0.05606
  3.28     -0.05551
  3.30     -0.05501
  3.32     -0.05440
  3.34     -0.05504
  3.36     -0.05412
  3.38     -0.05351
  3.40     -0.05357
  3.42     -0.05354
  3.44     -0.05176
  3.46     -0.05048
  3.48     -0.04852
  3.50     -0.04704
  3.52     -0.04073
  3.54     -0.03874
  3.56     -0.03631
  3.58     -0.03120
  3.60     -0.02839
  3.62     -0.02787
  3.64     -0.02166
  3.66     -0.01787
  3.68     -0.01413
  3.70     -0.00591
  3.72      0.00133
  3.74      0.00256
  3.76      0.00933
  3.78      0.00992
  3.80      0.00863
  3.82      0.00582
  3.84      0.00532
  3.86      0.00066
  3.88     -0.00299
  3.90     -0.00774
  3.92     -0.01539
  3.94     -0.02200
  3.96     -0.03184
  3.98     -0.03775
  4.00     -0.04205
  4.02     -0.04333
  4.04     -0.04638
  4.06     -0.04745
  4.08     -0.04752
  4.10     -0.05069
  4.12     -0.05312
  4.14     -0.05311
  4.16     -0.05054
  4.18     -0.05099
  4.20     -0.04662
  4.22     -0.04416
  4.24     -0.04238
  4.26     -0.03864
  4.28     -0.03499
  4.30     -0.03190
  4.32     -0.02800
  4.34     -0.01992
  4.36     -0.01549
  4.38     -0.01114
  4.40     -0.00324
  4.42      0.00863
  4.44      0.01579
  4.46      0.03161
  4.48      0.04649
  4.50      0.06101
  4.52      0.07212
  4.54      0.09598
  4.56      0.11028
  4.58      0.12448
  4.60      0.13484
  4.62      0.14393
  4.64      0.14182
  4.66      0.14215
  4.68      0.13722
  4.70      0.12522
  4.72      0.11192
  4.74      0.09610
  4.76      0.07175
  4.78      0.05437
  4.80      0.03968
  4.82      0.02395
  4.84      0.00766
  4.86     -0.00261
  4.88     -0.01384
  4.90     -0.02339
  4.92     -0.02892
  4.94     -0.03529
  4.96     -0.03722
  4.98     -0.03928
  5.00     -0.03902
  5.02     -0.04063
  5.04     -0.03701
  5.06     -0.03555
  5.08     -0.03225
  5.10     -0.02978
  5.12     -0.02368
  5.14     -0.02347
  5.16     -0.02161
  5.18     -0.01571
  5.20     -0.01197
  5.22     -0.01072
  5.24     -0.00130
  5.26      0.00702
  5.28      0.00629
  5.30      0.01108
  5.32      0.01999
  5.34      0.01973
  5.36      0.01890
  5.38      0.02357
  5.40      0.02282
  5.42      0.01622
  5.44      0.00889
  5.46      0.00061
  5.48     -0.01010
  5.50     -0.01890
  5.52     -0.02611
  5.54     -0.02950
  5.56     -0.03265
  5.58     -0.03656
  5.60     -0.03775
  5.62     -0.03849
  5.64     -0.03814
  5.66     -0.03828
  5.68     -0.03598
  5.70     -0.03547
  5.72     -0.03315
  5.74     -0.03110
  5.76     -0.02474
  5.78     -0.01977
  5.80     -0.01421
  5.82     -0.00909
  5.84     -0.00160
  5.86      0.00461
  5.88      0.00985
  5.90      0.01680
  5.92      0.02089
  5.94      0.02338
  5.96      0.02179
  5.98      0.02594
  6.00      0.02355
  6.02      0.02226
  6.04      0.02136
  6.06      0.02213
  6.08      0.01644
  6.10      0.01004
  6.12      0.00577
  6.14     -0.00062
  6.16     -0.00996
  6.18     -0.01968
  6.20     -0.02214
  6.22     -0.03118
  6.24     -0.03578
  6.26     -0.03799
  6.28     -0.03830
  6.30     -0.04259
  6.32     -0.03966
  6.34     -0.04057
  6.36     -0.04024
  6.38     -0.04020
  6.40     -0.03707
  6.42     -0.03450
  6.44     -0.03024
  6.46     -0.02702
  6.48     -0.02155
  6.50     -0.01579
  6.52     -0.01397
  6.54     -0.01265
  6.56     -0.01215
  6.58     -0.00803
  6.60     -0.00655
  6.62     -0.00200
  6.64      0.00144
  6.66      0.00516
  6.68      0.00431
  6.70      0.00603
  6.72      0.00632
  6.74      0.00747
  6.76      0.00966
  6.78      0.01323
  6.80      0.01539
  6.82      0.02170
  6.84      0.02682
  6.86      0.03044
  6.88      0.03363
  6.90      0.04014
  6.92      0.04521
  6.94      0.05138
  6.96      0.05939
  6.98      0.06589
  7.00      0.06984
  7.02      0.07461
  7.04      0.07751
  7.06      0.08190
  7.08      0.08226
  7.10      0.08061
  7.12      0.07211
  7.14      0.06695
  7.16      0.05406
  7.18      0.04731
  7.20      0.03768
  7.22      0.03108
  7.24      0.01778
  7.26      0.00872
  7.28      0.00074
  7.30     -0.00896
  7.32     -0.02044
  7.34     -0.02680
  7.36     -0.03230
  7.38     -0.04001
  7.40     -0.04310
  7.42     -0.04221
  7.44     -0.04318
  7.46     -0.04240
  7.48     -0.04170
  7.50     -0.04050
  7.52     -0.04082
  7.54     -0.03850
  7.56     -0.03757
  7.58     -0.03617
  7.60     -0.03532
  7.62     -0.03275
  7.64     -0.02984
  7.66     -0.02674
  7.68     -0.02419
  7.70     -0.02079
  7.72     -0.02002
  7.74     -0.01702
  7.76     -0.01630
  7.78     -0.01370
  7.80     -0.01175
  7.82     -0.01000
  7.84     -0.00713
  7.86     -0.00387
  7.88     -0.00348
  7.90     -0.00298
  7.92     -0.00046
  7.94      0.00069
  7.96      0.00422
  7.98      0.01023
  8.00      0.01214
  8.02      0.01462
  8.04      0.01244
  8.06      0.01003
  8.08      0.00486
  8.10      0.00511
  8.12      0.00393
  8.14      0.00112
  8.16      0.00073
  8.18     -0.00033
  8.20     -0.00450
  8.22     -0.00746
  8.24     -0.00775
  8.26     -0.01252
  8.28     -0.01418
  8.30     -0.01164
  8.32     -0.01112
  8.34     -0.00966
  8.36     -0.00632
  8.38     -0.00474
  8.40     -0.00433
  8.42     -0.00325
  8.44     -0.00112
  8.46     -0.00040
  8.48      0.00079
  8.50      0.00052
  8.52     -0.00025
  8.54     -0.00001
  8.56     -0.00001
  8.58     -0.00107
  8.60     -0.00107
  8.62     -0.00295
  8.64     -0.00650
  8.66     -0.00805
  8.68     -0.00836
  8.70     -0.00957
  8.72     -0.00957
  8.74     -0.00763
  8.76     -0.00921
  8.78     -0.01044
  8.80     -0.01098
  8.82     -0.01190
  8.84     -0.01568
  8.86     -0.01291
  8.88     -0.00851
  8.90     -0.00692
  8.92     -0.00430
  8.94      0.00063
  8.96      0.00100
  8.98     -0.00029
  9.00      0.00202
  9.02      0.00442
  9.04      0.00717
  9.06      0.00872
  9.08      0.01111
  9.10      0.01260
  9.12      0.01509
  9.14      0.01416
  9.16      0.01773
  9.18      0.01923
  9.20      0.02092
  9.22      0.02309
  9.24      0.02719
  9.26      0.03079
  9.28      0.03242
  9.30      0.03308
  9.32      0.03540
  9.34      0.03450
  9.36      0.03263
  9.38      0.03135
  9.40      0.03152
  9.42      0.02886
  9.44      0.02739
  9.46      0.02780
  9.48      0.02781
  9.50      0.02685
  9.52      0.02737
  9.54      0.02699
  9.56      0.02717
  9.58      0.02642
  9.60      0.02845
  9.62      0.02469
  9.64      0.02423
  9.66      0.01998
  9.68      0.01877
  9.70      0.01438
  9.72      0.01451
  9.74      0.00709
  9.76      0.00193
  9.78     -0.00421
  9.80     -0.01154
  9.82     -0.01738
  9.84     -0.01880
  9.86     -0.02266
  9.88     -0.02586
  9.90     -0.02739
  9.92     -0.03128
  9.94     -0.03487
  9.96     -0.03527
  9.98     -0.03719
 10.00     -0.03751
 10.02     -0.03577
 10.04     -0.03599
 10.06     -0.03376
 10.08     -0.03049
 10.10     -0.02744
 10.12     -0.02575
 10.14     -0.02154
 10.16     -0.02153
 10.18     -0.01987
 10.20     -0.01982
 10.22     -0.01747
 10.24     -0.01673
 10.26     -0.01415
 10.28     -0.01250
 10.30     -0.01069
 10.32     -0.01102
 10.34     -0.00818
 10.36     -0.01001
 10.38     -0.00952
 10.40     -0.00907
 10.42     -0.00782
 10.44     -0.00634
 10.46     -0.00521
 10.48     -0.00727
 10.50     -0.00759
 10.52     -0.00999
 10.54     -0.01184
 10.56     -0.01113
 10.58     -0.00987
 10.60     -0.00875
 10.62     -0.00772
 10.64     -0.00635
 10.66     -0.00848
 10.68     -0.00579
 10.70     -0.00384
 10.72     -0.00433
 10.74     -0.00220
 10.76      0.00391
 10.78      0.00399
 10.80      0.00302
 10.82      0.00829
 10.84      0.00733
 10.86      0.00698
 10.88      0.00609
 10.90      0.00756
 10.92      0.00941
 10.94      0.01141
 10.96      0.01032
 10.98      0.01205
 11.00      0.01286
 11.02      0.01034
 11.04      0.00926
 11.06      0.01077
 11.08      0.01283
 11.10      0.01356
 11.12      0.01291
 11.14      0.01482
 11.16      0.01502
 11.18      0.01411
 11.20      0.01540
 11.22      0.01553
 11.24      0.01368
 11.26      0.01314
 11.28      0.01158
 11.30      0.01046
 11.32      0.01216
 11.34      0.01530
 11.36      0.02154
 11.38      0.02488
 11.40      0.02368
 11.42      0.02195
 11.44      0.02042
 11.46      0.01445
 11.48      0.01090
 11.50      0.01121
 11.52      0.01177
 11.54      0.01089
 11.56      0.01012
 11.58      0.01355
 11.60      0.01555
 11.62      0.01459
 11.64      0.01400
 11.66      0.01479
 11.68      0.01210
 11.70      0.00807
 11.72      0.00639
 11.74      0.00565
 11.76      0.00369
 11.78      0.00329
 11.80      0.00284
 11.82      0.00473
 11.84      0.00448
 11.86      0.00482
 11.88      0.00289
 11.90      0.00402
 11.92      0.00442
 11.94      0.00275
 11.96      0.00340
 11.98      0.00373
 12.00      0.00227
 12.02     -0.00201
 12.04     -0.00285
 12.06     -0.00509
 12.08     -0.00732
 12.10     -0.00921
 12.12     -0.00841
 12.14     -0.01021
 12.16     -0.01160
 12.18     -0.01238
 12.20     -0.01339
 12.22     -0.01538
 12.24     -0.01598
 12.26     -0.01695
 12.28     -0.01510
 12.30     -0.01639
 12.32     -0.01448
 12.34     -0.01472
 12.36     -0.01468
 12.38     -0.01823
 12.40     -0.01864
 12.42     -0.01971
 12.44     -0.01881
 12.46     -0.02056
 12.48     -0.02032
 12.50     -0.01812
 12.52     -0.01953
 12.54     -0.02046
 12.56     -0.01914
 12.58     -0.01941
 12.60     -0.01954
 12.62     -0.01880
 12.64     -0.01748
 12.66     -0.01555
 12.68     -0.01412
 12.70     -0.01333
 12.72     -0.01252
 12.74     -0.01029
 12.76     -0.00993
 12.78     -0.00967
 12.80     -0.01118
 12.82     -0.01012
 12.84     -0.01127
 12.86     -0.01098
 12.88     -0.00715
 12.90     -0.00180
 12.92      0.00048
 12.94      0.00173
 12.96      0.00327
 12.98      0.00594
 13.00      0.00632
 13.02      0.00940
 13.04      0.01142
 13.06      0.01348
 13.08      0.01323
 13.10      0.01342
 13.12      0.01262
 13.14      0.01517
 13.16      0.01320
 13.18      0.01358
 13.20      0.01450
 13.22      0.01368
 13.24      0.01288
 13.26      0.01479
 13.28      0.01348
 13.30      0.01151
 13.32      0.01200
 13.34      0.01070
 13.36      0.00949
 13.38      0.01031
 13.40      0.01189
 13.42      0.01085
 13.44      0.01072
 13.46      0.01320
 13.48      0.01484
 13.50      0.01520
 13.52      0.01661
 13.54      0.01833
 13.56      0.01845
 13.58      0.01760
 13.60      0.01777
 13.62      0.01911
 13.64      0.01844
 13.66      0.01724
 13.68      0.01940
 13.70      0.02210
 13.72      0.02046
 13.74      0.02118
 13.76      0.02295
 13.78      0.02089
 13.80      0.01813
 13.82      0.01992
 13.84      0.02076
 13.86      0.01967
 13.88      0.01774
 13.90      0.01737
 13.92      0.01501
 13.94      0.01092
 13.96      0.00883
 13.98      0.00944
 14.00      0.00646
 14.02      0.00297
 14.04     -0.00060
 14.06     -0.00387
 14.08     -0.01000
 14.10     -0.01361
 14.12     -0.01639
 14.14     -0.01674
 14.16     -0.01819
 14.18     -0.01873
 14.20     -0.02037
 14.22     -0.02104
 14.24     -0.02156
 14.26     -0.02246
 14.28     -0.02338
 14.30     -0.02432
 14.32     -0.02414
 14.34     -0.02352
 14.36     -0.02557
 14.38     -0.02505
 14.40     -0.02393
 14.42     -0.02271
 14.44     -0.02225
 14.46     -0.01921
 14.48     -0.01787
 14.50     -0.01687
 14.52     -0.01713
 14.54     -0.01640
 14.56     -0.01566
 14.58     -0.01445
 14.60     -0.01035
 14.62     -0.00969
 14.64     -0.00977
 14.66     -0.00879
 14.68     -0.00565
 14.70     -0.00699
 14.72     -0.00552
 14.74     -0.00431
 14.76     -0.00419
 14.78     -0.00400
 14.80     -0.00362
 14.82     -0.00262
 14.84     -0.00249
 14.86     -0.00201
 14.88     -0.00272
 14.90     -0.00130
 14.92     -0.00150
 14.94      0.00009
 14.96     -0.00176
 14.98     -0.00224
 15.00     -0.00344
 15.02     -0.00158
 15.04     -0.00226
 15.06      0.00128
 15.08      0.00302
 15.10      0.00406
 15.12      0.00411
 15.14      0.00771
 15.16      0.00792
 15.18      0.00901
 15.20      0.01099
 15.22      0.01259
 15.24      0.01307
 15.26      0.01465
 15.28      0.01587
 15.30      0.01729
 15.32      0.01710
 15.34      0.01529
 15.36      0.01257
 15.38      0.01050
 15.40      0.00825
 15.42      0.00996
 15.44      0.01108
 15.46      0.01282
 15.48      0.01174
 15.50      0.01271
 15.52      0.01208
 15.54      0.01154
 15.56      0.01072
 15.58      0.01225
 15.60      0.01064
 15.62      0.01077
 15.64      0.00950
 15.66      0.00868
 15.68      0.00653
 15.70      0.00497
 15.72      0.00100
 15.74      0.00132
 15.76      0.00136
 15.78      0.00201
 15.80      0.00318
 15.82      0.00170
 15.84      0.00032
 15.86     -0.00005
 15.88     -0.00140
 15.90     -0.00023
 15.92      0.00230
 15.94      0.00317
 15.96      0.00388
 15.98      0.00727
 16.00      0.00780
 16.02      0.00744
 16.04      0.00873
 16.06      0.00995
 16.08      0.00982
 16.10      0.00885
 16.12      0.01028
 16.14      0.01067
 16.16      0.00974
 16.18      0.00658
 16.20      0.00781
 16.22      0.00685
 16.24      0.00469
 16.26      0.00488
 16.28      0.00535
 16.30      0.00395
 16.32      0.00304
 16.34      0.00127
 16.36      0.00017
 16.38     -0.00195
 16.40     -0.00562
 16.42     -0.00745
 16.44     -0.00895
 16.46     -0.01242
 16.48     -0.01385
 16.50     -0.01514
 16.52     -0.01620
 16.54     -0.01654
 16.56     -0.01531
 16.58     -0.01551
 16.60     -0.01542
 16.62     -0.01701
 16.64     -0.01856
 16.66     -0.02044
 16.68     -0.01989
 16.70     -0.02112
 16.72     -0.02105
 16.74     -0.02095
 16.76     -0.01982
 16.78     -0.02077
 16.80     -0.01910
 16.82     -0.01790
 16.84     -0.01658
 16.86     -0.01572
 16.88     -0.01423
 16.90     -0.01251
 16.92     -0.01173
 16.94     -0.00930
 16.96     -0.00898
 16.98     -0.00547
 17.00     -0.00320
 17.02     -0.00233
 17.04     -0.00279
 17.06     -0.00025
 17.08     -0.00070
 17.10     -0.00043
 17.12      0.00195
 17.14      0.00455
 17.16      0.00520
 17.18      0.00633
 17.20      0.00779
 17.22      0.00843
 17.24      0.00648
 17.26      0.00907
 17.28      0.00925
 17.30      0.00956
 17.32      0.01041
 17.34      0.01415
 17.36      0.01197
 17.38      0.01226
 17.40      0.01182
 17.42      0.01050
 17.44      0.00992
 17.46      0.00938
 17.48      0.00928
 17.50      0.01067
 17.52      0.01199
 17.54      0.01218
 17.56      0.01253
 17.58      0.01499
 17.60      0.01386
 17.62      0.01375
 17.64      0.01356
 17.66      0.01375
 17.68      0.01175
 17.70      0.01238
 17.72      0.01107
 17.74      0.00729
 17.76      0.00521
 17.78      0.00463
 17.80      0.00178
 17.82      0.00262
 17.84      0.00365
 17.86      0.00505
 17.88      0.00428
 17.90      0.00392
 17.92      0.00174
 17.94      0.00093
 17.96      0.00108
 17.98     -0.00091
 18.00     -0.00179
 18.02     -0.00030
 18.04     -0.00119
 18.06     -0.00189
 18.08     -0.00147
 18.10     -0.00141
 18.12     -0.00399
 18.14     -0.00351
 18.16     -0.00316
 18.18     -0.00172
 18.20     -0.00152
 18.22      0.00025
 18.24      0.00223
 18.26      0.00101
 18.28      0.00002
 18.30      0.00006
 18.32      0.00059
 18.34     -0.00100
 18.36     -0.00027
 18.38     -0.00163
 18.40     -0.00023
 18.42     -0.00198
 18.44     -0.00191
 18.46     -0.00250
 18.48     -0.00222
 18.50     -0.00256
 18.52     -0.00194
 18.54     -0.00249
 18.56     -0.00125
 18.58     -0.00228
 18.60     -0.00292
 18.62     -0.00321
 18.64     -0.00306
 18.66     -0.00461
 18.68     -0.00407
 18.70     -0.00596
 18.72     -0.00721
 18.74     -0.00726
 18.76     -0.00858
 18.78     -0.00844
 18.80     -0.00847
 18.82     -0.00820
 18.84     -0.00972
 18.86     -0.00921
 18.88     -0.00987
 18.90     -0.01003
 18.92     -0.00926
 18.94     -0.00865
 18.96     -0.00913
 18.98     -0.00887
 19.00     -0.00784
 19.02     -0.00828
 19.04     -0.00709
 19.06     -0.00695
 19.08     -0.00610
 19.10     -0.00646
 19.12     -0.00572
 19.14     -0.00694
 19.16     -0.00513
 19.18     -0.00450
 19.20     -0.00325
 19.22     -0.00275
 19.24     -0.00052
 19.26     -0.00082
 19.28     -0.00112
 19.30     -0.00054
 19.32      0.00049
 19.34      0.00099
 19.36      0.00060
 19.38      0.00184
 19.40      0.00162
 19.42      0.00117
 19.44     -0.00014
 19.46      0.00046
 19.48      0.00110
 19.50      0.00229
 19.52      0.00367
 19.54      0.00544
 19.56      0.00752
 19.58      0.00911
 19.60      0.00938
 19.62      0.00875
 19.64      0.00986
 19.66      0.00847
 19.68      0.00753
 19.70      0.00825
 19.72      0.00938
 19.74      0.00936
 19.76      0.01017
 19.78      0.00975
 19.80      0.00888
 19.82      0.00755
 19.84      0.00559
 19.86      0.00430
 19.88      0.00448
 19.90      0.00466
 19.92      0.00472
 19.94      0.00551
 19.96      0.00642
 19.98      0.00499
 20.00      0.00461
 20.02      0.00396
 20.04      0.00166
 20.06      0.00171
 20.08      0.00210
 20.10      0.00144
 20.12      0.00033
 20.14      0.00057
 20.16      0.00001
 20.18     -0.00009
 20.20     -0.00055
 20.22      0.00013
 20.24      0.00091
 20.26      0.00132
 20.28      0.00068
 20.30     -0.00020
 20.32     -0.00074
 20.34     -0.00062
 20.36     -0.00155
 20.38     -0.00154
 20.40      0.00013
 20.42     -0.00036
 20.44     -0.00069
 20.46     -0.00157
 20.48     -0.00267
 20.50     -0.00507
 20.52     -0.00490
 20.54     -0.00487
 20.56     -0.00437
 20.58     -0.00405
 20.60     -0.00251
 20.62     -0.00299
 20.64     -0.00380
 20.66     -0.00421
 20.68     -0.00374
 20.70     -0.00467
 20.72     -0.00397
 20.74     -0.00520
 20.76     -0.00492
 20.78     -0.00487
 20.80     -0.00528
 20.82     -0.00515
 20.84     -0.00258
 20.86     -0.00231
 20.88     -0.00184
 20.90     -0.00163
 20.92     -0.00164
 20.94     -0.00368
 20.96     -0.00437
 20.98     -0.00391
 21.00     -0.00364
 21.02     -0.00391
 21.04     -0.00361
 21.06     -0.00261
 21.08     -0.00362
 21.10     -0.00352
 21.12     -0.00340
 21.14     -0.00159
 21.16     -0.00122
 21.18     -0.00096
 21.20     -0.00016
 21.22      0.00063
 21.24      0.00020
 21.26      0.00032
 21.28      0.00101
 21.30      0.00135
 21.32      0.00192
 21.34      0.00260
 21.36      0.00272
 21.38      0.00279
 21.40      0.00244
 21.42      0.00190
 21.44      0.00170
 21.46      0.00178
 21.48      0.00087
 21.50      0.00125
 21.52      0.00121
 21.54      0.00108
 21.56      0.00006
 21.58      0.00042
 21.60     -0.00046
 21.62     -0.00008
 21.64      0.00010
 21.66      0.00039
 21.68     -0.00015
 21.70     -0.00029
 21.72     -0.00012
 21.74      0.00012
 21.76      0.00014
 21.78      0.00009
 21.80      0.00089
 21.82      0.00025
 21.84     -0.00079
 21.86      0.00021
 21.88      0.00202
 21.90      0.00315
 21.92      0.00265
 21.94      0.00444
 21.96      0.00380
 21.98      0.00216
 22.00      0.00235
 22.02      0.00381
 22.04      0.00268
 22.06      0.00390
 22.08      0.00516
 22.10      0.00417
 22.12      0.00386
 22.14      0.00427
 22.16      0.00318
 22.18      0.00243
 22.20      0.00418
 22.22      0.00368
 22.24      0.00347
 22.26      0.00337
 22.28      0.00388
 22.30      0.00214
 22.32      0.00213
 22.34      0.00239
 22.36      0.00223
 22.38      0.00311
 22.40      0.00334
 22.42      0.00314
 22.44      0.00243
 22.46      0.00171
 22.48     -0.00037
 22.50     -0.00147
 22.52     -0.00035
 22.54     -0.00145
 22.56     -0.00044
 22.58     -0.00104
 22.60     -0.00008
 22.62     -0.00213
 22.64     -0.00102
 22.66     -0.00180
 22.68      0.00008
 22.70     -0.00047
 22.72     -0.00025
 22.74      0.00012
 22.76      0.00008
 22.78     -0.00056
 22.80     -0.00032
 22.82      0.00037
 22.84     -0.00113
 22.86     -0.00092
 22.88     -0.00140
 22.90     -0.00121
 22.92     -0.00215
 22.94     -0.00108
 22.96     -0.00079
 22.98     -0.00152
 23.00     -0.00262
 23.02     -0.00203
 23.04     -0.00210
 23.06     -0.00335
 23.08     -0.00320
 23.10     -0.00367
 23.12     -0.00385
 23.14     -0.00492
 23.16     -0.00450
 23.18     -0.00434
 23.20     -0.00350
 23.22     -0.00438
 23.24     -0.00473
 23.26     -0.00603
 23.28     -0.00589
 23.30     -0.00566
 23.32     -0.00487
 23.34     -0.00388
 23.36     -0.00298
 23.38     -0.00395
 23.40     -0.00425
 23.42     -0.00363
 23.44     -0.00280
 23.46     -0.00143
 23.48      0.00042
 23.50      0.00033
 23.52      0.00150
 23.54      0.00134
 23.56      0.00100
 23.58      0.00139
 23.60      0.00269
 23.62      0.00202
 23.64      0.00214
 23.66      0.00319
 23.68      0.00415
 23.70      0.00405
 23.72      0.00399
 23.74      0.00502
 23.76      0.00497
 23.78      0.00454
 23.80      0.00458
 23.82      0.00388
 23.84      0.00390
 23.86      0.00435
 23.88      0.00453
 23.90      0.00451
 23.92      0.00595
 23.94      0.00560
 23.96      0.00463
 23.98      0.00328
 24.00      0.00219
 24.02      0.00124
 24.04      0.00082
 24.06      0.00063
 24.08      0.00049
 24.10      0.00189
 24.12      0.00331
 24.14      0.00312
 24.16      0.00336
 24.18      0.00394
 24.20      0.00289
 24.22      0.00125
 24.24      0.00029
 24.26     -0.00020
 24.28     -0.00033
 24.30      0.00008
 24.32      0.00030
 24.34      0.00115
 24.36      0.00208
 24.38      0.00157
 24.40      0.00044
 24.42      0.00008
 24.44      0.00028
 24.46     -0.00081
 24.48     -0.00043
 24.50      0.00090
 24.52      0.00161
 24.54      0.00031
 24.56      0.00031
 24.58     -0.00034
 24.60     -0.00152
 24.62     -0.00207
 24.64     -0.00170
 24.66     -0.00190
 24.68     -0.00132
 24.70     -0.00068
 24.72     -0.00071
 24.74      0.00008
 24.76      0.00060
 24.78      0.00147
 24.80      0.00114
 24.82      0.00114
 24.84      0.00098
 24.86      0.00076
 24.88     -0.00048
 24.90     -0.00053
 24.92     -0.00118
 24.94     -0.00153
 24.96     -0.00195
 24.98     -0.00100
 25.00     -0.00117
 25.02     -0.00008
 25.04      0.00040
 25.06      0.00134
 25.08      0.00033
 25.10      0.00131
 25.12      0.00084
 25.14      0.00118
 25.16     -0.00018
 25.18      0.00007
 25.20     -0.00065
 25.22     -0.00182
 25.24     -0.00288
 25.26     -0.00250
 25.28     -0.00277
 25.30     -0.00307
 25.32     -0.00258
 25.34     -0.00288
 25.36     -0.00258
 25.38     -0.00225
 25.40     -0.00255
 25.42     -0.00248
 25.44     -0.00179
 25.46     -0.00182
 25.48     -0.00232
 25.50     -0.00176
 25.52     -0.00107
 25.54     -0.00137
 25.56     -0.00110
 25.58     -0.00134
 25.60     -0.00046
 25.62     -0.00004
 25.64      0.00033
 25.66      0.00005
 25.68      0.00100
 25.70      0.00024
 25.72     -0.00131
 25.74     -0.00135
 25.76     -0.00115
 25.78     -0.00127
 25.80     -0.00087
 25.82      0.00016
 25.84      0.00085
 25.86      0.00113
 25.88      0.00078
 25.90      0.00095
 25.92      0.00168
 25.94      0.00082
 25.96      0.00132
 25.98      0.00150
 26.00      0.00116
 26.02      0.00005
 26.04      0.00055
 26.06      0.00055
 26.08      0.00083
 26.10      0.00170
 26.12      0.00223
 26.14      0.00171
 26.16      0.00115
 26.18      0.00070
 26.20     -0.00020
 26.22      0.00003
 26.24     -0.00022
 26.26     -0.00014
 26.28      0.00017
 26.30      0.00025
 26.32     -0.00046
 26.34     -0.00027
 26.36     -0.00083
 26.38     -0.00123
 26.40     -0.00149
 26.42     -0.00134
 26.44     -0.00104
 26.46     -0.00044
 26.48     -0.00033
 26.50     -0.00014
 26.52     -0.00010
 26.54      0.00019
 26.56     -0.00014
 26.58     -0.00022
 26.60     -0.00045
 26.62     -0.00030
 26.64     -0.00075
 26.66     -0.00120
 26.68     -0.00072
 26.70     -0.00065
 26.72     -0.00058
 26.74     -0.00099
 26.76     -0.00055
 26.78     -0.00104
 26.80     -0.00086
 26.82     -0.00117
 26.84     -0.00044
 26.86     -0.00045
 26.88     -0.00028
 26.90     -0.00029
 26.92     -0.00038
 26.94     -0.00123
 26.96     -0.00125
 26.98     -0.00155
 27.00     -0.00182
 27.02     -0.00137
 27.04     -0.00102
 27.06     -0.00096
 27.08     -0.00116
 27.10     -0.00129
 27.12     -0.00171
 27.14     -0.00130
 27.16     -0.00136
 27.18     -0.00112
 27.20     -0.00111
 27.22     -0.00136
 27.24     -0.00164
 27.26     -0.00195
 27.28     -0.00202
 27.30     -0.00197
 27.32     -0.00172
 27.34     -0.00142
 27.36     -0.00152
 27.38     -0.00134
 27.40     -0.00123
 27.42     -0.00170
 27.44     -0.00220
 27.46     -0.00202
 27.48     -0.00198
 27.50     -0.00177
 27.52     -0.00138
 27.54     -0.00142
 27.56     -0.00114
 27.58     -0.00111
 27.60     -0.00126
 27.62     -0.00130
 27.64     -0.00106
 27.66     -0.00096
 27.68     -0.00122
 27.70     -0.00092
 27.72     -0.00089
 27.74     -0.00077
 27.76     -0.00117
 27.78     -0.00083
 27.80     -0.00096
 27.82     -0.00108
 27.84     -0.00117
 27.86     -0.00109
 27.88     -0.00122
 27.90     -0.00135
 27.92     -0.00102
 27.94     -0.00104
 27.96     -0.00107
 27.98     -0.00127
 28.00     -0.00134
 28.02     -0.00126
 28.04     -0.00150
 28.06     -0.00143
 28.08     -0.00118
 28.10     -0.00115
 28.12     -0.00143
 28.14     -0.00118
 28.16     -0.00122
 28.18     -0.00130
 28.20     -0.00144
 28.22     -0.00128
 28.24     -0.00129
 28.26     -0.00126
 28.28     -0.00131
 28.30     -0.00121
 28.32     -0.00123
 28.34     -0.00124
 28.36     -0.00098
 28.38     -0.00089
 28.40     -0.00091
 28.42     -0.00079
 28.44     -0.00087
 28.46     -0.00096
 28.48     -0.00088
 28.50     -0.00083
 28.52     -0.00092
 28.54     -0.00078
 28.56     -0.00090
 28.58     -0.00090
 28.60     -0.00085
 28.62     -0.00081
 28.64     -0.00084
 28.66     -0.00077
 28.68     -0.00080
 28.70     -0.00072
 28.72     -0.00069
 28.74     -0.00069
 28.76     -0.00072
 28.78     -0.00068
 28.80     -0.00079
 28.82     -0.00079
 28.84     -0.00069
 28.86     -0.00066
 28.88     -0.00073
 28.90     -0.00067
 28.92     -0.00064
 28.94     -0.00068
 28.96     -0.00055
 28.98     -0.00053
 29.00     -0.00047
 29.02     -0.00047
 29.04     -0.00038
 29.06     -0.00043
 29.08     -0.00040
 29.10     -0.00045
 29.12     -0.00046
 29.14     -0.00044
 29.16     -0.00042
 29.18     -0.00040
 29.20     -0.00035
 29.22     -0.00033
 29.24     -0.00041
 29.26     -0.00040
 29.28     -0.00038
 29.30     -0.00036
 29.32     -0.00035
 29.34     -0.00033
 29.36     -0.00035
 29.38     -0.00033
 29.40     -0.00035
 29.42     -0.00031
 29.44     -0.00029
 29.46     -0.00028
 29.48     -0.00020
 29.50     -0.00019
 29.52     -0.00021
 29.54     -0.00016
 29.56     -0.00015
 29.58     -0.00021
 29.60     -0.00020
 29.62     -0.00019
 29.64     -0.00021
 29.66     -0.00020
 29.68     -0.00019
 29.70     -0.00015
 29.72     -0.00014
 29.74     -0.00014
 29.76     -0.00013
 29.78     -0.00012
 29.80     -0.00015
 29.82     -0.00014
 29.84     -0.00013
 29.86     -0.00013
 29.88     -0.00009
 29.90     -0.00008
 29.92     -0.00008
 29.94     -0.00007
 29.96     -0.00007
 29.98     -0.00010
 30.00     -0.00009
 30.02     -0.00009
 30.04     -0.00008
 30.06     -0.00008
 30.08     -0.00008
 30.10     -0.00007
 30.12     -0.00007
 30.14     -0.00007
 30.16     -0.00006
 30.18     -0.00006
 30.20     -0.00006
 30.22     -0.00005
 30.24     -0.00005
 30.26     -0.00005
 30.28     -0.00005
 30.30     -0.00004
 30.32     -0.00004
 30.34     -0.00004
 30.36     -0.00004
 30.38     -0.00003
 30.40     -0.00003
 30.42     -0.00003
 30.44     -0.00003
 30.46     -0.00003
 30.48     -0.00003
 30.50     -0.00002
 30.52     -0.00002
 30.54     -0.00002
 30.56     -0.00002
 30.58     -0.00002
 30.60     -0.00002
 30.62     -0.00002
 30.64     -0.00002
 30.66     -0.00002
 30.68     -0.00001
 30.70     -0.00001
 30.72     -0.00001
 30.74     -0.00001
 30.76     -0.00001
 30.78     -0.00001
 30.80     -0.00001
 30.82     -0.00001
 30.84     -0.00001
 30.86     -0.00001
 30.88     -0.00001
 30.90     -0.00001
 30.92     -0.00001
 30.94     -0.00001
 30.96     -0.00001
 30.98     -0.00001
 31.00     -0.00001
