 #r(A)        G(r)
  0.02      0.00000
  0.04      0.00000
  0.06      0.00000
  0.08      0.00000
  0.10      0.00000
  0.12      0.00000
  0.14      0.00000
  0.16      0.00000
  0.18      0.00000
  0.20      0.00000
  0.22      0.00000
  0.24      0.00000
  0.26      0.00000
  0.28      0.00000
  0.30      0.00000
  0.32      0.00000
  0.34      0.00000
  0.36      0.00000
  0.38      0.00000
  0.40      0.00000
  0.42      0.00000
  0.44      0.00000
  0.46      0.00000
  0.48     -0.00000
  0.50     -0.00000
  0.52     -0.00000
  0.54     -0.00001
  0.56     -0.00002
  0.58     -0.00003
  0.60     -0.00006
  0.62     -0.00010
  0.64     -0.00016
  0.66     -0.00023
  0.68     -0.00033
  0.70     -0.00046
  0.72     -0.00061
  0.74     -0.00080
  0.76     -0.00102
  0.78     -0.00128
  0.80     -0.00157
  0.82     -0.00189
  0.84     -0.00225
  0.86     -0.00263
  0.88     -0.00303
  0.90     -0.00345
  0.92     -0.00389
  0.94     -0.00434
  0.96     -0.00480
  0.98     -0.00527
  1.00     -0.00574
  1.02     -0.00622
  1.04     -0.00670
  1.06     -0.00718
  1.08     -0.00767
  1.10     -0.00815
  1.12     -0.00864
  1.14     -0.00913
  1.16     -0.00961
  1.18     -0.01010
  1.20     -0.01059
  1.22     -0.01107
  1.24     -0.01156
  1.26     -0.01205
  1.28     -0.01253
  1.30     -0.01302
  1.32     -0.01351
  1.34     -0.01399
  1.36     -0.01448
  1.38     -0.01497
  1.40     -0.01545
  1.42     -0.01594
  1.44     -0.01643
  1.46     -0.01691
  1.48     -0.01740
  1.50     -0.01789
  1.52     -0.01837
  1.54     -0.01886
  1.56     -0.01935
  1.58     -0.01983
  1.60     -0.02032
  1.62     -0.02081
  1.64     -0.02129
  1.66     -0.02178
  1.68     -0.02227
  1.70     -0.02276
  1.72     -0.02325
  1.74     -0.02374
  1.76     -0.02423
  1.78     -0.02473
  1.80     -0.02523
  1.82     -0.02573
  1.84     -0.02625
  1.86     -0.02677
  1.88     -0.02730
  1.90     -0.02784
  1.92     -0.02840
  1.94     -0.02896
  1.96     -0.02954
  1.98     -0.03012
  2.00     -0.03072
  2.02     -0.03132
  2.04     -0.03193
  2.06     -0.03255
  2.08     -0.03318
  2.10     -0.03380
  2.12     -0.03443
  2.14     -0.03507
  2.16     -0.03570
  2.18     -0.03634
  2.20     -0.03698
  2.22     -0.03762
  2.24     -0.03826
  2.26     -0.03890
  2.28     -0.03954
  2.30     -0.04018
  2.32     -0.04082
  2.34     -0.04146
  2.36     -0.04210
  2.38     -0.04275
  2.40     -0.04339
  2.42     -0.04403
  2.44     -0.04446
  2.46     -0.04467
  2.48     -0.04165
  2.50     -0.03565
  2.52     -0.02651
  2.54     -0.01428
  2.56      0.00350
  2.58      0.02622
  2.60      0.05299
  2.62      0.08253
  2.64      0.11722
  2.66      0.15369
  2.68      0.18621
  2.70      0.21170
  2.72      0.24591
  2.74      0.27118
  2.76      0.27984
  2.78      0.28779
  2.80      0.28881
  2.82      0.26705
  2.84      0.24059
  2.86      0.21144
  2.88      0.17547
  2.90      0.13946
  2.92      0.10509
  2.94      0.07461
  2.96      0.05038
  2.98      0.02588
  3.00      0.00824
  3.02     -0.00657
  3.04     -0.02090
  3.06     -0.03195
  3.08     -0.04002
  3.10     -0.04786
  3.12     -0.05209
  3.14     -0.05557
  3.16     -0.05641
  3.18     -0.05688
  3.20     -0.05736
  3.22     -0.05749
  3.24     -0.05763
  3.26     -0.05811
  3.28     -0.05826
  3.30     -0.05842
  3.32     -0.05875
  3.34     -0.05892
  3.36     -0.05911
  3.38     -0.05930
  3.40     -0.05951
  3.42     -0.05974
  3.44     -0.05997
  3.46     -0.06022
  3.48     -0.06048
  3.50     -0.06075
  3.52     -0.06104
  3.54     -0.06118
  3.56     -0.06149
  3.58     -0.06150
  3.60     -0.06168
  3.62     -0.06142
  3.64     -0.06073
  3.66     -0.05960
  3.68     -0.05791
  3.70     -0.05535
  3.72     -0.05384
  3.74     -0.04687
  3.76     -0.04052
  3.78     -0.03252
  3.80     -0.02144
  3.82     -0.00642
  3.84      0.00329
  3.86      0.01941
  3.88      0.02732
  3.90      0.03665
  3.92      0.04199
  3.94      0.04537
  3.96      0.04124
  3.98      0.03810
  4.00      0.02756
  4.02      0.01723
  4.04      0.00592
  4.06     -0.00835
  4.08     -0.01700
  4.10     -0.02489
  4.12     -0.03338
  4.14     -0.04101
  4.16     -0.04576
  4.18     -0.05194
  4.20     -0.05653
  4.22     -0.06069
  4.24     -0.06430
  4.26     -0.06597
  4.28     -0.06750
  4.30     -0.06854
  4.32     -0.06920
  4.34     -0.06822
  4.36     -0.06703
  4.38     -0.06596
  4.40     -0.06517
  4.42     -0.06267
  4.44     -0.06082
  4.46     -0.05863
  4.48     -0.05403
  4.50     -0.04753
  4.52     -0.04169
  4.54     -0.03039
  4.56     -0.01988
  4.58     -0.00531
  4.60      0.01032
  4.62      0.03116
  4.64      0.04759
  4.66      0.07046
  4.68      0.08836
  4.70      0.10358
  4.72      0.11322
  4.74      0.12415
  4.76      0.13115
  4.78      0.13776
  4.80      0.14343
  4.82      0.14624
  4.84      0.14745
  4.86      0.13775
  4.88      0.13365
  4.90      0.12172
  4.92      0.11144
  4.94      0.09834
  4.96      0.08776
  4.98      0.06349
  5.00      0.04893
  5.02      0.03165
  5.04      0.01156
  5.06     -0.00522
  5.08     -0.01548
  5.10     -0.02712
  5.12     -0.03706
  5.14     -0.04044
  5.16     -0.04197
  5.18     -0.04381
  5.20     -0.04357
  5.22     -0.03904
  5.24     -0.03427
  5.26     -0.02673
  5.28     -0.01674
  5.30     -0.00550
  5.32      0.00484
  5.34      0.01305
  5.36      0.02465
  5.38      0.03215
  5.40      0.03824
  5.42      0.04199
  5.44      0.04564
  5.46      0.04311
  5.48      0.03956
  5.50      0.03432
  5.52      0.03021
  5.54      0.02622
  5.56      0.02148
  5.58      0.01635
  5.60      0.01212
  5.62      0.00268
  5.64     -0.00652
  5.66     -0.01596
  5.68     -0.02106
  5.70     -0.03046
  5.72     -0.03547
  5.74     -0.04121
  5.76     -0.04616
  5.78     -0.05174
  5.80     -0.05492
  5.82     -0.05789
  5.84     -0.06224
  5.86     -0.06648
  5.88     -0.06876
  5.90     -0.07103
  5.92     -0.07302
  5.94     -0.07161
  5.96     -0.06801
  5.98     -0.06418
  6.00     -0.05720
  6.02     -0.05125
  6.04     -0.04437
  6.06     -0.03746
  6.08     -0.02764
  6.10     -0.01933
  6.12     -0.00935
  6.14      0.00235
  6.16      0.01372
  6.18      0.02040
  6.20      0.02934
  6.22      0.03659
  6.24      0.03975
  6.26      0.04315
  6.28      0.04379
  6.30      0.04120
  6.32      0.03804
  6.34      0.03130
  6.36      0.02192
  6.38      0.01392
  6.40      0.00518
  6.42     -0.00469
  6.44     -0.01125
  6.46     -0.01878
  6.48     -0.02441
  6.50     -0.02984
  6.52     -0.03138
  6.54     -0.03150
  6.56     -0.02959
  6.58     -0.02794
  6.60     -0.02406
  6.62     -0.02309
  6.64     -0.02264
  6.66     -0.02137
  6.68     -0.01889
  6.70     -0.01955
  6.72     -0.01556
  6.74     -0.01395
  6.76     -0.01567
  6.78     -0.01902
  6.80     -0.02082
  6.82     -0.02516
  6.84     -0.02908
  6.86     -0.03122
  6.88     -0.03209
  6.90     -0.03576
  6.92     -0.03683
  6.94     -0.03485
  6.96     -0.03358
  6.98     -0.03087
  7.00     -0.02331
  7.02     -0.01692
  7.04     -0.00950
  7.06      0.00123
  7.08      0.01598
  7.10      0.02811
  7.12      0.04173
  7.14      0.05261
  7.16      0.06794
  7.18      0.07860
  7.20      0.09016
  7.22      0.09548
  7.24      0.10035
  7.26      0.09824
  7.28      0.09665
  7.30      0.09225
  7.32      0.09036
  7.34      0.08806
  7.36      0.08372
  7.38      0.07746
  7.40      0.06970
  7.42      0.06368
  7.44      0.05593
  7.46      0.05043
  7.48      0.03971
  7.50      0.03431
  7.52      0.02600
  7.54      0.01812
  7.56      0.01150
  7.58      0.00869
  7.60      0.00316
  7.62      0.00009
  7.64     -0.00309
  7.66     -0.00805
  7.68     -0.01085
  7.70     -0.01640
  7.72     -0.02110
  7.74     -0.02464
  7.76     -0.02914
  7.78     -0.03513
  7.80     -0.03741
  7.82     -0.04230
  7.84     -0.04751
  7.86     -0.05047
  7.88     -0.05073
  7.90     -0.05168
  7.92     -0.05117
  7.94     -0.04660
  7.96     -0.04170
  7.98     -0.03773
  8.00     -0.03096
  8.02     -0.02259
  8.04     -0.01841
  8.06     -0.01290
  8.08     -0.01166
  8.10     -0.00904
  8.12     -0.00866
  8.14     -0.00646
  8.16     -0.00403
  8.18      0.00031
  8.20      0.00339
  8.22      0.00641
  8.24      0.00590
  8.26      0.00333
  8.28      0.00249
  8.30      0.00032
  8.32     -0.00251
  8.34     -0.00352
  8.36     -0.00505
  8.38     -0.00594
  8.40     -0.00832
  8.42     -0.00991
  8.44     -0.00927
  8.46     -0.00915
  8.48     -0.00627
  8.50     -0.00563
  8.52     -0.00384
  8.54     -0.00166
  8.56     -0.00158
  8.58     -0.00465
  8.60     -0.00780
  8.62     -0.01089
  8.64     -0.01790
  8.66     -0.02096
  8.68     -0.02446
  8.70     -0.02491
  8.72     -0.02869
  8.74     -0.02987
  8.76     -0.03169
  8.78     -0.03296
  8.80     -0.03572
  8.82     -0.03418
  8.84     -0.03204
  8.86     -0.02849
  8.88     -0.02521
  8.90     -0.01836
  8.92     -0.01155
  8.94     -0.00464
  8.96      0.00419
  8.98      0.00935
  9.00      0.01273
  9.02      0.01343
  9.04      0.01201
  9.06      0.00905
  9.08      0.00842
  9.10      0.00904
  9.12      0.01225
  9.14      0.01410
  9.16      0.01782
  9.18      0.02434
  9.20      0.02768
  9.22      0.03111
  9.24      0.03888
  9.26      0.03992
  9.28      0.03718
  9.30      0.03599
  9.32      0.03320
  9.34      0.03016
  9.36      0.02804
  9.38      0.02418
  9.40      0.02167
  9.42      0.01411
  9.44      0.00534
  9.46      0.00007
  9.48     -0.00235
  9.50     -0.00903
  9.52     -0.01078
  9.54     -0.01121
  9.56     -0.01344
  9.58     -0.01635
  9.60     -0.01114
  9.62     -0.00334
  9.64      0.00617
  9.66      0.01669
  9.68      0.02720
  9.70      0.03381
  9.72      0.03910
  9.74      0.04193
  9.76      0.04224
  9.78      0.04112
  9.80      0.03799
  9.82      0.03397
  9.84      0.02763
  9.86      0.02399
  9.88      0.01927
  9.90      0.01569
  9.92      0.01124
  9.94      0.00884
  9.96      0.00618
  9.98      0.01084
 10.00      0.01429
 10.02      0.01916
 10.04      0.02277
 10.06      0.02611
 10.08      0.02540
 10.10      0.02282
 10.12      0.01965
 10.14      0.01311
 10.16      0.00513
 10.18     -0.00122
 10.20     -0.00709
 10.22     -0.01633
 10.24     -0.02167
 10.26     -0.02736
 10.28     -0.03417
 10.30     -0.03884
 10.32     -0.04274
 10.34     -0.04536
 10.36     -0.04730
 10.38     -0.04850
 10.40     -0.04933
 10.42     -0.04613
 10.44     -0.04404
 10.46     -0.03986
 10.48     -0.03800
 10.50     -0.03537
 10.52     -0.03370
 10.54     -0.03255
 10.56     -0.03081
 10.58     -0.02388
 10.60     -0.01941
 10.62     -0.01387
 10.64     -0.00829
 10.66     -0.00129
 10.68      0.00300
 10.70      0.00715
 10.72      0.01153
 10.74      0.01577
 10.76      0.01632
 10.78      0.01560
 10.80      0.01632
 10.82      0.01202
 10.84      0.00921
 10.86      0.00650
 10.88      0.00120
 10.90     -0.00082
 10.92     -0.00322
 10.94     -0.00502
 10.96     -0.00721
 10.98     -0.00425
 11.00     -0.00385
 11.02     -0.00080
 11.04      0.00179
 11.06      0.00423
 11.08      0.00290
 11.10      0.00231
 11.12      0.00035
 11.14     -0.00421
 11.16     -0.00749
 11.18     -0.00967
 11.20     -0.01338
 11.22     -0.01541
 11.24     -0.01490
 11.26     -0.01537
 11.28     -0.01506
 11.30     -0.01234
 11.32     -0.00982
 11.34     -0.00708
 11.36     -0.00541
 11.38     -0.00158
 11.40     -0.00031
 11.42      0.00147
 11.44      0.00334
 11.46      0.00555
 11.48      0.00393
 11.50      0.00432
 11.52      0.00413
 11.54      0.00223
 11.56      0.00338
 11.58      0.00670
 11.60      0.00850
 11.62      0.01270
 11.64      0.01719
 11.66      0.02292
 11.68      0.02989
 11.70      0.03565
 11.72      0.04031
 11.74      0.04454
 11.76      0.04494
 11.78      0.04208
 11.80      0.03919
 11.82      0.03630
 11.84      0.03526
 11.86      0.03212
 11.88      0.03037
 11.90      0.02892
 11.92      0.02443
 11.94      0.01940
 11.96      0.01691
 11.98      0.01393
 12.00      0.01036
 12.02      0.00901
 12.04      0.00465
 12.06      0.00004
 12.08     -0.00484
 12.10     -0.01011
 12.12     -0.01266
 12.14     -0.01398
 12.16     -0.01287
 12.18     -0.01153
 12.20     -0.01067
 12.22     -0.00930
 12.24     -0.00685
 12.26     -0.00526
 12.28     -0.00350
 12.30      0.00037
 12.32      0.00435
 12.34      0.00412
 12.36      0.00494
 12.38      0.00542
 12.40      0.00559
 12.42      0.00024
 12.44     -0.00212
 12.46     -0.00875
 12.48     -0.01536
 12.50     -0.01994
 12.52     -0.02284
 12.54     -0.02581
 12.56     -0.02741
 12.58     -0.02645
 12.60     -0.02919
 12.62     -0.03105
 12.64     -0.03139
 12.66     -0.02711
 12.68     -0.02596
 12.70     -0.02161
 12.72     -0.01668
 12.74     -0.01033
 12.76     -0.00497
 12.78      0.00064
 12.80      0.00666
 12.82      0.01152
 12.84      0.01347
 12.86      0.01144
 12.88      0.00981
 12.90      0.00666
 12.92      0.00266
 12.94     -0.00022
 12.96     -0.00051
 12.98     -0.00197
 13.00     -0.00326
 13.02     -0.00340
 13.04     -0.00614
 13.06     -0.00863
 13.08     -0.01032
 13.10     -0.01091
 13.12     -0.01135
 13.14     -0.00976
 13.16     -0.00960
 13.18     -0.00824
 13.20     -0.00899
 13.22     -0.00880
 13.24     -0.00781
 13.26     -0.00724
 13.28     -0.00507
 13.30     -0.00183
 13.32     -0.00028
 13.34      0.00090
 13.36      0.00245
 13.38      0.00043
 13.40     -0.00269
 13.42     -0.00352
 13.44     -0.00451
 13.46     -0.00476
 13.48     -0.00334
 13.50     -0.00127
 13.52      0.00042
 13.54      0.00449
 13.56      0.00759
 13.58      0.00971
 13.60      0.01369
 13.62      0.01440
 13.64      0.01342
 13.66      0.01264
 13.68      0.01238
 13.70      0.01144
 13.72      0.01218
 13.74      0.01225
 13.76      0.01577
 13.78      0.01718
 13.80      0.01783
 13.82      0.02054
 13.84      0.02290
 13.86      0.02230
 13.88      0.02264
 13.90      0.02384
 13.92      0.02130
 13.94      0.02045
 13.96      0.01957
 13.98      0.01529
 14.00      0.01027
 14.02      0.00730
 14.04      0.00285
 14.06     -0.00448
 14.08     -0.00827
 14.10     -0.01051
 14.12     -0.01372
 14.14     -0.01688
 14.16     -0.01737
 14.18     -0.01561
 14.20     -0.01433
 14.22     -0.01186
 14.24     -0.00763
 14.26     -0.00349
 14.28     -0.00169
 14.30      0.00293
 14.32      0.00719
 14.34      0.01128
 14.36      0.01583
 14.38      0.01981
 14.40      0.02091
 14.42      0.02084
 14.44      0.02043
 14.46      0.01725
 14.48      0.01433
 14.50      0.01189
 14.52      0.01012
 14.54      0.00526
 14.56      0.00524
 14.58      0.00415
 14.60      0.00204
 14.62     -0.00010
 14.64     -0.00034
 14.66     -0.00258
 14.68     -0.00438
 14.70     -0.00658
 14.72     -0.00781
 14.74     -0.01127
 14.76     -0.01349
 14.78     -0.01400
 14.80     -0.01661
 14.82     -0.01993
 14.84     -0.01976
 14.86     -0.02244
 14.88     -0.02461
 14.90     -0.02328
 14.92     -0.02213
 14.94     -0.01979
 14.96     -0.01756
 14.98     -0.01435
 15.00     -0.01214
 15.02     -0.00901
 15.04     -0.00951
 15.06     -0.00945
 15.08     -0.00972
 15.10     -0.01014
 15.12     -0.01060
 15.14     -0.00986
 15.16     -0.00615
 15.18     -0.00342
 15.20     -0.00319
 15.22     -0.00227
 15.24      0.00027
 15.26      0.00092
 15.28      0.00144
 15.30      0.00400
 15.32      0.00438
 15.34      0.00554
 15.36      0.00338
 15.38      0.00123
 15.40     -0.00135
 15.42     -0.00186
 15.44     -0.00409
 15.46     -0.00332
 15.48     -0.00294
 15.50     -0.00108
 15.52     -0.00145
 15.54     -0.00139
 15.56      0.00045
 15.58      0.00209
 15.60      0.00291
 15.62      0.00510
 15.64      0.00704
 15.66      0.00740
 15.68      0.00640
 15.70      0.00547
 15.72      0.00565
 15.74      0.00236
 15.76      0.00049
 15.78     -0.00039
 15.80     -0.00200
 15.82     -0.00307
 15.84     -0.00215
 15.86     -0.00258
 15.88     -0.00201
 15.90      0.00052
 15.92      0.00031
 15.94      0.00114
 15.96      0.00286
 15.98      0.00571
 16.00      0.00693
 16.02      0.00933
 16.04      0.01516
 16.06      0.01720
 16.08      0.01951
 16.10      0.02410
 16.12      0.02897
 16.14      0.02852
 16.16      0.02932
 16.18      0.03201
 16.20      0.02919
 16.22      0.02675
 16.24      0.02440
 16.26      0.02320
 16.28      0.01773
 16.30      0.01544
 16.32      0.01128
 16.34      0.01045
 16.36      0.00898
 16.38      0.00622
 16.40      0.00330
 16.42      0.00155
 16.44     -0.00207
 16.46     -0.00729
 16.48     -0.00980
 16.50     -0.01210
 16.52     -0.01345
 16.54     -0.01537
 16.56     -0.01447
 16.58     -0.01429
 16.60     -0.01172
 16.62     -0.01169
 16.64     -0.01044
 16.66     -0.01032
 16.68     -0.00839
 16.70     -0.00903
 16.72     -0.00999
 16.74     -0.01079
 16.76     -0.01106
 16.78     -0.01173
 16.80     -0.01057
 16.82     -0.00823
 16.84     -0.00668
 16.86     -0.00477
 16.88     -0.00358
 16.90     -0.00476
 16.92     -0.00655
 16.94     -0.00782
 16.96     -0.01031
 16.98     -0.01241
 17.00     -0.01447
 17.02     -0.01463
 17.04     -0.01495
 17.06     -0.01559
 17.08     -0.01594
 17.10     -0.01382
 17.12     -0.01350
 17.14     -0.01174
 17.16     -0.00813
 17.18     -0.00679
 17.20     -0.00663
 17.22     -0.00405
 17.24     -0.00412
 17.26     -0.00425
 17.28     -0.00298
 17.30      0.00026
 17.32      0.00140
 17.34      0.00342
 17.36      0.00674
 17.38      0.01013
 17.40      0.01000
 17.42      0.01168
 17.44      0.01355
 17.46      0.01384
 17.48      0.01348
 17.50      0.01229
 17.52      0.00978
 17.54      0.00906
 17.56      0.00592
 17.58      0.00346
 17.60      0.00301
 17.62      0.00217
 17.64      0.00050
 17.66     -0.00028
 17.68     -0.00038
 17.70     -0.00063
 17.72     -0.00030
 17.74     -0.00145
 17.76      0.00018
 17.78      0.00041
 17.80      0.00108
 17.82      0.00125
 17.84      0.00333
 17.86      0.00288
 17.88      0.00191
 17.90      0.00232
 17.92      0.00313
 17.94      0.00237
 17.96      0.00189
 17.98      0.00239
 18.00     -0.00007
 18.02     -0.00128
 18.04     -0.00264
 18.06     -0.00407
 18.08     -0.00673
 18.10     -0.00693
 18.12     -0.00809
 18.14     -0.00867
 18.16     -0.00713
 18.18     -0.00397
 18.20     -0.00064
 18.22      0.00259
 18.24      0.00444
 18.26      0.00792
 18.28      0.00990
 18.30      0.01031
 18.32      0.01057
 18.34      0.01350
 18.36      0.01310
 18.38      0.01522
 18.40      0.01572
 18.42      0.01778
 18.44      0.01674
 18.46      0.01662
 18.48      0.01583
 18.50      0.01771
 18.52      0.01644
 18.54      0.01644
 18.56      0.01652
 18.58      0.01502
 18.60      0.01107
 18.62      0.00773
 18.64      0.00440
 18.66     -0.00007
 18.68     -0.00351
 18.70     -0.00582
 18.72     -0.00660
 18.74     -0.00744
 18.76     -0.00793
 18.78     -0.00663
 18.80     -0.00539
 18.82     -0.00463
 18.84     -0.00179
 18.86     -0.00029
 18.88      0.00030
 18.90      0.00080
 18.92     -0.00066
 18.94     -0.00201
 18.96     -0.00272
 18.98     -0.00386
 19.00     -0.00300
 19.02     -0.00154
 19.04     -0.00166
 19.06     -0.00227
 19.08     -0.00350
 19.10     -0.00815
 19.12     -0.00973
 19.14     -0.01236
 19.16     -0.01504
 19.18     -0.01697
 19.20     -0.01681
 19.22     -0.01848
 19.24     -0.01961
 19.26     -0.01971
 19.28     -0.01879
 19.30     -0.01935
 19.32     -0.02025
 19.34     -0.02038
 19.36     -0.02043
 19.38     -0.02004
 19.40     -0.01885
 19.42     -0.01682
 19.44     -0.01469
 19.46     -0.01239
 19.48     -0.01111
 19.50     -0.01051
 19.52     -0.01017
 19.54     -0.00897
 19.56     -0.00749
 19.58     -0.00781
 19.60     -0.00591
 19.62     -0.00285
 19.64     -0.00105
 19.66     -0.00002
 19.68      0.00328
 19.70      0.00496
 19.72      0.00677
 19.74      0.00796
 19.76      0.01121
 19.78      0.01202
 19.80      0.01532
 19.82      0.01649
 19.84      0.01995
 19.86      0.02142
 19.88      0.02293
 19.90      0.02479
 19.92      0.02588
 19.94      0.02444
 19.96      0.02255
 19.98      0.02199
 20.00      0.01835
 20.02      0.01595
 20.04      0.01280
 20.06      0.01004
 20.08      0.00693
 20.10      0.00312
 20.12      0.00008
 20.14     -0.00102
 20.16     -0.00193
 20.18     -0.00248
 20.20     -0.00099
 20.22     -0.00042
 20.24      0.00003
 20.26      0.00035
 20.28      0.00121
 20.30      0.00061
 20.32      0.00069
 20.34      0.00027
 20.36      0.00112
 20.38      0.00098
 20.40      0.00204
 20.42      0.00200
 20.44      0.00274
 20.46      0.00393
 20.48      0.00557
 20.50      0.00579
 20.52      0.00767
 20.54      0.00824
 20.56      0.00715
 20.58      0.00539
 20.60      0.00433
 20.62      0.00269
 20.64      0.00182
 20.66      0.00098
 20.68      0.00080
 20.70      0.00139
 20.72      0.00108
 20.74      0.00220
 20.76      0.00171
 20.78      0.00154
 20.80      0.00174
 20.82      0.00110
 20.84     -0.00150
 20.86     -0.00140
 20.88     -0.00315
 20.90     -0.00489
 20.92     -0.00525
 20.94     -0.00406
 20.96     -0.00478
 20.98     -0.00226
 21.00     -0.00172
 21.02     -0.00182
 21.04     -0.00222
 21.06     -0.00286
 21.08     -0.00423
 21.10     -0.00474
 21.12     -0.00538
 21.14     -0.00604
 21.16     -0.00643
 21.18     -0.00885
 21.20     -0.01022
 21.22     -0.01064
 21.24     -0.01276
 21.26     -0.01318
 21.28     -0.01325
 21.30     -0.01348
 21.32     -0.01528
 21.34     -0.01523
 21.36     -0.01620
 21.38     -0.01559
 21.40     -0.01505
 21.42     -0.01333
 21.44     -0.01134
 21.46     -0.00919
 21.48     -0.00766
 21.50     -0.00598
 21.52     -0.00369
 21.54     -0.00133
 21.56      0.00055
 21.58      0.00141
 21.60      0.00316
 21.62      0.00465
 21.64      0.00500
 21.66      0.00586
 21.68      0.00759
 21.70      0.00686
 21.72      0.00504
 21.74      0.00497
 21.76      0.00269
 21.78      0.00026
 21.80     -0.00116
 21.82     -0.00082
 21.84     -0.00247
 21.86     -0.00137
 21.88     -0.00098
 21.90     -0.00039
 21.92      0.00012
 21.94      0.00080
 21.96      0.00108
 21.98      0.00203
 22.00      0.00373
 22.02      0.00514
 22.04      0.00656
 22.06      0.00718
 22.08      0.00812
 22.10      0.00823
 22.12      0.00825
 22.14      0.00696
 22.16      0.00708
 22.18      0.00658
 22.20      0.00586
 22.22      0.00329
 22.24      0.00391
 22.26      0.00249
 22.28      0.00249
 22.30      0.00254
 22.32      0.00414
 22.34      0.00377
 22.36      0.00471
 22.38      0.00402
 22.40      0.00268
 22.42      0.00231
 22.44      0.00226
 22.46      0.00182
 22.48      0.00173
 22.50      0.00251
 22.52      0.00207
 22.54      0.00117
 22.56      0.00112
 22.58      0.00083
 22.60     -0.00012
 22.62     -0.00060
 22.64      0.00034
 22.66      0.00135
 22.68      0.00229
 22.70      0.00402
 22.72      0.00451
 22.74      0.00436
 22.76      0.00488
 22.78      0.00606
 22.80      0.00757
 22.82      0.00848
 22.84      0.01096
 22.86      0.01046
 22.88      0.01046
 22.90      0.00943
 22.92      0.00928
 22.94      0.00587
 22.96      0.00500
 22.98      0.00340
 23.00      0.00168
 23.02     -0.00040
 23.04     -0.00179
 23.06     -0.00331
 23.08     -0.00583
 23.10     -0.00755
 23.12     -0.00816
 23.14     -0.00867
 23.16     -0.00869
 23.18     -0.00702
 23.20     -0.00598
 23.22     -0.00502
 23.24     -0.00386
 23.26     -0.00342
 23.28     -0.00413
 23.30     -0.00449
 23.32     -0.00453
 23.34     -0.00450
 23.36     -0.00527
 23.38     -0.00531
 23.40     -0.00534
 23.42     -0.00606
 23.44     -0.00598
 23.46     -0.00622
 23.48     -0.00701
 23.50     -0.00604
 23.52     -0.00512
 23.54     -0.00430
 23.56     -0.00380
 23.58     -0.00351
 23.60     -0.00457
 23.62     -0.00594
 23.64     -0.00760
 23.66     -0.00811
 23.68     -0.00827
 23.70     -0.00926
 23.72     -0.01004
 23.74     -0.00963
 23.76     -0.00970
 23.78     -0.00963
 23.80     -0.00899
 23.82     -0.00793
 23.84     -0.00891
 23.86     -0.00878
 23.88     -0.00833
 23.90     -0.00777
 23.92     -0.00648
 23.94     -0.00431
 23.96     -0.00257
 23.98     -0.00123
 24.00      0.00078
 24.02      0.00167
 24.04      0.00222
 24.06      0.00297
 24.08      0.00352
 24.10      0.00332
 24.12      0.00391
 24.14      0.00536
 24.16      0.00618
 24.18      0.00706
 24.20      0.00738
 24.22      0.00718
 24.24      0.00706
 24.26      0.00810
 24.28      0.00883
 24.30      0.01017
 24.32      0.01101
 24.34      0.01178
 24.36      0.01127
 24.38      0.01056
 24.40      0.01010
 24.42      0.01012
 24.44      0.00890
 24.46      0.00746
 24.48      0.00750
 24.50      0.00634
 24.52      0.00549
 24.54      0.00531
 24.56      0.00491
 24.58      0.00413
 24.60      0.00411
 24.62      0.00414
 24.64      0.00374
 24.66      0.00423
 24.68      0.00366
 24.70      0.00302
 24.72      0.00181
 24.74      0.00071
 24.76     -0.00097
 24.78     -0.00176
 24.80     -0.00250
 24.82     -0.00287
 24.84     -0.00370
 24.86     -0.00369
 24.88     -0.00343
 24.90     -0.00336
 24.92     -0.00314
 24.94     -0.00270
 24.96     -0.00163
 24.98     -0.00139
 25.00     -0.00149
 25.02     -0.00235
 25.04     -0.00262
 25.06     -0.00383
 25.08     -0.00531
 25.10     -0.00556
 25.12     -0.00544
 25.14     -0.00534
 25.16     -0.00502
 25.18     -0.00374
 25.20     -0.00332
 25.22     -0.00265
 25.24     -0.00177
 25.26     -0.00108
 25.28     -0.00042
 25.30      0.00106
 25.32      0.00255
 25.34      0.00310
 25.36      0.00398
 25.38      0.00477
 25.40      0.00388
 25.42      0.00299
 25.44      0.00337
 25.46      0.00272
 25.48      0.00213
 25.50      0.00161
 25.52      0.00108
 25.54      0.00007
 25.56     -0.00068
 25.58     -0.00207
 25.60     -0.00204
 25.62     -0.00208
 25.64     -0.00308
 25.66     -0.00395
 25.68     -0.00469
 25.70     -0.00521
 25.72     -0.00612
 25.74     -0.00639
 25.76     -0.00638
 25.78     -0.00569
 25.80     -0.00628
 25.82     -0.00590
 25.84     -0.00498
 25.86     -0.00389
 25.88     -0.00270
 25.90     -0.00161
 25.92     -0.00088
 25.94     -0.00088
 25.96     -0.00055
 25.98     -0.00131
 26.00     -0.00117
 26.02     -0.00165
 26.04     -0.00179
 26.06     -0.00244
 26.08     -0.00239
 26.10     -0.00283
 26.12     -0.00272
 26.14     -0.00274
 26.16     -0.00274
 26.18     -0.00230
 26.20     -0.00236
 26.22     -0.00213
 26.24     -0.00192
 26.26     -0.00143
 26.28     -0.00212
 26.30     -0.00175
 26.32     -0.00161
 26.34     -0.00087
 26.36     -0.00099
 26.38      0.00006
 26.40      0.00065
 26.42      0.00143
 26.44      0.00257
 26.46      0.00343
 26.48      0.00442
 26.50      0.00525
 26.52      0.00643
 26.54      0.00612
 26.56      0.00643
 26.58      0.00606
 26.60      0.00592
 26.62      0.00464
 26.64      0.00388
 26.66      0.00306
 26.68      0.00255
 26.70      0.00208
 26.72      0.00166
 26.74      0.00115
 26.76      0.00058
 26.78     -0.00018
 26.80     -0.00034
 26.82     -0.00015
 26.84     -0.00000
 26.86      0.00076
 26.88      0.00162
 26.90      0.00175
 26.92      0.00220
 26.94      0.00306
 26.96      0.00290
 26.98      0.00280
 27.00      0.00289
 27.02      0.00265
 27.04      0.00172
 27.06      0.00180
 27.08      0.00096
 27.10     -0.00005
 27.12     -0.00083
 27.14     -0.00128
 27.16     -0.00263
 27.18     -0.00322
 27.20     -0.00340
 27.22     -0.00367
 27.24     -0.00409
 27.26     -0.00353
 27.28     -0.00302
 27.30     -0.00181
 27.32     -0.00144
 27.34     -0.00052
 27.36     -0.00003
 27.38      0.00049
 27.40      0.00067
 27.42      0.00115
 27.44      0.00127
 27.46      0.00067
 27.48      0.00005
 27.50     -0.00111
 27.52     -0.00183
 27.54     -0.00286
 27.56     -0.00275
 27.58     -0.00279
 27.60     -0.00303
 27.62     -0.00321
 27.64     -0.00306
 27.66     -0.00326
 27.68     -0.00327
 27.70     -0.00308
 27.72     -0.00281
 27.74     -0.00260
 27.76     -0.00197
 27.78     -0.00174
 27.80     -0.00145
 27.82     -0.00142
 27.84     -0.00113
 27.86     -0.00126
 27.88     -0.00119
 27.90     -0.00082
 27.92     -0.00004
 27.94      0.00008
 27.96      0.00021
 27.98      0.00060
 28.00      0.00076
 28.02      0.00050
 28.04      0.00045
 28.06      0.00012
 28.08     -0.00028
 28.10     -0.00087
 28.12     -0.00135
 28.14     -0.00162
 28.16     -0.00145
 28.18     -0.00166
 28.20     -0.00159
 28.22     -0.00154
 28.24     -0.00177
 28.26     -0.00193
 28.28     -0.00200
 28.30     -0.00241
 28.32     -0.00271
 28.34     -0.00268
 28.36     -0.00285
 28.38     -0.00275
 28.40     -0.00246
 28.42     -0.00194
 28.44     -0.00142
 28.46     -0.00136
 28.48     -0.00061
 28.50     -0.00011
 28.52      0.00011
 28.54      0.00026
 28.56      0.00131
 28.58      0.00108
 28.60      0.00122
 28.62      0.00146
 28.64      0.00149
 28.66      0.00086
 28.68      0.00070
 28.70      0.00059
 28.72      0.00058
 28.74      0.00060
 28.76      0.00080
 28.78      0.00111
 28.80      0.00149
 28.82      0.00147
 28.84      0.00165
 28.86      0.00171
 28.88      0.00192
 28.90      0.00181
 28.92      0.00168
 28.94      0.00164
 28.96      0.00174
 28.98      0.00119
 29.00      0.00064
 29.02      0.00021
 29.04      0.00015
 29.06      0.00008
 29.08      0.00015
 29.10      0.00024
 29.12      0.00034
 29.14      0.00007
 29.16     -0.00031
 29.18     -0.00041
 29.20     -0.00062
 29.22     -0.00074
 29.24     -0.00093
 29.26     -0.00097
 29.28     -0.00103
 29.30     -0.00104
 29.32     -0.00089
 29.34     -0.00090
 29.36     -0.00074
 29.38     -0.00065
 29.40     -0.00056
 29.42     -0.00052
 29.44     -0.00047
 29.46     -0.00061
 29.48     -0.00081
 29.50     -0.00093
 29.52     -0.00113
 29.54     -0.00127
 29.56     -0.00141
 29.58     -0.00139
 29.60     -0.00144
 29.62     -0.00153
 29.64     -0.00154
 29.66     -0.00152
 29.68     -0.00155
 29.70     -0.00155
 29.72     -0.00151
 29.74     -0.00147
 29.76     -0.00143
 29.78     -0.00140
 29.80     -0.00136
 29.82     -0.00132
 29.84     -0.00129
 29.86     -0.00125
 29.88     -0.00122
 29.90     -0.00118
 29.92     -0.00115
 29.94     -0.00112
 29.96     -0.00109
 29.98     -0.00106
 30.00     -0.00103
 30.02     -0.00100
 30.04     -0.00097
 30.06     -0.00094
 30.08     -0.00091
 30.10     -0.00089
 30.12     -0.00086
 30.14     -0.00084
 30.16     -0.00081
 30.18     -0.00079
 30.20     -0.00076
 30.22     -0.00074
 30.24     -0.00072
 30.26     -0.00070
 30.28     -0.00067
 30.30     -0.00065
 30.32     -0.00063
 30.34     -0.00061
 30.36     -0.00057
 30.38     -0.00055
 30.40     -0.00048
 30.42     -0.00042
 30.44     -0.00040
 30.46     -0.00033
 30.48     -0.00022
 30.50     -0.00020
 30.52     -0.00011
 30.54      0.00005
 30.56      0.00005
 30.58      0.00005
 30.60      0.00010
 30.62      0.00015
 30.64      0.00009
 30.66      0.00014
 30.68      0.00016
 30.70      0.00014
 30.72      0.00011
 30.74      0.00006
 30.76      0.00005
 30.78      0.00008
 30.80      0.00008
 30.82      0.00002
 30.84      0.00004
 30.86      0.00000
 30.88     -0.00008
 30.90     -0.00010
 30.92     -0.00013
 30.94     -0.00012
 30.96     -0.00013
 30.98     -0.00012
 31.00     -0.00012
 31.02     -0.00011
 31.04     -0.00012
 31.06     -0.00012
 31.08     -0.00011
 31.10     -0.00010
 31.12     -0.00010
 31.14     -0.00010
 31.16     -0.00009
 31.18     -0.00009
 31.20     -0.00008
 31.22     -0.00008
 31.24     -0.00008
 31.26     -0.00007
 31.28     -0.00007
 31.30     -0.00007
 31.32     -0.00006
 31.34     -0.00006
 31.36     -0.00006
 31.38     -0.00006
 31.40     -0.00006
 31.42     -0.00005
 31.44     -0.00005
 31.46     -0.00005
 31.48     -0.00005
 31.50     -0.00005
 31.52     -0.00005
 31.54     -0.00005
 31.56     -0.00004
 31.58     -0.00004
 31.60     -0.00004
 31.62     -0.00004
 31.64     -0.00004
 31.66     -0.00004
 31.68     -0.00004
 31.70     -0.00004
 31.72     -0.00004
 31.74     -0.00004
 31.76     -0.00004
 31.78     -0.00004
 31.80     -0.00003
 31.82     -0.00003
 31.84     -0.00003
 31.86     -0.00003
 31.88     -0.00003
 31.90     -0.00003
 31.92     -0.00003
 31.94     -0.00003
 31.96     -0.00003
 31.98     -0.00003
 32.00     -0.00003
