 #r(A)        G(r)
  0.02      0.00000
  0.04      0.00000
  0.06      0.00000
  0.08     -0.00000
  0.10     -0.00000
  0.12     -0.00000
  0.14     -0.00000
  0.16     -0.00000
  0.18     -0.00000
  0.20     -0.00000
  0.22     -0.00001
  0.24     -0.00001
  0.26     -0.00001
  0.28     -0.00002
  0.30     -0.00003
  0.32     -0.00004
  0.34     -0.00006
  0.36     -0.00007
  0.38     -0.00009
  0.40     -0.00011
  0.42     -0.00014
  0.44     -0.00017
  0.46     -0.00020
  0.48     -0.00023
  0.50     -0.00027
  0.52     -0.00031
  0.54     -0.00036
  0.56     -0.00040
  0.58     -0.00046
  0.60     -0.00052
  0.62     -0.00060
  0.64     -0.00069
  0.66     -0.00082
  0.68     -0.00099
  0.70     -0.00121
  0.72     -0.00148
  0.74     -0.00182
  0.76     -0.00222
  0.78     -0.00265
  0.80     -0.00313
  0.82     -0.00363
  0.84     -0.00416
  0.86     -0.00469
  0.88     -0.00524
  0.90     -0.00579
  0.92     -0.00634
  0.94     -0.00689
  0.96     -0.00744
  0.98     -0.00799
  1.00     -0.00855
  1.02     -0.00910
  1.04     -0.00966
  1.06     -0.01021
  1.08     -0.01077
  1.10     -0.01133
  1.12     -0.01188
  1.14     -0.01244
  1.16     -0.01299
  1.18     -0.01355
  1.20     -0.01411
  1.22     -0.01467
  1.24     -0.01522
  1.26     -0.01578
  1.28     -0.01634
  1.30     -0.01690
  1.32     -0.01746
  1.34     -0.01802
  1.36     -0.01858
  1.38     -0.01914
  1.40     -0.01970
  1.42     -0.02026
  1.44     -0.02082
  1.46     -0.02139
  1.48     -0.02195
  1.50     -0.02252
  1.52     -0.02308
  1.54     -0.02365
  1.56     -0.02422
  1.58     -0.02479
  1.60     -0.02536
  1.62     -0.02593
  1.64     -0.02650
  1.66     -0.02708
  1.68     -0.02766
  1.70     -0.02824
  1.72     -0.02883
  1.74     -0.02942
  1.76     -0.03002
  1.78     -0.03063
  1.80     -0.03125
  1.82     -0.03187
  1.84     -0.03252
  1.86     -0.03317
  1.88     -0.03383
  1.90     -0.03451
  1.92     -0.03520
  1.94     -0.03590
  1.96     -0.03662
  1.98     -0.03734
  2.00     -0.03807
  2.02     -0.03880
  2.04     -0.03948
  2.06     -0.04016
  2.08     -0.04091
  2.10     -0.04134
  2.12     -0.04111
  2.14     -0.04125
  2.16     -0.04115
  2.18     -0.04039
  2.20     -0.03885
  2.22     -0.03769
  2.24     -0.03526
  2.26     -0.03239
  2.28     -0.02974
  2.30     -0.02732
  2.32     -0.02562
  2.34     -0.02494
  2.36     -0.02475
  2.38     -0.02393
  2.40     -0.02482
  2.42     -0.02446
  2.44     -0.02436
  2.46     -0.02404
  2.48     -0.02512
  2.50     -0.02491
  2.52     -0.02142
  2.54     -0.01711
  2.56     -0.00768
  2.58      0.01304
  2.60      0.04652
  2.62      0.09572
  2.64      0.16774
  2.66      0.25750
  2.68      0.34437
  2.70      0.43485
  2.72      0.48195
  2.74      0.48520
  2.76      0.45687
  2.78      0.40105
  2.80      0.30860
  2.82      0.22543
  2.84      0.15422
  2.86      0.08240
  2.88      0.02596
  2.90     -0.01059
  2.92     -0.03276
  2.94     -0.04753
  2.96     -0.05456
  2.98     -0.05710
  3.00     -0.06032
  3.02     -0.06356
  3.04     -0.06511
  3.06     -0.06579
  3.08     -0.06659
  3.10     -0.06661
  3.12     -0.06641
  3.14     -0.06689
  3.16     -0.06658
  3.18     -0.06669
  3.20     -0.06704
  3.22     -0.06738
  3.24     -0.06740
  3.26     -0.06771
  3.28     -0.06772
  3.30     -0.06759
  3.32     -0.06704
  3.34     -0.06658
  3.36     -0.06597
  3.38     -0.06572
  3.40     -0.06475
  3.42     -0.06486
  3.44     -0.06468
  3.46     -0.06475
  3.48     -0.06458
  3.50     -0.06445
  3.52     -0.06427
  3.54     -0.06466
  3.56     -0.06422
  3.58     -0.06156
  3.60     -0.06044
  3.62     -0.05832
  3.64     -0.05548
  3.66     -0.05015
  3.68     -0.04727
  3.70     -0.04008
  3.72     -0.03179
  3.74     -0.01909
  3.76     -0.00867
  3.78      0.00605
  3.80      0.01806
  3.82      0.02959
  3.84      0.03663
  3.86      0.04626
  3.88      0.04642
  3.90      0.04458
  3.92      0.04151
  3.94      0.03580
  3.96      0.02229
  3.98      0.00773
  4.00     -0.00424
  4.02     -0.01798
  4.04     -0.03232
  4.06     -0.04369
  4.08     -0.04989
  4.10     -0.05651
  4.12     -0.06226
  4.14     -0.06479
  4.16     -0.06588
  4.18     -0.06467
  4.20     -0.06479
  4.22     -0.06347
  4.24     -0.06277
  4.26     -0.06185
  4.28     -0.06197
  4.30     -0.06126
  4.32     -0.06043
  4.34     -0.05957
  4.36     -0.05914
  4.38     -0.05942
  4.40     -0.05904
  4.42     -0.05885
  4.44     -0.05836
  4.46     -0.05685
  4.48     -0.05346
  4.50     -0.05034
  4.52     -0.04521
  4.54     -0.03699
  4.56     -0.02433
  4.58     -0.01057
  4.60      0.01410
  4.62      0.05050
  4.64      0.08537
  4.66      0.13404
  4.68      0.19289
  4.70      0.24298
  4.72      0.28334
  4.74      0.32320
  4.76      0.33309
  4.78      0.31854
  4.80      0.29087
  4.82      0.25117
  4.84      0.19709
  4.86      0.15424
  4.88      0.10725
  4.90      0.06485
  4.92      0.02911
  4.94      0.00060
  4.96     -0.03038
  4.98     -0.04629
  5.00     -0.05607
  5.02     -0.06570
  5.04     -0.07007
  5.06     -0.07278
  5.08     -0.07471
  5.10     -0.07753
  5.12     -0.07976
  5.14     -0.08046
  5.16     -0.08098
  5.18     -0.08146
  5.20     -0.08090
  5.22     -0.07903
  5.24     -0.07659
  5.26     -0.07430
  5.28     -0.07049
  5.30     -0.06495
  5.32     -0.05817
  5.34     -0.04867
  5.36     -0.03225
  5.38     -0.01602
  5.40      0.00557
  5.42      0.02786
  5.44      0.04518
  5.46      0.05574
  5.48      0.05998
  5.50      0.06525
  5.52      0.06387
  5.54      0.05493
  5.56      0.04644
  5.58      0.03800
  5.60      0.01397
  5.62     -0.00698
  5.64     -0.02310
  5.66     -0.03990
  5.68     -0.05361
  5.70     -0.06113
  5.72     -0.06875
  5.74     -0.07164
  5.76     -0.07499
  5.78     -0.07498
  5.80     -0.07435
  5.82     -0.07326
  5.84     -0.07121
  5.86     -0.06608
  5.88     -0.06198
  5.90     -0.05273
  5.92     -0.04243
  5.94     -0.02955
  5.96     -0.01978
  5.98     -0.00135
  6.00      0.01224
  6.02      0.02915
  6.04      0.04702
  6.06      0.06898
  6.08      0.07966
  6.10      0.09563
  6.12      0.10503
  6.14      0.11250
  6.16      0.11363
  6.18      0.11096
  6.20      0.10113
  6.22      0.08876
  6.24      0.07038
  6.26      0.05220
  6.28      0.03212
  6.30      0.01475
  6.32     -0.00229
  6.34     -0.02063
  6.36     -0.03685
  6.38     -0.04673
  6.40     -0.05858
  6.42     -0.06662
  6.44     -0.07204
  6.46     -0.07488
  6.48     -0.07736
  6.50     -0.07829
  6.52     -0.07716
  6.54     -0.07405
  6.56     -0.07251
  6.58     -0.06696
  6.60     -0.05977
  6.62     -0.05293
  6.64     -0.04481
  6.66     -0.03447
  6.68     -0.02508
  6.70     -0.01814
  6.72     -0.01095
  6.74     -0.00718
  6.76     -0.00646
  6.78     -0.00862
  6.80     -0.01130
  6.82     -0.01701
  6.84     -0.02534
  6.86     -0.03386
  6.88     -0.04253
  6.90     -0.05095
  6.92     -0.05850
  6.94     -0.06019
  6.96     -0.06342
  6.98     -0.06521
  7.00     -0.06444
  7.02     -0.06042
  7.04     -0.05456
  7.06     -0.04113
  7.08     -0.02360
  7.10     -0.00576
  7.12      0.01864
  7.14      0.05229
  7.16      0.08149
  7.18      0.11596
  7.20      0.14873
  7.22      0.18006
  7.24      0.20498
  7.26      0.22267
  7.28      0.22883
  7.30      0.23149
  7.32      0.22300
  7.34      0.19847
  7.36      0.17228
  7.38      0.14493
  7.40      0.11075
  7.42      0.07766
  7.44      0.05043
  7.46      0.02561
  7.48      0.00135
  7.50     -0.01647
  7.52     -0.03221
  7.54     -0.04720
  7.56     -0.05698
  7.58     -0.06494
  7.60     -0.06973
  7.62     -0.07326
  7.64     -0.07387
  7.66     -0.07340
  7.68     -0.07215
  7.70     -0.06888
  7.72     -0.06699
  7.74     -0.06612
  7.76     -0.06460
  7.78     -0.06347
  7.80     -0.06486
  7.82     -0.06480
  7.84     -0.06230
  7.86     -0.06262
  7.88     -0.06098
  7.90     -0.05962
  7.92     -0.05865
  7.94     -0.05713
  7.96     -0.05502
  7.98     -0.05244
  8.00     -0.04574
  8.02     -0.03954
  8.04     -0.03155
  8.06     -0.02283
  8.08     -0.01231
  8.10      0.00061
  8.12      0.01061
  8.14      0.01812
  8.16      0.03235
  8.18      0.04127
  8.20      0.04850
  8.22      0.05849
  8.24      0.06599
  8.26      0.06845
  8.28      0.06954
  8.30      0.06724
  8.32      0.05870
  8.34      0.05215
  8.36      0.04173
  8.38      0.03405
  8.40      0.02040
  8.42      0.01302
  8.44      0.00298
  8.46     -0.00488
  8.48     -0.01333
  8.50     -0.01526
  8.52     -0.01997
  8.54     -0.02141
  8.56     -0.02148
  8.58     -0.01880
  8.60     -0.01984
  8.62     -0.01172
  8.64     -0.01085
  8.66     -0.00716
  8.68     -0.00642
  8.70     -0.00225
  8.72     -0.00380
  8.74     -0.00007
  8.76     -0.00258
  8.78     -0.00437
  8.80     -0.01004
  8.82     -0.01738
  8.84     -0.02173
  8.86     -0.02817
  8.88     -0.03496
  8.90     -0.03829
  8.92     -0.04065
  8.94     -0.04411
  8.96     -0.04160
  8.98     -0.03849
  9.00     -0.03166
  9.02     -0.02388
  9.04     -0.01510
  9.06     -0.00558
  9.08      0.00055
  9.10      0.01019
  9.12      0.01612
  9.14      0.02048
  9.16      0.02150
  9.18      0.02293
  9.20      0.01381
  9.22      0.00765
  9.24     -0.00365
  9.26     -0.01374
  9.28     -0.01997
  9.30     -0.02573
  9.32     -0.03267
  9.34     -0.03448
  9.36     -0.03131
  9.38     -0.03167
  9.40     -0.02828
  9.42     -0.02407
  9.44     -0.01734
  9.46     -0.01552
  9.48     -0.00643
  9.50     -0.00271
  9.52      0.00238
  9.54      0.00868
  9.56      0.01206
  9.58      0.01483
  9.60      0.01637
  9.62      0.01850
  9.64      0.01369
  9.66      0.01338
  9.68      0.01254
  9.70      0.01837
  9.72      0.02216
  9.74      0.02927
  9.76      0.03607
  9.78      0.04380
  9.80      0.05018
  9.82      0.06045
  9.84      0.06951
  9.86      0.08382
  9.88      0.09387
  9.90      0.10342
  9.92      0.10814
  9.94      0.11025
  9.96      0.10526
  9.98      0.09592
 10.00      0.08679
 10.02      0.07918
 10.04      0.06663
 10.06      0.05346
 10.08      0.04088
 10.10      0.02448
 10.12      0.00703
 10.14     -0.00670
 10.16     -0.01843
 10.18     -0.02822
 10.20     -0.03798
 10.22     -0.04804
 10.24     -0.05454
 10.26     -0.06358
 10.28     -0.06902
 10.30     -0.07170
 10.32     -0.07342
 10.34     -0.07236
 10.36     -0.06873
 10.38     -0.06679
 10.40     -0.06104
 10.42     -0.05504
 10.44     -0.04747
 10.46     -0.03932
 10.48     -0.03075
 10.50     -0.02605
 10.52     -0.01794
 10.54     -0.01326
 10.56     -0.00798
 10.58     -0.00590
 10.60      0.00051
 10.62      0.00401
 10.64      0.00746
 10.66      0.01107
 10.68      0.01560
 10.70      0.01619
 10.72      0.01663
 10.74      0.01531
 10.76      0.01178
 10.78      0.00413
 10.80      0.00081
 10.82     -0.00340
 10.84     -0.00653
 10.86     -0.01217
 10.88     -0.01334
 10.90     -0.01413
 10.92     -0.01868
 10.94     -0.02399
 10.96     -0.02825
 10.98     -0.03124
 11.00     -0.03825
 11.02     -0.04103
 11.04     -0.04276
 11.06     -0.04248
 11.08     -0.04303
 11.10     -0.04033
 11.12     -0.03705
 11.14     -0.03549
 11.16     -0.03135
 11.18     -0.02635
 11.20     -0.02317
 11.22     -0.01651
 11.24     -0.00572
 11.26      0.00075
 11.28      0.00785
 11.30      0.01633
 11.32      0.02226
 11.34      0.02656
 11.36      0.02992
 11.38      0.03217
 11.40      0.02991
 11.42      0.02610
 11.44      0.02043
 11.46      0.01898
 11.48      0.01657
 11.50      0.01305
 11.52      0.00935
 11.54      0.00854
 11.56      0.00354
 11.58      0.00334
 11.60      0.00512
 11.62      0.00541
 11.64      0.00253
 11.66      0.00377
 11.68      0.00236
 11.70      0.00180
 11.72      0.00428
 11.74      0.00832
 11.76      0.01159
 11.78      0.01195
 11.80      0.01720
 11.82      0.01914
 11.84      0.02435
 11.86      0.02577
 11.88      0.02892
 11.90      0.03341
 11.92      0.03913
 11.94      0.04028
 11.96      0.04147
 11.98      0.04322
 12.00      0.04243
 12.02      0.03999
 12.04      0.03811
 12.06      0.04176
 12.08      0.04155
 12.10      0.03927
 12.12      0.03661
 12.14      0.03528
 12.16      0.02786
 12.18      0.02264
 12.20      0.01604
 12.22      0.00942
 12.24      0.00083
 12.26     -0.00650
 12.28     -0.01170
 12.30     -0.01733
 12.32     -0.02126
 12.34     -0.02320
 12.36     -0.02395
 12.38     -0.02418
 12.40     -0.02459
 12.42     -0.02358
 12.44     -0.02179
 12.46     -0.01722
 12.48     -0.01595
 12.50     -0.01064
 12.52     -0.00578
 12.54     -0.00151
 12.56     -0.00017
 12.58      0.00268
 12.60     -0.00148
 12.62     -0.00223
 12.64     -0.00496
 12.66     -0.00689
 12.68     -0.00623
 12.70     -0.00524
 12.72     -0.00647
 12.74     -0.00806
 12.76     -0.01097
 12.78     -0.01241
 12.80     -0.01277
 12.82     -0.01353
 12.84     -0.01322
 12.86     -0.01297
 12.88     -0.01472
 12.90     -0.01514
 12.92     -0.01709
 12.94     -0.01754
 12.96     -0.01839
 12.98     -0.01912
 13.00     -0.01867
 13.02     -0.01823
 13.04     -0.01665
 13.06     -0.01368
 13.08     -0.01200
 13.10     -0.01159
 13.12     -0.00863
 13.14     -0.00973
 13.16     -0.01106
 13.18     -0.01055
 13.20     -0.01207
 13.22     -0.01317
 13.24     -0.01530
 13.26     -0.01528
 13.28     -0.01659
 13.30     -0.01334
 13.32     -0.01367
 13.34     -0.01105
 13.36     -0.00914
 13.38     -0.01046
 13.40     -0.01020
 13.42     -0.01040
 13.44     -0.01162
 13.46     -0.01343
 13.48     -0.01121
 13.50     -0.01357
 13.52     -0.01219
 13.54     -0.01146
 13.56     -0.01091
 13.58     -0.00929
 13.60     -0.00781
 13.62     -0.00459
 13.64      0.00053
 13.66      0.00530
 13.68      0.00675
 13.70      0.01450
 13.72      0.01862
 13.74      0.02352
 13.76      0.02735
 13.78      0.03199
 13.80      0.03212
 13.82      0.03106
 13.84      0.02986
 13.86      0.02878
 13.88      0.02762
 13.90      0.02649
 13.92      0.02561
 13.94      0.02492
 13.96      0.02164
 13.98      0.01657
 14.00      0.01190
 14.02      0.01140
 14.04      0.00633
 14.06      0.00494
 14.08      0.00703
 14.10      0.00489
 14.12      0.00374
 14.14      0.00569
 14.16      0.00744
 14.18      0.00635
 14.20      0.01095
 14.22      0.01105
 14.24      0.00993
 14.26      0.01223
 14.28      0.01419
 14.30      0.01404
 14.32      0.01720
 14.34      0.02094
 14.36      0.02100
 14.38      0.02671
 14.40      0.03102
 14.42      0.02905
 14.44      0.02952
 14.46      0.03220
 14.48      0.02864
 14.50      0.02412
 14.52      0.02258
 14.54      0.02094
 14.56      0.01473
 14.58      0.01054
 14.60      0.00927
 14.62      0.00585
 14.64     -0.00102
 14.66     -0.00475
 14.68     -0.00820
 14.70     -0.01357
 14.72     -0.01612
 14.74     -0.01814
 14.76     -0.02187
 14.78     -0.02324
 14.80     -0.02544
 14.82     -0.02833
 14.84     -0.03085
 14.86     -0.03067
 14.88     -0.03384
 14.90     -0.03490
 14.92     -0.03456
 14.94     -0.03366
 14.96     -0.03566
 14.98     -0.03390
 15.00     -0.03196
 15.02     -0.03193
 15.04     -0.02975
 15.06     -0.02642
 15.08     -0.02482
 15.10     -0.02423
 15.12     -0.01970
 15.14     -0.01832
 15.16     -0.01492
 15.18     -0.01175
 15.20     -0.00906
 15.22     -0.00824
 15.24     -0.00615
 15.26     -0.00392
 15.28     -0.00415
 15.30     -0.00334
 15.32     -0.00248
 15.34      0.00015
 15.36      0.00114
 15.38      0.00285
 15.40      0.00827
 15.42      0.00959
 15.44      0.00975
 15.46      0.01037
 15.48      0.01376
 15.50      0.01097
 15.52      0.00982
 15.54      0.00841
 15.56      0.00779
 15.58      0.00393
 15.60      0.00313
 15.62      0.00350
 15.64      0.00439
 15.66      0.00190
 15.68      0.00053
 15.70     -0.00062
 15.72     -0.00118
 15.74     -0.00224
 15.76      0.00009
 15.78      0.00262
 15.80      0.00299
 15.82      0.00575
 15.84      0.00873
 15.86      0.01080
 15.88      0.01190
 15.90      0.01570
 15.92      0.01651
 15.94      0.01809
 15.96      0.01657
 15.98      0.01711
 16.00      0.01635
 16.02      0.01510
 16.04      0.01288
 16.06      0.01322
 16.08      0.01135
 16.10      0.00825
 16.12      0.00860
 16.14      0.00666
 16.16      0.00373
 16.18      0.00359
 16.20      0.00528
 16.22      0.00307
 16.24      0.00406
 16.26      0.00539
 16.28      0.00469
 16.30      0.00531
 16.32      0.00590
 16.34      0.00438
 16.36      0.00197
 16.38      0.00115
 16.40     -0.00228
 16.42     -0.00582
 16.44     -0.00797
 16.46     -0.00756
 16.48     -0.00843
 16.50     -0.01032
 16.52     -0.00852
 16.54     -0.00638
 16.56     -0.00670
 16.58     -0.00633
 16.60     -0.00323
 16.62     -0.00185
 16.64     -0.00123
 16.66      0.00071
 16.68      0.00170
 16.70      0.00261
 16.72      0.00376
 16.74      0.00560
 16.76      0.00689
 16.78      0.00948
 16.80      0.01070
 16.82      0.01082
 16.84      0.01142
 16.86      0.01153
 16.88      0.01137
 16.90      0.01088
 16.92      0.01046
 16.94      0.00923
 16.96      0.00852
 16.98      0.00632
 17.00      0.00586
 17.02      0.00110
 17.04     -0.00267
 17.06     -0.00511
 17.08     -0.00638
 17.10     -0.00860
 17.12     -0.00843
 17.14     -0.00980
 17.16     -0.01095
 17.18     -0.01346
 17.20     -0.01561
 17.22     -0.01555
 17.24     -0.01397
 17.26     -0.01369
 17.28     -0.01292
 17.30     -0.01124
 17.32     -0.01123
 17.34     -0.01226
 17.36     -0.01114
 17.38     -0.01155
 17.40     -0.01254
 17.42     -0.01167
 17.44     -0.01153
 17.46     -0.01277
 17.48     -0.01250
 17.50     -0.01169
 17.52     -0.01190
 17.54     -0.01065
 17.56     -0.00932
 17.58     -0.00760
 17.60     -0.00733
 17.62     -0.00635
 17.64     -0.00560
 17.66     -0.00441
 17.68     -0.00388
 17.70     -0.00278
 17.72     -0.00055
 17.74      0.00241
 17.76      0.00400
 17.78      0.00497
 17.80      0.00598
 17.82      0.00705
 17.84      0.00683
 17.86      0.00691
 17.88      0.00791
 17.90      0.00798
 17.92      0.00768
 17.94      0.00868
 17.96      0.00924
 17.98      0.00920
 18.00      0.01038
 18.02      0.01230
 18.04      0.01097
 18.06      0.01065
 18.08      0.01184
 18.10      0.01284
 18.12      0.01044
 18.14      0.01099
 18.16      0.01020
 18.18      0.00809
 18.20      0.00788
 18.22      0.00900
 18.24      0.00763
 18.26      0.00825
 18.28      0.00813
 18.30      0.00658
 18.32      0.00452
 18.34      0.00426
 18.36      0.00268
 18.38      0.00193
 18.40      0.00052
 18.42      0.00035
 18.44      0.00013
 18.46     -0.00100
 18.48     -0.00117
 18.50     -0.00018
 18.52      0.00090
 18.54      0.00104
 18.56      0.00073
 18.58      0.00125
 18.60      0.00011
 18.62     -0.00179
 18.64     -0.00183
 18.66     -0.00039
 18.68     -0.00067
 18.70     -0.00038
 18.72      0.00047
 18.74     -0.00048
 18.76     -0.00241
 18.78     -0.00265
 18.80     -0.00412
 18.82     -0.00498
 18.84     -0.00654
 18.86     -0.00613
 18.88     -0.00725
 18.90     -0.00661
 18.92     -0.00710
 18.94     -0.00572
 18.96     -0.00549
 18.98     -0.00390
 19.00     -0.00314
 19.02     -0.00374
 19.04     -0.00447
 19.06     -0.00365
 19.08     -0.00352
 19.10     -0.00324
 19.12     -0.00208
 19.14      0.00031
 19.16     -0.00051
 19.18     -0.00081
 19.20     -0.00104
 19.22      0.00005
 19.24     -0.00053
 19.26      0.00017
 19.28      0.00282
 19.30      0.00345
 19.32      0.00280
 19.34      0.00229
 19.36      0.00348
 19.38      0.00067
 19.40     -0.00008
 19.42      0.00131
 19.44      0.00190
 19.46      0.00219
 19.48      0.00299
 19.50      0.00336
 19.52      0.00109
 19.54      0.00030
 19.56     -0.00205
 19.58     -0.00287
 19.60     -0.00352
 19.62     -0.00254
 19.64     -0.00338
 19.66     -0.00359
 19.68     -0.00449
 19.70     -0.00503
 19.72     -0.00531
 19.74     -0.00551
 19.76     -0.00588
 19.78     -0.00539
 19.80     -0.00567
 19.82     -0.00595
 19.84     -0.00490
 19.86     -0.00357
 19.88     -0.00281
 19.90     -0.00196
 19.92     -0.00034
 19.94      0.00038
 19.96      0.00192
 19.98      0.00200
 20.00      0.00356
 20.02      0.00363
 20.04      0.00386
 20.06      0.00303
 20.08      0.00357
 20.10      0.00376
 20.12      0.00327
 20.14      0.00336
 20.16      0.00255
 20.18      0.00240
 20.20      0.00270
 20.22      0.00331
 20.24      0.00340
 20.26      0.00490
 20.28      0.00549
 20.30      0.00427
 20.32      0.00389
 20.34      0.00299
 20.36      0.00261
 20.38      0.00275
 20.40      0.00411
 20.42      0.00463
 20.44      0.00596
 20.46      0.00728
 20.48      0.00718
 20.50      0.00548
 20.52      0.00389
 20.54      0.00253
 20.56      0.00133
 20.58      0.00008
 20.60     -0.00004
 20.62      0.00038
 20.64      0.00029
 20.66     -0.00102
 20.68     -0.00239
 20.70     -0.00273
 20.72     -0.00421
 20.74     -0.00539
 20.76     -0.00551
 20.78     -0.00457
 20.80     -0.00515
 20.82     -0.00443
 20.84     -0.00439
 20.86     -0.00420
 20.88     -0.00264
 20.90     -0.00209
 20.92     -0.00261
 20.94     -0.00237
 20.96     -0.00216
 20.98     -0.00399
 21.00     -0.00383
 21.02     -0.00275
 21.04     -0.00110
 21.06     -0.00141
 21.08     -0.00130
 21.10     -0.00044
 21.12     -0.00035
 21.14     -0.00227
 21.16     -0.00233
 21.18     -0.00192
 21.20     -0.00268
 21.22     -0.00197
 21.24     -0.00136
 21.26     -0.00137
 21.28     -0.00075
 21.30     -0.00113
 21.32     -0.00282
 21.34     -0.00160
 21.36     -0.00112
 21.38     -0.00108
 21.40     -0.00064
 21.42      0.00107
 21.44      0.00081
 21.46      0.00174
 21.48      0.00212
 21.50      0.00355
 21.52      0.00421
 21.54      0.00428
 21.56      0.00408
 21.58      0.00385
 21.60      0.00314
 21.62      0.00234
 21.64      0.00263
 21.66      0.00179
 21.68      0.00175
 21.70      0.00165
 21.72      0.00200
 21.74      0.00190
 21.76      0.00266
 21.78      0.00156
 21.80      0.00141
 21.82     -0.00052
 21.84     -0.00108
 21.86     -0.00198
 21.88     -0.00103
 21.90     -0.00097
 21.92      0.00058
 21.94      0.00027
 21.96     -0.00004
 21.98     -0.00034
 22.00     -0.00087
 22.02     -0.00108
 22.04     -0.00140
 22.06      0.00013
 22.08      0.00077
 22.10      0.00023
 22.12     -0.00025
 22.14     -0.00031
 22.16     -0.00206
 22.18     -0.00329
 22.20     -0.00368
 22.22     -0.00375
 22.24     -0.00440
 22.26     -0.00361
 22.28     -0.00340
 22.30     -0.00255
 22.32     -0.00141
 22.34      0.00039
 22.36     -0.00005
 22.38      0.00095
 22.40      0.00214
 22.42      0.00140
 22.44      0.00074
 22.46      0.00047
 22.48      0.00019
 22.50     -0.00071
 22.52     -0.00079
 22.54     -0.00102
 22.56      0.00026
 22.58      0.00134
 22.60      0.00245
 22.62      0.00388
 22.64      0.00431
 22.66      0.00406
 22.68      0.00360
 22.70      0.00242
 22.72      0.00066
 22.74      0.00168
 22.76      0.00186
 22.78      0.00204
 22.80      0.00249
 22.82      0.00267
 22.84      0.00254
 22.86      0.00145
 22.88      0.00051
 22.90     -0.00059
 22.92     -0.00088
 22.94     -0.00276
 22.96     -0.00251
 22.98     -0.00246
 23.00     -0.00257
 23.02     -0.00222
 23.04     -0.00168
 23.06     -0.00261
 23.08     -0.00329
 23.10     -0.00293
 23.12     -0.00381
 23.14     -0.00448
 23.16     -0.00398
 23.18     -0.00425
 23.20     -0.00491
 23.22     -0.00451
 23.24     -0.00425
 23.26     -0.00425
 23.28     -0.00419
 23.30     -0.00313
 23.32     -0.00287
 23.34     -0.00230
 23.36     -0.00172
 23.38     -0.00065
 23.40     -0.00105
 23.42     -0.00031
 23.44     -0.00004
 23.46      0.00056
 23.48      0.00028
 23.50      0.00144
 23.52      0.00146
 23.54      0.00211
 23.56      0.00189
 23.58      0.00222
 23.60      0.00198
 23.62      0.00155
 23.64      0.00107
 23.66      0.00106
 23.68      0.00192
 23.70      0.00143
 23.72      0.00201
 23.74      0.00240
 23.76      0.00281
 23.78      0.00163
 23.80      0.00204
 23.82      0.00133
 23.84      0.00075
 23.86      0.00064
 23.88      0.00085
 23.90      0.00008
 23.92      0.00010
 23.94      0.00110
 23.96      0.00079
 23.98      0.00095
 24.00      0.00244
 24.02      0.00291
 24.04      0.00189
 24.06      0.00187
 24.08      0.00125
 24.10      0.00004
 24.12     -0.00034
 24.14     -0.00020
 24.16     -0.00081
 24.18     -0.00073
 24.20     -0.00143
 24.22     -0.00181
 24.24     -0.00141
 24.26     -0.00173
 24.28     -0.00206
 24.30     -0.00184
 24.32     -0.00165
 24.34     -0.00221
 24.36     -0.00186
 24.38     -0.00174
 24.40     -0.00174
 24.42     -0.00244
 24.44     -0.00253
 24.46     -0.00267
 24.48     -0.00270
 24.50     -0.00251
 24.52     -0.00219
 24.54     -0.00177
 24.56     -0.00125
 24.58     -0.00106
 24.60     -0.00139
 24.62     -0.00059
 24.64     -0.00067
 24.66     -0.00058
 24.68     -0.00018
 24.70      0.00136
 24.72      0.00139
 24.74      0.00128
 24.76      0.00112
 24.78      0.00155
 24.80      0.00090
 24.82      0.00074
 24.84      0.00074
 24.86      0.00100
 24.88      0.00026
 24.90      0.00004
 24.92     -0.00004
 24.94     -0.00005
 24.96     -0.00025
 24.98     -0.00020
 25.00     -0.00056
 25.02     -0.00067
 25.04     -0.00075
 25.06     -0.00143
 25.08     -0.00128
 25.10     -0.00120
 25.12     -0.00120
 25.14     -0.00098
 25.16     -0.00088
 25.18     -0.00113
 25.20     -0.00075
 25.22     -0.00057
 25.24     -0.00038
 25.26      0.00001
 25.28      0.00017
 25.30      0.00061
 25.32      0.00044
 25.34     -0.00003
 25.36      0.00069
 25.38      0.00075
 25.40      0.00006
 25.42     -0.00001
 25.44      0.00009
 25.46     -0.00080
 25.48     -0.00078
 25.50     -0.00107
 25.52     -0.00110
 25.54     -0.00151
 25.56     -0.00123
 25.58     -0.00191
 25.60     -0.00188
 25.62     -0.00153
 25.64     -0.00139
 25.66     -0.00148
 25.68     -0.00113
 25.70     -0.00095
 25.72     -0.00129
 25.74     -0.00050
 25.76     -0.00041
 25.78      0.00021
 25.80      0.00021
 25.82      0.00015
 25.84     -0.00031
 25.86      0.00001
 25.88     -0.00028
 25.90      0.00009
 25.92      0.00029
 25.94      0.00023
 25.96      0.00013
 25.98     -0.00005
 26.00     -0.00039
 26.02     -0.00042
 26.04     -0.00053
 26.06     -0.00046
 26.08     -0.00046
 26.10      0.00007
 26.12      0.00010
 26.14      0.00002
 26.16     -0.00026
 26.18     -0.00017
 26.20     -0.00060
 26.22     -0.00073
 26.24     -0.00049
 26.26     -0.00009
 26.28     -0.00005
 26.30     -0.00021
 26.32      0.00007
 26.34      0.00014
 26.36     -0.00023
 26.38     -0.00006
 26.40      0.00013
 26.42     -0.00005
 26.44     -0.00008
 26.46     -0.00025
 26.48     -0.00038
 26.50     -0.00017
 26.52     -0.00005
 26.54     -0.00017
 26.56     -0.00008
 26.58     -0.00018
 26.60     -0.00044
 26.62     -0.00087
 26.64     -0.00112
 26.66     -0.00115
 26.68     -0.00133
 26.70     -0.00137
 26.72     -0.00122
 26.74     -0.00120
 26.76     -0.00095
 26.78     -0.00061
 26.80     -0.00046
 26.82     -0.00003
 26.84      0.00024
 26.86      0.00001
 26.88     -0.00011
 26.90     -0.00014
 26.92     -0.00012
 26.94     -0.00041
 26.96     -0.00026
 26.98     -0.00005
 27.00     -0.00016
 27.02     -0.00055
 27.04     -0.00033
 27.06      0.00011
 27.08     -0.00003
 27.10      0.00019
 27.12      0.00013
 27.14      0.00008
 27.16     -0.00027
 27.18     -0.00042
 27.20     -0.00070
 27.22     -0.00042
 27.24     -0.00041
 27.26     -0.00053
 27.28     -0.00047
 27.30     -0.00054
 27.32     -0.00064
 27.34     -0.00064
 27.36     -0.00067
 27.38     -0.00066
 27.40     -0.00039
 27.42     -0.00044
 27.44     -0.00028
 27.46     -0.00044
 27.48     -0.00051
 27.50     -0.00069
 27.52     -0.00075
 27.54     -0.00095
 27.56     -0.00092
 27.58     -0.00084
 27.60     -0.00093
 27.62     -0.00093
 27.64     -0.00085
 27.66     -0.00075
 27.68     -0.00090
 27.70     -0.00087
 27.72     -0.00093
 27.74     -0.00097
 27.76     -0.00114
 27.78     -0.00117
 27.80     -0.00121
 27.82     -0.00134
 27.84     -0.00140
 27.86     -0.00125
 27.88     -0.00131
 27.90     -0.00123
 27.92     -0.00104
 27.94     -0.00106
 27.96     -0.00116
 27.98     -0.00116
 28.00     -0.00118
 28.02     -0.00117
 28.04     -0.00106
 28.06     -0.00093
 28.08     -0.00077
 28.10     -0.00064
 28.12     -0.00070
 28.14     -0.00069
 28.16     -0.00069
 28.18     -0.00081
 28.20     -0.00084
 28.22     -0.00069
 28.24     -0.00073
 28.26     -0.00082
 28.28     -0.00074
 28.30     -0.00076
 28.32     -0.00085
 28.34     -0.00082
 28.36     -0.00078
 28.38     -0.00080
 28.40     -0.00079
 28.42     -0.00077
 28.44     -0.00076
 28.46     -0.00071
 28.48     -0.00067
 28.50     -0.00065
 28.52     -0.00066
 28.54     -0.00064
 28.56     -0.00058
 28.58     -0.00058
 28.60     -0.00053
 28.62     -0.00050
 28.64     -0.00051
 28.66     -0.00056
 28.68     -0.00052
 28.70     -0.00049
 28.72     -0.00049
 28.74     -0.00047
 28.76     -0.00045
 28.78     -0.00047
 28.80     -0.00048
 28.82     -0.00044
 28.84     -0.00042
 28.86     -0.00040
 28.88     -0.00035
 28.90     -0.00033
 28.92     -0.00035
 28.94     -0.00033
 28.96     -0.00028
 28.98     -0.00030
 29.00     -0.00029
 29.02     -0.00027
 29.04     -0.00026
 29.06     -0.00028
 29.08     -0.00027
 29.10     -0.00026
 29.12     -0.00025
 29.14     -0.00024
 29.16     -0.00022
 29.18     -0.00021
 29.20     -0.00020
 29.22     -0.00019
 29.24     -0.00018
 29.26     -0.00018
 29.28     -0.00017
 29.30     -0.00016
 29.32     -0.00015
 29.34     -0.00014
 29.36     -0.00014
 29.38     -0.00013
 29.40     -0.00012
 29.42     -0.00012
 29.44     -0.00011
 29.46     -0.00010
 29.48     -0.00010
 29.50     -0.00009
 29.52     -0.00009
 29.54     -0.00008
 29.56     -0.00008
 29.58     -0.00007
 29.60     -0.00007
 29.62     -0.00007
 29.64     -0.00006
 29.66     -0.00006
 29.68     -0.00006
 29.70     -0.00005
 29.72     -0.00005
 29.74     -0.00005
 29.76     -0.00004
 29.78     -0.00004
 29.80     -0.00004
 29.82     -0.00004
 29.84     -0.00004
 29.86     -0.00003
 29.88     -0.00003
 29.90     -0.00003
 29.92     -0.00003
 29.94     -0.00003
 29.96     -0.00002
 29.98     -0.00002
 30.00     -0.00002
 30.02     -0.00002
 30.04     -0.00002
 30.06     -0.00002
 30.08     -0.00002
 30.10     -0.00001
 30.12     -0.00001
 30.14     -0.00001
 30.16     -0.00001
 30.18     -0.00001
 30.20     -0.00001
 30.22     -0.00001
 30.24     -0.00001
 30.26     -0.00001
 30.28     -0.00001
 30.30     -0.00001
 30.32     -0.00001
 30.34     -0.00001
 30.36     -0.00000
 30.38     -0.00000
 30.40     -0.00000
 30.42     -0.00000
 30.44     -0.00000
 30.46     -0.00000
 30.48     -0.00000
 30.50     -0.00000
 30.52     -0.00000
 30.54     -0.00000
 30.56     -0.00000
 30.58     -0.00000
 30.60     -0.00000
 30.62     -0.00000
 30.64     -0.00000
 30.66     -0.00000
 30.68     -0.00000
 30.70     -0.00000
 30.72     -0.00000
 30.74     -0.00000
 30.76     -0.00000
 30.78     -0.00000
 30.80     -0.00000
 30.82     -0.00000
 30.84     -0.00000
 30.86     -0.00000
 30.88     -0.00000
 30.90     -0.00000
 30.92     -0.00000
 30.94     -0.00000
 30.96     -0.00000
 30.98     -0.00000
 31.00     -0.00000
