 #r(A)        G(r)
  0.02      0.00000
  0.04      0.00000
  0.06     -0.00000
  0.08     -0.00000
  0.10     -0.00000
  0.12     -0.00000
  0.14     -0.00000
  0.16     -0.00000
  0.18     -0.00001
  0.20     -0.00001
  0.22     -0.00002
  0.24     -0.00003
  0.26     -0.00005
  0.28     -0.00008
  0.30     -0.00011
  0.32     -0.00016
  0.34     -0.00023
  0.36     -0.00031
  0.38     -0.00040
  0.40     -0.00052
  0.42     -0.00067
  0.44     -0.00083
  0.46     -0.00102
  0.48     -0.00123
  0.50     -0.00146
  0.52     -0.00170
  0.54     -0.00197
  0.56     -0.00224
  0.58     -0.00253
  0.60     -0.00284
  0.62     -0.00315
  0.64     -0.00348
  0.66     -0.00382
  0.68     -0.00417
  0.70     -0.00454
  0.72     -0.00491
  0.74     -0.00531
  0.76     -0.00572
  0.78     -0.00615
  0.80     -0.00659
  0.82     -0.00703
  0.84     -0.00748
  0.86     -0.00794
  0.88     -0.00841
  0.90     -0.00888
  0.92     -0.00935
  0.94     -0.00983
  0.96     -0.01031
  0.98     -0.01079
  1.00     -0.01128
  1.02     -0.01176
  1.04     -0.01225
  1.06     -0.01274
  1.08     -0.01323
  1.10     -0.01372
  1.12     -0.01421
  1.14     -0.01470
  1.16     -0.01520
  1.18     -0.01569
  1.20     -0.01618
  1.22     -0.01668
  1.24     -0.01718
  1.26     -0.01768
  1.28     -0.01818
  1.30     -0.01868
  1.32     -0.01918
  1.34     -0.01969
  1.36     -0.02020
  1.38     -0.02071
  1.40     -0.02123
  1.42     -0.02175
  1.44     -0.02228
  1.46     -0.02282
  1.48     -0.02335
  1.50     -0.02390
  1.52     -0.02445
  1.54     -0.02501
  1.56     -0.02557
  1.58     -0.02614
  1.60     -0.02671
  1.62     -0.02729
  1.64     -0.02788
  1.66     -0.02846
  1.68     -0.02905
  1.70     -0.02965
  1.72     -0.03024
  1.74     -0.03084
  1.76     -0.03145
  1.78     -0.03205
  1.80     -0.03266
  1.82     -0.03328
  1.84     -0.03390
  1.86     -0.03452
  1.88     -0.03516
  1.90     -0.03579
  1.92     -0.03643
  1.94     -0.03708
  1.96     -0.03774
  1.98     -0.03841
  2.00     -0.03908
  2.02     -0.03929
  2.04     -0.03997
  2.06     -0.04067
  2.08     -0.04121
  2.10     -0.04143
  2.12     -0.04120
  2.14     -0.03896
  2.16     -0.03481
  2.18     -0.02900
  2.20     -0.02111
  2.22     -0.01205
  2.24      0.00083
  2.26      0.01588
  2.28      0.03252
  2.30      0.05195
  2.32      0.07587
  2.34      0.09552
  2.36      0.11664
  2.38      0.13866
  2.40      0.15594
  2.42      0.16288
  2.44      0.16757
  2.46      0.16668
  2.48      0.15689
  2.50      0.14315
  2.52      0.12428
  2.54      0.10949
  2.56      0.08978
  2.58      0.07872
  2.60      0.06453
  2.62      0.07212
  2.64      0.06650
  2.66      0.07294
  2.68      0.07071
  2.70      0.08487
  2.72      0.08407
  2.74      0.09192
  2.76      0.08060
  2.78      0.06857
  2.80      0.04911
  2.82      0.02909
  2.84      0.01720
  2.86      0.00683
  2.88     -0.00096
  2.90     -0.01022
  2.92     -0.01929
  2.94     -0.03344
  2.96     -0.03855
  2.98     -0.04004
  3.00     -0.04618
  3.02     -0.04767
  3.04     -0.05043
  3.06     -0.05323
  3.08     -0.05659
  3.10     -0.05479
  3.12     -0.05675
  3.14     -0.05849
  3.16     -0.05824
  3.18     -0.05749
  3.20     -0.05836
  3.22     -0.05622
  3.24     -0.05490
  3.26     -0.05196
  3.28     -0.05010
  3.30     -0.04984
  3.32     -0.04743
  3.34     -0.04300
  3.36     -0.04008
  3.38     -0.03611
  3.40     -0.02863
  3.42     -0.02319
  3.44     -0.01877
  3.46     -0.01547
  3.48     -0.01191
  3.50     -0.01143
  3.52     -0.01211
  3.54     -0.01377
  3.56     -0.01360
  3.58     -0.01855
  3.60     -0.02182
  3.62     -0.02614
  3.64     -0.03020
  3.66     -0.03605
  3.68     -0.03780
  3.70     -0.04078
  3.72     -0.04327
  3.74     -0.04132
  3.76     -0.04022
  3.78     -0.03847
  3.80     -0.03561
  3.82     -0.03177
  3.84     -0.02955
  3.86     -0.02576
  3.88     -0.02448
  3.90     -0.01962
  3.92     -0.01293
  3.94     -0.00959
  3.96     -0.00647
  3.98     -0.00113
  4.00     -0.00110
  4.02     -0.00084
  4.04     -0.00068
  4.06     -0.00220
  4.08     -0.00153
  4.10      0.00482
  4.12      0.01164
  4.14      0.01967
  4.16      0.03209
  4.18      0.04511
  4.20      0.05635
  4.22      0.06668
  4.24      0.07721
  4.26      0.08435
  4.28      0.08753
  4.30      0.08762
  4.32      0.08125
  4.34      0.07159
  4.36      0.06015
  4.38      0.04626
  4.40      0.03308
  4.42      0.02295
  4.44      0.01434
  4.46      0.00911
  4.48      0.00530
  4.50     -0.00066
  4.52     -0.00334
  4.54     -0.00439
  4.56     -0.00399
  4.58     -0.00638
  4.60     -0.00363
  4.62     -0.00087
  4.64      0.00025
  4.66      0.00058
  4.68      0.00612
  4.70      0.00876
  4.72      0.01043
  4.74      0.01712
  4.76      0.02093
  4.78      0.02457
  4.80      0.02873
  4.82      0.02957
  4.84      0.02938
  4.86      0.02841
  4.88      0.03127
  4.90      0.03132
  4.92      0.02844
  4.94      0.02096
  4.96      0.01772
  4.98      0.01019
  5.00     -0.00019
  5.02     -0.00410
  5.04     -0.00771
  5.06     -0.01204
  5.08     -0.01960
  5.10     -0.02239
  5.12     -0.02794
  5.14     -0.03310
  5.16     -0.03900
  5.18     -0.04053
  5.20     -0.04533
  5.22     -0.04806
  5.24     -0.04790
  5.26     -0.04837
  5.28     -0.04955
  5.30     -0.04494
  5.32     -0.04107
  5.34     -0.03665
  5.36     -0.03310
  5.38     -0.02723
  5.40     -0.01977
  5.42     -0.00781
  5.44     -0.00003
  5.46      0.01237
  5.48      0.02017
  5.50      0.02533
  5.52      0.03119
  5.54      0.03574
  5.56      0.03474
  5.58      0.03714
  5.60      0.03255
  5.62      0.02189
  5.64      0.01360
  5.66      0.00552
  5.68     -0.00697
  5.70     -0.01343
  5.72     -0.01958
  5.74     -0.02552
  5.76     -0.03108
  5.78     -0.03491
  5.80     -0.03699
  5.82     -0.03828
  5.84     -0.03890
  5.86     -0.03616
  5.88     -0.03331
  5.90     -0.03252
  5.92     -0.02942
  5.94     -0.02557
  5.96     -0.02584
  5.98     -0.02342
  6.00     -0.01991
  6.02     -0.01500
  6.04     -0.01249
  6.06     -0.00650
  6.08     -0.00290
  6.10      0.00148
  6.12      0.00232
  6.14      0.00836
  6.16      0.01110
  6.18      0.01248
  6.20      0.01518
  6.22      0.01448
  6.24      0.00888
  6.26      0.00529
  6.28      0.00627
  6.30      0.00655
  6.32      0.00932
  6.34      0.01208
  6.36      0.01874
  6.38      0.02253
  6.40      0.02833
  6.42      0.03340
  6.44      0.04240
  6.46      0.04785
  6.48      0.05682
  6.50      0.06377
  6.52      0.07089
  6.54      0.07601
  6.56      0.07967
  6.58      0.07581
  6.60      0.06917
  6.62      0.06018
  6.64      0.05014
  6.66      0.04043
  6.68      0.03267
  6.70      0.02034
  6.72      0.01351
  6.74      0.00336
  6.76     -0.00764
  6.78     -0.01209
  6.80     -0.01414
  6.82     -0.01998
  6.84     -0.02020
  6.86     -0.02132
  6.88     -0.02321
  6.90     -0.02538
  6.92     -0.02434
  6.94     -0.02479
  6.96     -0.02320
  6.98     -0.02375
  7.00     -0.02355
  7.02     -0.02464
  7.04     -0.02714
  7.06     -0.02914
  7.08     -0.03269
  7.10     -0.03382
  7.12     -0.03487
  7.14     -0.03547
  7.16     -0.03676
  7.18     -0.03328
  7.20     -0.03159
  7.22     -0.02739
  7.24     -0.02291
  7.26     -0.01578
  7.28     -0.01331
  7.30     -0.00913
  7.32     -0.00611
  7.34      0.00232
  7.36      0.00512
  7.38      0.01335
  7.40      0.02003
  7.42      0.02570
  7.44      0.02516
  7.46      0.02690
  7.48      0.02379
  7.50      0.02087
  7.52      0.01491
  7.54      0.00769
  7.56      0.00261
  7.58     -0.00434
  7.60     -0.00855
  7.62     -0.01016
  7.64     -0.00944
  7.66     -0.01081
  7.68     -0.00947
  7.70     -0.00907
  7.72     -0.01031
  7.74     -0.00874
  7.76     -0.00614
  7.78     -0.00632
  7.80     -0.00433
  7.82     -0.00304
  7.84     -0.00247
  7.86     -0.00377
  7.88     -0.00086
  7.90     -0.00344
  7.92     -0.00579
  7.94     -0.00613
  7.96     -0.00882
  7.98     -0.01390
  8.00     -0.01727
  8.02     -0.01579
  8.04     -0.01724
  8.06     -0.01563
  8.08     -0.01323
  8.10     -0.00874
  8.12     -0.00849
  8.14     -0.00832
  8.16     -0.00195
  8.18      0.00105
  8.20      0.00368
  8.22      0.00669
  8.24      0.01038
  8.26      0.00565
  8.28      0.00470
  8.30      0.00281
  8.32      0.00422
  8.34      0.00322
  8.36      0.00404
  8.38      0.00389
  8.40      0.00216
  8.42      0.00018
  8.44      0.00413
  8.46      0.00528
  8.48      0.00565
  8.50      0.00845
  8.52      0.00990
  8.54      0.00721
  8.56      0.00721
  8.58      0.00503
  8.60      0.00617
  8.62      0.00320
  8.64      0.00267
  8.66      0.00325
  8.68      0.00628
  8.70      0.00418
  8.72      0.00767
  8.74      0.01110
  8.76      0.01535
  8.78      0.02040
  8.80      0.02918
  8.82      0.03660
  8.84      0.04087
  8.86      0.04552
  8.88      0.05235
  8.90      0.05505
  8.92      0.05577
  8.94      0.05621
  8.96      0.05539
  8.98      0.05045
  9.00      0.04452
  9.02      0.04022
  9.04      0.03333
  9.06      0.02160
  9.08      0.01241
  9.10      0.00610
  9.12     -0.00569
  9.14     -0.01405
  9.16     -0.01693
  9.18     -0.02261
  9.20     -0.02922
  9.22     -0.03130
  9.24     -0.03539
  9.26     -0.03800
  9.28     -0.03748
  9.30     -0.03667
  9.32     -0.03713
  9.34     -0.03623
  9.36     -0.03554
  9.38     -0.03469
  9.40     -0.03312
  9.42     -0.02866
  9.44     -0.02436
  9.46     -0.02096
  9.48     -0.01780
  9.50     -0.01450
  9.52     -0.01329
  9.54     -0.00905
  9.56     -0.00516
  9.58     -0.00415
  9.60     -0.00315
  9.62     -0.00012
  9.64     -0.00138
  9.66     -0.00064
  9.68     -0.00183
  9.70     -0.00202
  9.72     -0.00437
  9.74     -0.00490
  9.76     -0.00739
  9.78     -0.00944
  9.80     -0.01137
  9.82     -0.01190
  9.84     -0.01378
  9.86     -0.01711
  9.88     -0.01900
  9.90     -0.01880
  9.92     -0.01923
  9.94     -0.01767
  9.96     -0.01245
  9.98     -0.00792
 10.00     -0.00666
 10.02     -0.00307
 10.04     -0.00273
 10.06     -0.00156
 10.08      0.00194
 10.10      0.00476
 10.12      0.00599
 10.14      0.01199
 10.16      0.01412
 10.18      0.01630
 10.20      0.01708
 10.22      0.01865
 10.24      0.01496
 10.26      0.00987
 10.28      0.00520
 10.30      0.00476
 10.32      0.00260
 10.34     -0.00002
 10.36      0.00134
 10.38      0.00136
 10.40      0.00127
 10.42      0.00011
 10.44      0.00058
 10.46     -0.00212
 10.48     -0.00305
 10.50     -0.00482
 10.52     -0.00538
 10.54     -0.00505
 10.56     -0.00089
 10.58     -0.00010
 10.60      0.00059
 10.62      0.00457
 10.64      0.00632
 10.66      0.00863
 10.68      0.01136
 10.70      0.01466
 10.72      0.01689
 10.74      0.02182
 10.76      0.02241
 10.78      0.02415
 10.80      0.02533
 10.82      0.02758
 10.84      0.02802
 10.86      0.02545
 10.88      0.02673
 10.90      0.02522
 10.92      0.02086
 10.94      0.01899
 10.96      0.01814
 10.98      0.01568
 11.00      0.01440
 11.02      0.01261
 11.04      0.00730
 11.06      0.00820
 11.08      0.00443
 11.10      0.00162
 11.12     -0.00181
 11.14     -0.00262
 11.16     -0.00431
 11.18     -0.00478
 11.20     -0.00642
 11.22     -0.00384
 11.24     -0.00184
 11.26     -0.00139
 11.28      0.00237
 11.30      0.00580
 11.32      0.00270
 11.34      0.00272
 11.36      0.00396
 11.38      0.00218
 11.40      0.00014
 11.42     -0.00034
 11.44     -0.00141
 11.46     -0.00399
 11.48     -0.00735
 11.50     -0.00817
 11.52     -0.00931
 11.54     -0.01184
 11.56     -0.01354
 11.58     -0.01294
 11.60     -0.01538
 11.62     -0.01433
 11.64     -0.01471
 11.66     -0.01626
 11.68     -0.01636
 11.70     -0.01656
 11.72     -0.01709
 11.74     -0.01616
 11.76     -0.01377
 11.78     -0.01405
 11.80     -0.01240
 11.82     -0.01166
 11.84     -0.00813
 11.86     -0.00797
 11.88     -0.00434
 11.90     -0.00545
 11.92     -0.00345
 11.94     -0.00540
 11.96     -0.00604
 11.98     -0.01011
 12.00     -0.00747
 12.02     -0.00871
 12.04     -0.00932
 12.06     -0.00993
 12.08     -0.00975
 12.10     -0.01247
 12.12     -0.01343
 12.14     -0.01354
 12.16     -0.01356
 12.18     -0.01184
 12.20     -0.01128
 12.22     -0.00892
 12.24     -0.00628
 12.26     -0.00233
 12.28      0.00118
 12.30      0.00700
 12.32      0.00672
 12.34      0.00687
 12.36      0.00591
 12.38      0.00470
 12.40      0.00492
 12.42      0.00729
 12.44      0.00718
 12.46      0.00773
 12.48      0.00797
 12.50      0.00521
 12.52      0.00241
 12.54      0.00257
 12.56      0.00209
 12.58      0.00181
 12.60      0.00381
 12.62      0.00654
 12.64      0.00492
 12.66      0.00530
 12.68      0.00625
 12.70      0.00759
 12.72      0.00829
 12.74      0.01430
 12.76      0.01785
 12.78      0.02273
 12.80      0.02639
 12.82      0.02777
 12.84      0.02781
 12.86      0.02903
 12.88      0.02749
 12.90      0.02341
 12.92      0.02315
 12.94      0.01941
 12.96      0.01626
 12.98      0.01330
 13.00      0.01288
 13.02      0.01128
 13.04      0.01264
 13.06      0.01246
 13.08      0.01056
 13.10      0.00920
 13.12      0.01055
 13.14      0.00629
 13.16      0.00309
 13.18      0.00476
 13.20      0.00379
 13.22      0.00105
 13.24      0.00287
 13.26      0.00145
 13.28     -0.00186
 13.30     -0.00480
 13.32     -0.00814
 13.34     -0.01033
 13.36     -0.00979
 13.38     -0.01192
 13.40     -0.01202
 13.42     -0.01311
 13.44     -0.01289
 13.46     -0.01312
 13.48     -0.01466
 13.50     -0.01556
 13.52     -0.01635
 13.54     -0.01813
 13.56     -0.01921
 13.58     -0.01773
 13.60     -0.01629
 13.62     -0.01345
 13.64     -0.01248
 13.66     -0.01285
 13.68     -0.00943
 13.70     -0.00969
 13.72     -0.01006
 13.74     -0.00916
 13.76     -0.00622
 13.78     -0.00564
 13.80     -0.00298
 13.82     -0.00207
 13.84     -0.00048
 13.86     -0.00050
 13.88     -0.00175
 13.90     -0.00298
 13.92     -0.00466
 13.94     -0.00686
 13.96     -0.00919
 13.98     -0.00795
 14.00     -0.00827
 14.02     -0.00674
 14.04     -0.00539
 14.06     -0.00503
 14.08     -0.00481
 14.10     -0.00461
 14.12     -0.00252
 14.14     -0.00228
 14.16      0.00285
 14.18      0.00131
 14.20      0.00428
 14.22      0.00454
 14.24      0.00623
 14.26      0.00761
 14.28      0.00900
 14.30      0.00918
 14.32      0.01033
 14.34      0.00885
 14.36      0.00697
 14.38      0.00921
 14.40      0.00720
 14.42      0.00415
 14.44      0.00483
 14.46      0.00385
 14.48      0.00299
 14.50      0.00354
 14.52      0.00480
 14.54      0.00484
 14.56      0.00452
 14.58      0.00312
 14.60      0.00292
 14.62      0.00310
 14.64      0.00247
 14.66      0.00177
 14.68      0.00149
 14.70      0.00061
 14.72     -0.00101
 14.74      0.00079
 14.76      0.00063
 14.78      0.00091
 14.80      0.00177
 14.82      0.00262
 14.84      0.00193
 14.86      0.00228
 14.88      0.00299
 14.90      0.00449
 14.92      0.00547
 14.94      0.00516
 14.96      0.00594
 14.98      0.00797
 15.00      0.00832
 15.02      0.00948
 15.04      0.00941
 15.06      0.00934
 15.08      0.00761
 15.10      0.00787
 15.12      0.00828
 15.14      0.00978
 15.16      0.01107
 15.18      0.01069
 15.20      0.00951
 15.22      0.00841
 15.24      0.00851
 15.26      0.00885
 15.28      0.00894
 15.30      0.00720
 15.32      0.00531
 15.34      0.00374
 15.36      0.00097
 15.38      0.00084
 15.40     -0.00004
 15.42      0.00033
 15.44     -0.00114
 15.46     -0.00098
 15.48     -0.00205
 15.50     -0.00184
 15.52     -0.00341
 15.54     -0.00704
 15.56     -0.00923
 15.58     -0.01147
 15.60     -0.01204
 15.62     -0.01265
 15.64     -0.01132
 15.66     -0.01179
 15.68     -0.01260
 15.70     -0.01152
 15.72     -0.01052
 15.74     -0.01037
 15.76     -0.00973
 15.78     -0.00961
 15.80     -0.00962
 15.82     -0.01057
 15.84     -0.01041
 15.86     -0.01052
 15.88     -0.00989
 15.90     -0.01112
 15.92     -0.01204
 15.94     -0.01023
 15.96     -0.00979
 15.98     -0.00768
 16.00     -0.00563
 16.02     -0.00251
 16.04     -0.00246
 16.06     -0.00144
 16.08     -0.00320
 16.10     -0.00289
 16.12     -0.00144
 16.14     -0.00005
 16.16      0.00067
 16.18      0.00311
 16.20      0.00326
 16.22      0.00279
 16.24      0.00475
 16.26      0.00498
 16.28      0.00645
 16.30      0.00760
 16.32      0.00685
 16.34      0.00395
 16.36      0.00487
 16.38      0.00408
 16.40      0.00309
 16.42      0.00279
 16.44      0.00320
 16.46      0.00125
 16.48     -0.00041
 16.50     -0.00013
 16.52      0.00257
 16.54      0.00369
 16.56      0.00607
 16.58      0.00828
 16.60      0.00894
 16.62      0.00761
 16.64      0.00774
 16.66      0.00701
 16.68      0.00523
 16.70      0.00500
 16.72      0.00505
 16.74      0.00464
 16.76      0.00350
 16.78      0.00293
 16.80      0.00089
 16.82      0.00024
 16.84      0.00011
 16.86      0.00143
 16.88      0.00261
 16.90      0.00371
 16.92      0.00359
 16.94      0.00291
 16.96      0.00202
 16.98      0.00193
 17.00      0.00199
 17.02      0.00091
 17.04      0.00102
 17.06      0.00123
 17.08      0.00135
 17.10      0.00238
 17.12      0.00293
 17.14      0.00408
 17.16      0.00549
 17.18      0.00515
 17.20      0.00250
 17.22      0.00377
 17.24      0.00317
 17.26      0.00226
 17.28      0.00315
 17.30      0.00476
 17.32      0.00232
 17.34      0.00258
 17.36      0.00065
 17.38     -0.00013
 17.40     -0.00050
 17.42      0.00104
 17.44      0.00105
 17.46      0.00108
 17.48      0.00060
 17.50     -0.00096
 17.52     -0.00079
 17.54     -0.00146
 17.56     -0.00134
 17.58     -0.00246
 17.60     -0.00113
 17.62     -0.00287
 17.64     -0.00398
 17.66     -0.00390
 17.68     -0.00470
 17.70     -0.00656
 17.72     -0.00688
 17.74     -0.00586
 17.76     -0.00656
 17.78     -0.00599
 17.80     -0.00524
 17.82     -0.00334
 17.84     -0.00457
 17.86     -0.00467
 17.88     -0.00506
 17.90     -0.00537
 17.92     -0.00780
 17.94     -0.00682
 17.96     -0.00590
 17.98     -0.00406
 18.00     -0.00454
 18.02     -0.00377
 18.04     -0.00588
 18.06     -0.00478
 18.08     -0.00642
 18.10     -0.00453
 18.12     -0.00439
 18.14     -0.00349
 18.16     -0.00315
 18.18     -0.00239
 18.20     -0.00275
 18.22     -0.00088
 18.24      0.00034
 18.26      0.00041
 18.28      0.00260
 18.30      0.00419
 18.32      0.00474
 18.34      0.00730
 18.36      0.00772
 18.38      0.00877
 18.40      0.00838
 18.42      0.00836
 18.44      0.00643
 18.46      0.00630
 18.48      0.00271
 18.50      0.00254
 18.52      0.00130
 18.54      0.00256
 18.56      0.00375
 18.58      0.00357
 18.60      0.00368
 18.62      0.00535
 18.64      0.00342
 18.66      0.00166
 18.68      0.00274
 18.70      0.00323
 18.72      0.00257
 18.74      0.00165
 18.76      0.00110
 18.78      0.00157
 18.80      0.00201
 18.82      0.00052
 18.84      0.00095
 18.86      0.00233
 18.88      0.00128
 18.90     -0.00112
 18.92     -0.00157
 18.94     -0.00133
 18.96     -0.00233
 18.98     -0.00120
 19.00     -0.00222
 19.02     -0.00163
 19.04     -0.00098
 19.06     -0.00155
 19.08     -0.00100
 19.10      0.00015
 19.12      0.00056
 19.14     -0.00013
 19.16      0.00129
 19.18     -0.00151
 19.20     -0.00056
 19.22     -0.00074
 19.24     -0.00121
 19.26     -0.00134
 19.28      0.00008
 19.30     -0.00099
 19.32     -0.00072
 19.34      0.00157
 19.36      0.00164
 19.38      0.00184
 19.40      0.00358
 19.42      0.00204
 19.44      0.00021
 19.46     -0.00176
 19.48     -0.00095
 19.50     -0.00287
 19.52     -0.00104
 19.54     -0.00006
 19.56      0.00058
 19.58     -0.00103
 19.60      0.00100
 19.62      0.00189
 19.64      0.00066
 19.66      0.00042
 19.68      0.00125
 19.70      0.00070
 19.72      0.00019
 19.74      0.00072
 19.76      0.00093
 19.78      0.00016
 19.80      0.00029
 19.82      0.00001
 19.84     -0.00066
 19.86     -0.00049
 19.88      0.00031
 19.90     -0.00065
 19.92     -0.00183
 19.94     -0.00239
 19.96     -0.00304
 19.98     -0.00290
 20.00     -0.00215
 20.02     -0.00158
 20.04     -0.00057
 20.06      0.00092
 20.08     -0.00007
 20.10     -0.00115
 20.12     -0.00149
 20.14     -0.00104
 20.16     -0.00217
 20.18     -0.00118
 20.20     -0.00183
 20.22     -0.00127
 20.24     -0.00238
 20.26     -0.00207
 20.28     -0.00225
 20.30     -0.00057
 20.32     -0.00066
 20.34      0.00065
 20.36      0.00041
 20.38      0.00063
 20.40      0.00096
 20.42      0.00137
 20.44      0.00003
 20.46     -0.00070
 20.48     -0.00089
 20.50     -0.00261
 20.52     -0.00201
 20.54     -0.00062
 20.56      0.00022
 20.58     -0.00016
 20.60      0.00039
 20.62     -0.00037
 20.64     -0.00038
 20.66     -0.00051
 20.68     -0.00028
 20.70      0.00153
 20.72      0.00205
 20.74      0.00235
 20.76      0.00328
 20.78      0.00296
 20.80      0.00087
 20.82      0.00006
 20.84      0.00003
 20.86     -0.00070
 20.88      0.00021
 20.90      0.00135
 20.92      0.00237
 20.94      0.00233
 20.96      0.00303
 20.98      0.00362
 21.00      0.00216
 21.02      0.00018
 21.04     -0.00065
 21.06     -0.00095
 21.08     -0.00255
 21.10     -0.00155
 21.12     -0.00074
 21.14     -0.00233
 21.16     -0.00252
 21.18     -0.00150
 21.20     -0.00098
 21.22     -0.00048
 21.24      0.00125
 21.26      0.00059
 21.28      0.00079
 21.30     -0.00045
 21.32     -0.00105
 21.34     -0.00089
 21.36     -0.00072
 21.38     -0.00057
 21.40     -0.00042
 21.42     -0.00011
 21.44     -0.00108
 21.46     -0.00091
 21.48     -0.00122
 21.50     -0.00014
 21.52     -0.00067
 21.54     -0.00051
 21.56      0.00034
 21.58      0.00049
 21.60      0.00060
 21.62      0.00203
 21.64      0.00262
 21.66      0.00305
 21.68      0.00275
 21.70      0.00257
 21.72      0.00186
 21.74      0.00338
 21.76      0.00186
 21.78      0.00181
 21.80      0.00190
 21.82      0.00239
 21.84      0.00087
 21.86      0.00075
 21.88     -0.00041
 21.90     -0.00067
 21.92     -0.00144
 21.94     -0.00167
 21.96     -0.00077
 21.98      0.00088
 22.00      0.00027
 22.02     -0.00121
 22.04     -0.00182
 22.06     -0.00252
 22.08     -0.00272
 22.10     -0.00283
 22.12     -0.00228
 22.14     -0.00209
 22.16     -0.00276
 22.18     -0.00220
 22.20     -0.00196
 22.22     -0.00064
 22.24      0.00033
 22.26      0.00156
 22.28      0.00096
 22.30      0.00219
 22.32      0.00160
 22.34      0.00219
 22.36      0.00156
 22.38      0.00110
 22.40     -0.00021
 22.42     -0.00110
 22.44     -0.00279
 22.46     -0.00144
 22.48     -0.00100
 22.50     -0.00107
 22.52     -0.00004
 22.54      0.00129
 22.56      0.00035
 22.58      0.00029
 22.60      0.00047
 22.62     -0.00051
 22.64      0.00004
 22.66     -0.00050
 22.68     -0.00108
 22.70      0.00015
 22.72      0.00160
 22.74      0.00059
 22.76      0.00078
 22.78      0.00047
 22.80     -0.00079
 22.82     -0.00244
 22.84     -0.00249
 22.86     -0.00218
 22.88     -0.00121
 22.90     -0.00204
 22.92     -0.00119
 22.94     -0.00153
 22.96     -0.00224
 22.98     -0.00308
 23.00     -0.00176
 23.02     -0.00186
 23.04     -0.00186
 23.06     -0.00137
 23.08     -0.00039
 23.10     -0.00141
 23.12     -0.00102
 23.14     -0.00072
 23.16     -0.00049
 23.18     -0.00069
 23.20     -0.00031
 23.22     -0.00048
 23.24     -0.00031
 23.26     -0.00076
 23.28     -0.00096
 23.30     -0.00138
 23.32     -0.00095
 23.34     -0.00163
 23.36     -0.00163
 23.38     -0.00149
 23.40     -0.00059
 23.42     -0.00010
 23.44      0.00032
 23.46      0.00187
 23.48      0.00182
 23.50      0.00146
 23.52      0.00156
 23.54      0.00263
 23.56      0.00248
 23.58      0.00256
 23.60      0.00414
 23.62      0.00358
 23.64      0.00244
 23.66      0.00184
 23.68      0.00191
 23.70      0.00081
 23.72     -0.00053
 23.74      0.00040
 23.76      0.00010
 23.78      0.00013
 23.80     -0.00031
 23.82      0.00038
 23.84      0.00003
 23.86     -0.00025
 23.88     -0.00111
 23.90     -0.00115
 23.92     -0.00063
 23.94      0.00013
 23.96     -0.00011
 23.98      0.00079
 24.00      0.00103
 24.02      0.00099
 24.04      0.00062
 24.06      0.00068
 24.08      0.00017
 24.10      0.00082
 24.12      0.00083
 24.14     -0.00058
 24.16     -0.00029
 24.18     -0.00052
 24.20     -0.00104
 24.22     -0.00126
 24.24     -0.00059
 24.26     -0.00033
 24.28      0.00038
 24.30     -0.00034
 24.32     -0.00032
 24.34     -0.00067
 24.36     -0.00088
 24.38     -0.00099
 24.40      0.00005
 24.42      0.00026
 24.44     -0.00039
 24.46      0.00048
 24.48      0.00031
 24.50     -0.00037
 24.52     -0.00002
 24.54      0.00089
 24.56      0.00036
 24.58      0.00061
 24.60      0.00094
 24.62      0.00105
 24.64      0.00108
 24.66      0.00119
 24.68      0.00070
 24.70      0.00069
 24.72     -0.00077
 24.74     -0.00079
 24.76     -0.00232
 24.78     -0.00226
 24.80     -0.00198
 24.82     -0.00094
 24.84     -0.00138
 24.86     -0.00042
 24.88      0.00008
 24.90     -0.00036
 24.92     -0.00093
 24.94     -0.00069
 24.96     -0.00120
 24.98     -0.00143
 25.00     -0.00158
 25.02     -0.00113
 25.04     -0.00151
 25.06     -0.00046
 25.08     -0.00010
 25.10     -0.00002
 25.12      0.00046
 25.14      0.00109
 25.16      0.00023
 25.18     -0.00034
 25.20      0.00009
 25.22     -0.00063
 25.24     -0.00086
 25.26     -0.00050
 25.28     -0.00048
 25.30     -0.00058
 25.32     -0.00031
 25.34     -0.00030
 25.36      0.00000
 25.38     -0.00004
 25.40     -0.00009
 25.42     -0.00007
 25.44      0.00037
 25.46      0.00037
 25.48      0.00047
 25.50      0.00056
 25.52      0.00096
 25.54      0.00135
 25.56      0.00172
 25.58      0.00159
 25.60      0.00173
 25.62      0.00090
 25.64      0.00038
 25.66     -0.00044
 25.68     -0.00069
 25.70     -0.00148
 25.72     -0.00135
 25.74     -0.00143
 25.76     -0.00089
 25.78     -0.00067
 25.80     -0.00040
 25.82     -0.00058
 25.84     -0.00124
 25.86     -0.00145
 25.88     -0.00137
 25.90     -0.00147
 25.92     -0.00127
 25.94     -0.00095
 25.96     -0.00114
 25.98     -0.00112
 26.00     -0.00148
 26.02     -0.00162
 26.04     -0.00146
 26.06     -0.00131
 26.08     -0.00180
 26.10     -0.00146
 26.12     -0.00148
 26.14     -0.00185
 26.16     -0.00252
 26.18     -0.00214
 26.20     -0.00229
 26.22     -0.00245
 26.24     -0.00209
 26.26     -0.00193
 26.28     -0.00206
 26.30     -0.00206
 26.32     -0.00211
 26.34     -0.00237
 26.36     -0.00228
 26.38     -0.00252
 26.40     -0.00262
 26.42     -0.00248
 26.44     -0.00253
 26.46     -0.00227
 26.48     -0.00204
 26.50     -0.00196
 26.52     -0.00162
 26.54     -0.00141
 26.56     -0.00172
 26.58     -0.00156
 26.60     -0.00144
 26.62     -0.00179
 26.64     -0.00192
 26.66     -0.00158
 26.68     -0.00157
 26.70     -0.00167
 26.72     -0.00153
 26.74     -0.00155
 26.76     -0.00171
 26.78     -0.00179
 26.80     -0.00163
 26.82     -0.00135
 26.84     -0.00121
 26.86     -0.00113
 26.88     -0.00122
 26.90     -0.00126
 26.92     -0.00154
 26.94     -0.00147
 26.96     -0.00122
 26.98     -0.00105
 27.00     -0.00091
 27.02     -0.00088
 27.04     -0.00094
 27.06     -0.00113
 27.08     -0.00117
 27.10     -0.00124
 27.12     -0.00117
 27.14     -0.00114
 27.16     -0.00115
 27.18     -0.00108
 27.20     -0.00101
 27.22     -0.00097
 27.24     -0.00083
 27.26     -0.00077
 27.28     -0.00065
 27.30     -0.00064
 27.32     -0.00061
 27.34     -0.00069
 27.36     -0.00068
 27.38     -0.00066
 27.40     -0.00060
 27.42     -0.00056
 27.44     -0.00042
 27.46     -0.00039
 27.48     -0.00048
 27.50     -0.00047
 27.52     -0.00047
 27.54     -0.00055
 27.56     -0.00054
 27.58     -0.00049
 27.60     -0.00045
 27.62     -0.00043
 27.64     -0.00041
 27.66     -0.00038
 27.68     -0.00036
 27.70     -0.00036
 27.72     -0.00033
 27.74     -0.00032
 27.76     -0.00030
 27.78     -0.00031
 27.80     -0.00029
 27.82     -0.00029
 27.84     -0.00028
 27.86     -0.00028
 27.88     -0.00026
 27.90     -0.00024
 27.92     -0.00021
 27.94     -0.00020
 27.96     -0.00019
 27.98     -0.00017
 28.00     -0.00016
 28.02     -0.00016
 28.04     -0.00015
 28.06     -0.00015
 28.08     -0.00015
 28.10     -0.00015
 28.12     -0.00015
 28.14     -0.00014
 28.16     -0.00012
 28.18     -0.00010
 28.20     -0.00010
 28.22     -0.00009
 28.24     -0.00009
 28.26     -0.00008
 28.28     -0.00009
 28.30     -0.00008
 28.32     -0.00008
 28.34     -0.00007
 28.36     -0.00008
 28.38     -0.00008
 28.40     -0.00007
 28.42     -0.00007
 28.44     -0.00007
 28.46     -0.00006
 28.48     -0.00006
 28.50     -0.00006
 28.52     -0.00005
 28.54     -0.00005
 28.56     -0.00005
 28.58     -0.00004
 28.60     -0.00004
 28.62     -0.00004
 28.64     -0.00004
 28.66     -0.00004
 28.68     -0.00003
 28.70     -0.00003
 28.72     -0.00003
 28.74     -0.00003
 28.76     -0.00003
 28.78     -0.00003
 28.80     -0.00002
 28.82     -0.00002
 28.84     -0.00002
 28.86     -0.00002
 28.88     -0.00002
 28.90     -0.00002
 28.92     -0.00002
 28.94     -0.00002
 28.96     -0.00001
 28.98     -0.00001
 29.00     -0.00001
 29.02     -0.00001
 29.04      0.00000
 29.06      0.00000
 29.08      0.00000
 29.10      0.00000
 29.12      0.00000
 29.14     -0.00001
 29.16     -0.00001
 29.18     -0.00001
 29.20     -0.00001
 29.22     -0.00001
 29.24     -0.00001
 29.26     -0.00001
 29.28     -0.00001
 29.30     -0.00001
 29.32     -0.00000
 29.34     -0.00000
 29.36     -0.00000
 29.38     -0.00000
 29.40     -0.00000
 29.42     -0.00000
 29.44     -0.00000
 29.46     -0.00000
 29.48     -0.00000
 29.50     -0.00000
 29.52     -0.00000
 29.54     -0.00000
 29.56     -0.00000
 29.58     -0.00000
 29.60     -0.00000
 29.62     -0.00000
 29.64     -0.00000
 29.66     -0.00000
 29.68     -0.00000
 29.70     -0.00000
 29.72     -0.00000
 29.74     -0.00000
 29.76     -0.00000
 29.78     -0.00000
 29.80     -0.00000
 29.82     -0.00000
 29.84     -0.00000
 29.86     -0.00000
 29.88     -0.00000
 29.90     -0.00000
 29.92     -0.00000
 29.94     -0.00000
 29.96     -0.00000
 29.98     -0.00000
 30.00     -0.00000
 30.02     -0.00000
 30.04     -0.00000
 30.06     -0.00000
 30.08     -0.00000
 30.10     -0.00000
 30.12     -0.00000
 30.14     -0.00000
 30.16     -0.00000
 30.18     -0.00000
 30.20     -0.00000
 30.22     -0.00000
 30.24     -0.00000
 30.26     -0.00000
 30.28     -0.00000
 30.30     -0.00000
 30.32     -0.00000
 30.34     -0.00000
 30.36     -0.00000
 30.38     -0.00000
 30.40     -0.00000
 30.42     -0.00000
 30.44     -0.00000
 30.46     -0.00000
 30.48     -0.00000
 30.50     -0.00000
 30.52     -0.00000
 30.54     -0.00000
 30.56     -0.00000
 30.58     -0.00000
 30.60     -0.00000
 30.62     -0.00000
 30.64     -0.00000
 30.66     -0.00000
 30.68     -0.00000
 30.70     -0.00000
 30.72     -0.00000
 30.74     -0.00000
 30.76     -0.00000
 30.78     -0.00000
 30.80     -0.00000
 30.82     -0.00000
 30.84     -0.00000
 30.86     -0.00000
 30.88     -0.00000
 30.90     -0.00000
 30.92     -0.00000
 30.94     -0.00000
 30.96     -0.00000
 30.98     -0.00000
 31.00     -0.00000
