 #r(A)        G(r)
  0.02      0.00000
  0.04      0.00000
  0.06      0.00000
  0.08      0.00000
  0.10      0.00000
  0.12      0.00000
  0.14      0.00000
  0.16      0.00000
  0.18      0.00000
  0.20      0.00000
  0.22      0.00000
  0.24      0.00000
  0.26      0.00000
  0.28      0.00000
  0.30      0.00000
  0.32      0.00000
  0.34      0.00000
  0.36      0.00000
  0.38      0.00000
  0.40      0.00000
  0.42      0.00000
  0.44      0.00000
  0.46      0.00000
  0.48      0.00000
  0.50      0.00000
  0.52      0.00000
  0.54      0.00000
  0.56      0.00000
  0.58      0.00000
  0.60      0.00000
  0.62      0.00000
  0.64      0.00000
  0.66      0.00000
  0.68      0.00000
  0.70      0.00000
  0.72      0.00000
  0.74      0.00000
  0.76     -0.00036
  0.78     -0.00072
  0.80     -0.00108
  0.82     -0.00144
  0.84     -0.00180
  0.86     -0.00216
  0.88     -0.00251
  0.90     -0.00287
  0.92     -0.00323
  0.94     -0.00359
  0.96     -0.00395
  0.98     -0.00431
  1.00     -0.00467
  1.02     -0.00503
  1.04     -0.00539
  1.06     -0.00575
  1.08     -0.00611
  1.10     -0.00647
  1.12     -0.00682
  1.14     -0.00718
  1.16     -0.00754
  1.18     -0.00798
  1.20     -0.00857
  1.22     -0.00915
  1.24     -0.00974
  1.26     -0.01033
  1.28     -0.01091
  1.30     -0.01150
  1.32     -0.01209
  1.34     -0.01267
  1.36     -0.01326
  1.38     -0.01384
  1.40     -0.01443
  1.42     -0.01502
  1.44     -0.01560
  1.46     -0.01619
  1.48     -0.01678
  1.50     -0.01736
  1.52     -0.01795
  1.54     -0.01854
  1.56     -0.01912
  1.58     -0.01971
  1.60     -0.02030
  1.62     -0.02088
  1.64     -0.02147
  1.66     -0.02205
  1.68     -0.02264
  1.70     -0.02323
  1.72     -0.02381
  1.74     -0.02440
  1.76     -0.02499
  1.78     -0.02557
  1.80     -0.02616
  1.82     -0.02675
  1.84     -0.02733
  1.86     -0.02792
  1.88     -0.02851
  1.90     -0.02909
  1.92     -0.02968
  1.94     -0.03027
  1.96     -0.03085
  1.98     -0.03144
  2.00     -0.03202
  2.02     -0.03261
  2.04     -0.03320
  2.06     -0.03378
  2.08     -0.03437
  2.10     -0.03496
  2.12     -0.03554
  2.14     -0.03613
  2.16     -0.03672
  2.18     -0.03730
  2.20     -0.03789
  2.22     -0.03848
  2.24     -0.03906
  2.26     -0.03965
  2.28     -0.04024
  2.30     -0.04082
  2.32     -0.04141
  2.34     -0.04199
  2.36     -0.04258
  2.38     -0.04317
  2.40     -0.04375
  2.42     -0.04434
  2.44     -0.04493
  2.46     -0.04551
  2.48     -0.04610
  2.50     -0.04669
  2.52     -0.04151
  2.54     -0.03028
  2.56     -0.01300
  2.58      0.01034
  2.60      0.03974
  2.62      0.06914
  2.64      0.09854
  2.66      0.12793
  2.68      0.15733
  2.70      0.18673
  2.72      0.21613
  2.74      0.23341
  2.76      0.23859
  2.78      0.23236
  2.80      0.21403
  2.82      0.18358
  2.84      0.15313
  2.86      0.12269
  2.88      0.09224
  2.90      0.06179
  2.92      0.03135
  2.94      0.00221
  2.96     -0.01704
  2.98     -0.02639
  3.00     -0.02586
  3.02     -0.01545
  3.04      0.00355
  3.06      0.02254
  3.08      0.04154
  3.10      0.06053
  3.12      0.07952
  3.14      0.09852
  3.16      0.11489
  3.18      0.12359
  3.20      0.12479
  3.22      0.11862
  3.24      0.10479
  3.26      0.08592
  3.28      0.06705
  3.30      0.04770
  3.32      0.02835
  3.34      0.00900
  3.36     -0.01035
  3.38     -0.02839
  3.40     -0.04260
  3.42     -0.05297
  3.44     -0.05952
  3.46     -0.06223
  3.48     -0.06242
  3.50     -0.06261
  3.52     -0.06280
  3.54     -0.06314
  3.56     -0.06349
  3.58     -0.06383
  3.60     -0.06417
  3.62     -0.06451
  3.64     -0.06485
  3.66     -0.06520
  3.68     -0.06554
  3.70     -0.06588
  3.72     -0.06622
  3.74     -0.06656
  3.76     -0.06691
  3.78     -0.06725
  3.80     -0.06759
  3.82     -0.06793
  3.84     -0.06827
  3.86     -0.06862
  3.88     -0.06896
  3.90     -0.06930
  3.92     -0.06964
  3.94     -0.06999
  3.96     -0.07033
  3.98     -0.07067
  4.00     -0.07101
  4.02     -0.07135
  4.04     -0.07170
  4.06     -0.07204
  4.08     -0.07238
  4.10     -0.07272
  4.12     -0.07306
  4.14     -0.07341
  4.16     -0.07375
  4.18     -0.07409
  4.20     -0.07443
  4.22     -0.07478
  4.24     -0.07512
  4.26     -0.07546
  4.28     -0.07079
  4.30     -0.06110
  4.32     -0.04640
  4.34     -0.02668
  4.36     -0.00194
  4.38      0.02279
  4.40      0.04743
  4.42      0.07207
  4.44      0.09671
  4.46      0.12135
  4.48      0.14599
  4.50      0.16060
  4.52      0.16518
  4.54      0.16033
  4.56      0.14544
  4.58      0.12053
  4.60      0.09561
  4.62      0.07070
  4.64      0.04578
  4.66      0.02087
  4.68     -0.00405
  4.70     -0.02896
  4.72     -0.04886
  4.74     -0.06375
  4.76     -0.07362
  4.78     -0.07847
  4.80     -0.07867
  4.82     -0.07887
  4.84     -0.07907
  4.86     -0.07927
  4.88     -0.07947
  4.90     -0.07967
  4.92     -0.07987
  4.94     -0.08007
  4.96     -0.08027
  4.98     -0.08079
  5.00     -0.08132
  5.02     -0.08184
  5.04     -0.08237
  5.06     -0.07480
  5.08     -0.05913
  5.10     -0.03536
  5.12     -0.00349
  5.14      0.03647
  5.16      0.07612
  5.18      0.11576
  5.20      0.15541
  5.22      0.19498
  5.24      0.23440
  5.26      0.27382
  5.28      0.29705
  5.30      0.30662
  5.32      0.30350
  5.34      0.28674
  5.36      0.25632
  5.38      0.22845
  5.40      0.20057
  5.42      0.17270
  5.44      0.14483
  5.46      0.11695
  5.48      0.08908
  5.50      0.06930
  5.52      0.05254
  5.54      0.03878
  5.56      0.02833
  5.58      0.02089
  5.60      0.00836
  5.62     -0.00416
  5.64     -0.01669
  5.66     -0.02922
  5.68     -0.04175
  5.70     -0.05427
  5.72     -0.06680
  5.74     -0.07678
  5.76     -0.08422
  5.78     -0.08912
  5.80     -0.09147
  5.82     -0.09127
  5.84     -0.09135
  5.86     -0.09143
  5.88     -0.09151
  5.90     -0.09158
  5.92     -0.09166
  5.94     -0.09174
  5.96     -0.09182
  5.98     -0.09190
  6.00     -0.09197
  6.02     -0.09205
  6.04     -0.09213
  6.06     -0.09221
  6.08     -0.09228
  6.10     -0.09236
  6.12     -0.09244
  6.14     -0.09252
  6.16     -0.09103
  6.18     -0.08799
  6.20     -0.08338
  6.22     -0.07722
  6.24     -0.06949
  6.26     -0.06176
  6.28     -0.05403
  6.30     -0.04630
  6.32     -0.03890
  6.34     -0.03150
  6.36     -0.02410
  6.38     -0.01983
  6.40     -0.01867
  6.42     -0.02046
  6.44     -0.02536
  6.46     -0.03339
  6.48     -0.04142
  6.50     -0.04945
  6.52     -0.05748
  6.54     -0.06551
  6.56     -0.07384
  6.58     -0.08217
  6.60     -0.08893
  6.62     -0.09414
  6.64     -0.09778
  6.66     -0.09986
  6.68     -0.10038
  6.70     -0.10090
  6.72     -0.10142
  6.74     -0.09644
  6.76     -0.08595
  6.78     -0.06995
  6.80     -0.04845
  6.82     -0.02144
  6.84      0.00557
  6.86      0.03258
  6.88      0.05958
  6.90      0.08659
  6.92      0.11891
  6.94      0.15654
  6.96      0.18847
  6.98      0.21470
  7.00      0.23589
  7.02      0.24606
  7.04      0.24522
  7.06      0.24428
  7.08      0.24333
  7.10      0.24239
  7.12      0.24144
  7.14      0.22987
  7.16      0.20768
  7.18      0.18100
  7.20      0.14921
  7.22      0.11229
  7.24      0.08088
  7.26      0.05498
  7.28      0.02908
  7.30      0.00318
  7.32     -0.02273
  7.34     -0.04911
  7.36     -0.07018
  7.38     -0.08594
  7.40     -0.09639
  7.42     -0.10152
  7.44     -0.10135
  7.46     -0.10117
  7.48     -0.10140
  7.50     -0.10162
  7.52     -0.10184
  7.54     -0.10206
  7.56     -0.10229
  7.58     -0.10266
  7.60     -0.09846
  7.62     -0.08989
  7.64     -0.07674
  7.66     -0.05899
  7.68     -0.03666
  7.70     -0.01433
  7.72      0.00800
  7.74      0.03034
  7.76      0.05267
  7.78      0.07500
  7.80      0.09734
  7.82      0.11049
  7.84      0.11447
  7.86      0.10980
  7.88      0.09596
  7.90      0.07295
  7.92      0.04993
  7.94      0.02691
  7.96      0.00389
  7.98     -0.01913
  8.00     -0.04215
  8.02     -0.06517
  8.04     -0.08360
  8.06     -0.09744
  8.08     -0.10112
  8.10     -0.09464
  8.12     -0.07801
  8.14     -0.05598
  8.16     -0.02838
  8.18     -0.00078
  8.20      0.02681
  8.22      0.05441
  8.24      0.08201
  8.26      0.10961
  8.28      0.13720
  8.30      0.15366
  8.32      0.15899
  8.34      0.15383
  8.36      0.13754
  8.38      0.11011
  8.40      0.08268
  8.42      0.05525
  8.44      0.02773
  8.46      0.00021
  8.48     -0.02731
  8.50     -0.05500
  8.52     -0.07712
  8.54     -0.09366
  8.56     -0.10464
  8.58     -0.11005
  8.60     -0.10990
  8.62     -0.10990
  8.64     -0.10990
  8.66     -0.10990
  8.68     -0.10991
  8.70     -0.10991
  8.72     -0.10991
  8.74     -0.10991
  8.76     -0.10992
  8.78     -0.10992
  8.80     -0.10992
  8.82     -0.10810
  8.84     -0.10447
  8.86     -0.09902
  8.88     -0.09174
  8.90     -0.08265
  8.92     -0.07356
  8.94     -0.06447
  8.96     -0.05538
  8.98     -0.04628
  9.00     -0.03719
  9.02     -0.02843
  9.04     -0.02330
  9.06     -0.02181
  9.08     -0.02374
  9.10     -0.02936
  9.12     -0.03862
  9.14     -0.04787
  9.16     -0.05713
  9.18     -0.06639
  9.20     -0.07596
  9.22     -0.08553
  9.24     -0.08840
  9.26     -0.08277
  9.28     -0.06861
  9.30     -0.04595
  9.32     -0.01477
  9.34      0.01823
  9.36      0.05145
  9.38      0.08874
  9.40      0.13010
  9.42      0.17555
  9.44      0.22480
  9.46      0.26453
  9.48      0.29086
  9.50      0.30460
  9.52      0.30495
  9.54      0.29190
  9.56      0.27873
  9.58      0.26513
  9.60      0.24337
  9.62      0.21348
  9.64      0.17589
  9.66      0.13014
  9.68      0.08335
  9.70      0.04326
  9.72      0.00987
  9.74     -0.01683
  9.76     -0.03684
  9.78     -0.05684
  9.80     -0.07664
  9.82     -0.09235
  9.84     -0.10399
  9.86     -0.11154
  9.88     -0.11529
  9.90     -0.11222
  9.92     -0.10618
  9.94     -0.09719
  9.96     -0.08523
  9.98     -0.07032
 10.00     -0.05566
 10.02     -0.04100
 10.04     -0.02634
 10.06     -0.01167
 10.08      0.00299
 10.10      0.01765
 10.12      0.02639
 10.14      0.02922
 10.16      0.02647
 10.18      0.01781
 10.20      0.00323
 10.22     -0.01134
 10.24     -0.02592
 10.26     -0.03775
 10.28     -0.04682
 10.30     -0.05348
 10.32     -0.05740
 10.34     -0.05559
 10.36     -0.05116
 10.38     -0.04106
 10.40     -0.02529
 10.42     -0.00385
 10.44      0.02030
 10.46      0.04716
 10.48      0.06850
 10.50      0.08434
 10.52      0.09499
 10.54      0.10013
 10.56      0.09976
 10.58      0.09939
 10.60      0.09360
 10.62      0.08239
 10.64      0.06609
 10.66      0.04436
 10.68      0.01721
 10.70     -0.00718
 10.72     -0.02881
 10.74     -0.04769
 10.76     -0.06382
 10.78     -0.07719
 10.80     -0.09056
 10.82     -0.10124
 10.84     -0.10922
 10.86     -0.11366
 10.88     -0.11457
 10.90     -0.11195
 10.92     -0.10851
 10.94     -0.10425
 10.96     -0.09999
 10.98     -0.09572
 11.00     -0.09146
 11.02     -0.08720
 11.04     -0.08293
 11.06     -0.07867
 11.08     -0.07605
 11.10     -0.07518
 11.12     -0.07597
 11.14     -0.07839
 11.16     -0.08246
 11.18     -0.08653
 11.20     -0.08593
 11.22     -0.08086
 11.24     -0.07113
 11.26     -0.05672
 11.28     -0.03765
 11.30     -0.01775
 11.32      0.00525
 11.34      0.03134
 11.36      0.06054
 11.38      0.09284
 11.40      0.12741
 11.42      0.15265
 11.44      0.16855
 11.46      0.17567
 11.48      0.17345
 11.50      0.16189
 11.52      0.14993
 11.54      0.13342
 11.56      0.11235
 11.58      0.08699
 11.60      0.05693
 11.62      0.02232
 11.64     -0.00763
 11.66     -0.03315
 11.68     -0.05399
 11.70     -0.07017
 11.72     -0.08168
 11.74     -0.09318
 11.76     -0.09818
 11.78     -0.09667
 11.80     -0.08865
 11.82     -0.07411
 11.84     -0.05307
 11.86     -0.03202
 11.88     -0.01119
 11.90      0.00965
 11.92      0.03049
 11.94      0.05133
 11.96      0.07216
 11.98      0.08445
 12.00      0.08827
 12.02      0.08413
 12.04      0.07152
 12.06      0.05643
 12.08      0.04732
 12.10      0.04419
 12.12      0.04704
 12.14      0.05587
 12.16      0.06470
 12.18      0.07335
 12.20      0.08623
 12.22      0.10335
 12.24      0.12470
 12.26      0.15028
 12.28      0.16813
 12.30      0.17403
 12.32      0.16867
 12.34      0.15128
 12.36      0.12192
 12.38      0.09257
 12.40      0.06321
 12.42      0.03386
 12.44      0.00451
 12.46     -0.02485
 12.48     -0.05420
 12.50     -0.07758
 12.52     -0.09497
 12.54     -0.10655
 12.56     -0.11215
 12.58     -0.11132
 12.60     -0.11027
 12.62     -0.10877
 12.64     -0.10681
 12.66     -0.10456
 12.68     -0.10232
 12.70     -0.10022
 12.72     -0.09813
 12.74     -0.09604
 12.76     -0.09394
 12.78     -0.09185
 12.80     -0.09066
 12.82     -0.09038
 12.84     -0.09094
 12.86     -0.09242
 12.88     -0.09307
 12.90     -0.09199
 12.92     -0.08918
 12.94     -0.08464
 12.96     -0.07837
 12.98     -0.06872
 13.00     -0.05568
 13.02     -0.03880
 13.04     -0.01816
 13.06      0.00632
 13.08      0.03126
 13.10      0.05319
 13.12      0.07166
 13.14      0.08683
 13.16      0.09854
 13.18      0.10680
 13.20      0.10828
 13.22      0.10299
 13.24      0.09133
 13.26      0.07290
 13.28      0.04769
 13.30      0.02235
 13.32     -0.00126
 13.34     -0.02315
 13.36     -0.04093
 13.38     -0.05460
 13.40     -0.06417
 13.42     -0.06798
 13.44     -0.06603
 13.46     -0.06069
 13.48     -0.05225
 13.50     -0.04041
 13.52     -0.02858
 13.54     -0.01675
 13.56     -0.00492
 13.58      0.00217
 13.60      0.00436
 13.62      0.00209
 13.64     -0.00144
 13.66     -0.00622
 13.68     -0.00752
 13.70     -0.00538
 13.72      0.00025
 13.74      0.00735
 13.76      0.01593
 13.78      0.02598
 13.80      0.03988
 13.82      0.05763
 13.84      0.07776
 13.86      0.09327
 13.88      0.10418
 13.90      0.10851
 13.92      0.10585
 13.94      0.09603
 13.96      0.08326
 13.98      0.06753
 14.00      0.04904
 14.02      0.02753
 14.04      0.00281
 14.06     -0.02190
 14.08     -0.04313
 14.10     -0.05948
 14.12     -0.07096
 14.14     -0.07757
 14.16     -0.07930
 14.18     -0.07819
 14.20     -0.07560
 14.22     -0.07154
 14.24     -0.06600
 14.26     -0.05899
 14.28     -0.05198
 14.30     -0.04497
 14.32     -0.04072
 14.34     -0.03974
 14.36     -0.03741
 14.38     -0.03387
 14.40     -0.02913
 14.42     -0.02044
 14.44     -0.00779
 14.46      0.00744
 14.48      0.02527
 14.50      0.04569
 14.52      0.06870
 14.54      0.09568
 14.56      0.12404
 14.58      0.14571
 14.60      0.16085
 14.62      0.16992
 14.64      0.17109
 14.66      0.16427
 14.68      0.15228
 14.70      0.13510
 14.72      0.11304
 14.74      0.08580
 14.76      0.05338
 14.78      0.02096
 14.80     -0.00630
 14.82     -0.02839
 14.84     -0.04532
 14.86     -0.05710
 14.88     -0.06372
 14.90     -0.06775
 14.92     -0.06918
 14.94     -0.06802
 14.96     -0.06428
 14.98     -0.05794
 15.00     -0.05160
 15.02     -0.04768
 15.04     -0.04619
 15.06     -0.04467
 15.08     -0.04326
 15.10     -0.04196
 15.12     -0.03836
 15.14     -0.03244
 15.16     -0.02663
 15.18     -0.02082
 15.20     -0.01510
 15.22     -0.00938
 15.24     -0.00245
 15.26      0.00535
 15.28      0.00974
 15.30      0.01073
 15.32      0.00857
 15.34      0.00180
 15.36     -0.00959
 15.38     -0.02098
 15.40     -0.03238
 15.42     -0.04377
 15.44     -0.05516
 15.46     -0.06548
 15.48     -0.07472
 15.50     -0.08057
 15.52     -0.08304
 15.54     -0.08212
 15.56     -0.07898
 15.58     -0.07353
 15.60     -0.06808
 15.62     -0.06263
 15.64     -0.05732
 15.66     -0.05201
 15.68     -0.04885
 15.70     -0.04478
 15.72     -0.03967
 15.74     -0.03365
 15.76     -0.02671
 15.78     -0.01554
 15.80     -0.00312
 15.82      0.01055
 15.84      0.02547
 15.86      0.04164
 15.88      0.05782
 15.90      0.07507
 15.92      0.08705
 15.94      0.09399
 15.96      0.09623
 15.98      0.09342
 16.00      0.08198
 16.02      0.06795
 16.04      0.05156
 16.06      0.03267
 16.08      0.01128
 16.10     -0.00727
 16.12     -0.02298
 16.14     -0.03281
 16.16     -0.03673
 16.18     -0.03474
 16.20     -0.02970
 16.22     -0.02033
 16.24     -0.00971
 16.26      0.00215
 16.28      0.01527
 16.30      0.02964
 16.32      0.03833
 16.34      0.04406
 16.36      0.04697
 16.38      0.04684
 16.40      0.04375
 16.42      0.04449
 16.44      0.04641
 16.46      0.04951
 16.48      0.05380
 16.50      0.05928
 16.52      0.06476
 16.54      0.07307
 16.56      0.07879
 16.58      0.08192
 16.60      0.08277
 16.62      0.08104
 16.64      0.07126
 16.66      0.05911
 16.68      0.04473
 16.70      0.02792
 16.72      0.00873
 16.74     -0.01061
 16.76     -0.02995
 16.78     -0.04657
 16.80     -0.06048
 16.82     -0.07167
 16.84     -0.08014
 16.86     -0.08471
 16.88     -0.08810
 16.90     -0.09039
 16.92     -0.09151
 16.94     -0.09144
 16.96     -0.08976
 16.98     -0.08655
 17.00     -0.08173
 17.02     -0.07292
 17.04     -0.06014
 17.06     -0.04499
 17.08     -0.02753
 17.10     -0.00770
 17.12      0.01213
 17.14      0.03196
 17.16      0.05180
 17.18      0.06842
 17.20      0.08183
 17.22      0.09222
 17.24      0.09462
 17.26      0.08905
 17.28      0.07902
 17.30      0.06424
 17.32      0.04619
 17.34      0.02949
 17.36      0.01428
 17.38      0.00054
 17.40     -0.01010
 17.42     -0.01913
 17.44     -0.02664
 17.46     -0.03016
 17.48     -0.02970
 17.50     -0.02689
 17.52     -0.02172
 17.54     -0.01570
 17.56     -0.01122
 17.58     -0.00810
 17.60     -0.00652
 17.62     -0.00647
 17.64     -0.00643
 17.66     -0.00638
 17.68     -0.00634
 17.70     -0.00629
 17.72     -0.00625
 17.74     -0.00627
 17.76     -0.00775
 17.78     -0.01061
 17.80     -0.01467
 17.82     -0.02012
 17.84     -0.02695
 17.86     -0.03377
 17.88     -0.04060
 17.90     -0.04710
 17.92     -0.05327
 17.94     -0.05911
 17.96     -0.06474
 17.98     -0.06878
 18.00     -0.07139
 18.02     -0.07257
 18.04     -0.07232
 18.06     -0.07071
 18.08     -0.06911
 18.10     -0.06750
 18.12     -0.06339
 18.14     -0.05679
 18.16     -0.04766
 18.18     -0.03478
 18.20     -0.01817
 18.22     -0.00032
 18.24      0.01877
 18.26      0.03910
 18.28      0.05940
 18.30      0.07971
 18.32      0.10001
 18.34      0.11434
 18.36      0.12270
 18.38      0.12528
 18.40      0.11941
 18.42      0.10509
 18.44      0.08843
 18.46      0.07047
 18.48      0.05119
 18.50      0.03309
 18.52      0.01616
 18.54      0.00033
 18.56     -0.01235
 18.58     -0.02188
 18.60     -0.02826
 18.62     -0.03041
 18.64     -0.02817
 18.66     -0.02302
 18.68     -0.01732
 18.70     -0.01115
 18.72     -0.00553
 18.74      0.00050
 18.76      0.00527
 18.78      0.01109
 18.80      0.01801
 18.82      0.02603
 18.84      0.03405
 18.86      0.04207
 18.88      0.04676
 18.90      0.04929
 18.92      0.04986
 18.94      0.04828
 18.96      0.04224
 18.98      0.03519
 19.00      0.02673
 19.02      0.01669
 19.04      0.00511
 19.06     -0.00582
 19.08     -0.01610
 19.10     -0.02471
 19.12     -0.03165
 19.14     -0.03693
 19.16     -0.04053
 19.18     -0.04138
 19.20     -0.03995
 19.22     -0.03757
 19.24     -0.03432
 19.26     -0.02954
 19.28     -0.02442
 19.30     -0.02026
 19.32     -0.01561
 19.34     -0.01046
 19.36     -0.00531
 19.38     -0.00017
 19.40      0.00498
 19.42      0.00779
 19.44      0.00893
 19.46      0.00843
 19.48      0.00527
 19.50     -0.00055
 19.52     -0.00531
 19.54     -0.00967
 19.56     -0.01363
 19.58     -0.01620
 19.60     -0.01748
 19.62     -0.01876
 19.64     -0.01887
 19.66     -0.01782
 19.68     -0.01560
 19.70     -0.01172
 19.72     -0.00442
 19.74      0.00238
 19.76      0.00864
 19.78      0.01456
 19.80      0.01948
 19.82      0.02155
 19.84      0.02362
 19.86      0.02569
 19.88      0.02776
 19.90      0.02983
 19.92      0.03187
 19.94      0.03036
 19.96      0.02670
 19.98      0.02108
 20.00      0.01331
 20.02      0.00337
 20.04     -0.00477
 20.06     -0.01250
 20.08     -0.01983
 20.10     -0.02674
 20.12     -0.03325
 20.14     -0.03976
 20.16     -0.04450
 20.18     -0.04748
 20.20     -0.04869
 20.22     -0.04814
 20.24     -0.04543
 20.26     -0.04315
 20.28     -0.04130
 20.30     -0.03829
 20.32     -0.03418
 20.34     -0.02934
 20.36     -0.02297
 20.38     -0.01505
 20.40     -0.00738
 20.42      0.00029
 20.44      0.00795
 20.46      0.01475
 20.48      0.02119
 20.50      0.02730
 20.52      0.02998
 20.54      0.02993
 20.56      0.02810
 20.58      0.02391
 20.60      0.01735
 20.62      0.01150
 20.64      0.00565
 20.66     -0.00019
 20.68     -0.00570
 20.70     -0.01082
 20.72     -0.01385
 20.74     -0.01331
 20.76     -0.01056
 20.78     -0.00564
 20.80      0.00152
 20.82      0.00914
 20.84      0.01562
 20.86      0.02245
 20.88      0.02927
 20.90      0.03607
 20.92      0.04287
 20.94      0.04614
 20.96      0.04600
 20.98      0.04336
 21.00      0.03732
 21.02      0.02784
 21.04      0.01875
 21.06      0.01000
 21.08      0.00090
 21.10     -0.00788
 21.12     -0.01636
 21.14     -0.02484
 21.16     -0.03160
 21.18     -0.03666
 21.20     -0.04001
 21.22     -0.03978
 21.24     -0.03599
 21.26     -0.03097
 21.28     -0.02387
 21.30     -0.01465
 21.32     -0.00516
 21.34      0.00455
 21.36      0.01515
 21.38      0.02575
 21.40      0.03635
 21.42      0.04696
 21.44      0.05452
 21.46      0.05903
 21.48      0.06094
 21.50      0.05833
 21.52      0.05177
 21.54      0.04437
 21.56      0.03603
 21.58      0.02646
 21.60      0.01745
 21.62      0.00844
 21.64     -0.00057
 21.66     -0.00806
 21.68     -0.01350
 21.70     -0.01687
 21.72     -0.01730
 21.74     -0.01593
 21.76     -0.01424
 21.78     -0.01272
 21.80     -0.01150
 21.82     -0.01140
 21.84     -0.01130
 21.86     -0.01120
 21.88     -0.01110
 21.90     -0.01207
 21.92     -0.01411
 21.94     -0.01716
 21.96     -0.02072
 21.98     -0.02471
 22.00     -0.02818
 22.02     -0.03101
 22.04     -0.03319
 22.06     -0.03529
 22.08     -0.03739
 22.10     -0.03948
 22.12     -0.04105
 22.14     -0.04207
 22.16     -0.04167
 22.18     -0.03980
 22.20     -0.03650
 22.22     -0.03195
 22.24     -0.02611
 22.26     -0.01994
 22.28     -0.01342
 22.30     -0.00652
 22.32      0.00035
 22.34      0.00722
 22.36      0.01409
 22.38      0.01909
 22.40      0.02224
 22.42      0.02345
 22.44      0.02261
 22.46      0.01975
 22.48      0.01675
 22.50      0.01357
 22.52      0.01038
 22.54      0.00718
 22.56      0.00398
 22.58      0.00067
 22.60     -0.00089
 22.62     -0.00071
 22.64      0.00133
 22.66      0.00451
 22.68      0.00884
 22.70      0.01265
 22.72      0.01588
 22.74      0.01836
 22.76      0.02085
 22.78      0.02334
 22.80      0.02583
 22.82      0.02666
 22.84      0.02586
 22.86      0.02353
 22.88      0.01972
 22.90      0.01443
 22.92      0.00931
 22.94      0.00433
 22.96     -0.00051
 22.98     -0.00535
 23.00     -0.01032
 23.02     -0.01529
 23.04     -0.01944
 23.06     -0.02229
 23.08     -0.02379
 23.10     -0.02340
 23.12     -0.02111
 23.14     -0.01772
 23.16     -0.01377
 23.18     -0.00928
 23.20     -0.00479
 23.22     -0.00030
 23.24      0.00419
 23.26      0.00867
 23.28      0.01207
 23.30      0.01440
 23.32      0.01551
 23.34      0.01535
 23.36      0.01397
 23.38      0.01240
 23.40      0.01058
 23.42      0.00877
 23.44      0.00695
 23.46      0.00514
 23.48      0.00333
 23.50      0.00256
 23.52      0.00293
 23.54      0.00367
 23.56      0.00471
 23.58      0.00619
 23.60      0.00689
 23.62      0.00682
 23.64      0.00675
 23.66      0.00668
 23.68      0.00661
 23.70      0.00654
 23.72      0.00526
 23.74      0.00277
 23.76      0.00007
 23.78     -0.00291
 23.80     -0.00620
 23.82     -0.00859
 23.84     -0.01006
 23.86     -0.01154
 23.88     -0.01302
 23.90     -0.01450
 23.92     -0.01533
 23.94     -0.01491
 23.96     -0.01326
 23.98     -0.01066
 24.00     -0.00711
 24.02     -0.00321
 24.04      0.00038
 24.06      0.00367
 24.08      0.00695
 24.10      0.01024
 24.12      0.01353
 24.14      0.01551
 24.16      0.01620
 24.18      0.01578
 24.20      0.01393
 24.22      0.01067
 24.24      0.00731
 24.26      0.00383
 24.28      0.00012
 24.30     -0.00360
 24.32     -0.00731
 24.34     -0.01081
 24.36     -0.01342
 24.38     -0.01516
 24.40     -0.01594
 24.42     -0.01549
 24.44     -0.01408
 24.46     -0.01233
 24.48     -0.01024
 24.50     -0.00792
 24.52     -0.00560
 24.54     -0.00327
 24.56     -0.00140
 24.58      0.00002
 24.60      0.00101
 24.62      0.00101
 24.64      0.00002
 24.66     -0.00146
 24.68     -0.00348
 24.70     -0.00603
 24.72     -0.00863
 24.74     -0.01123
 24.76     -0.01342
 24.78     -0.01497
 24.80     -0.01588
 24.82     -0.01589
 24.84     -0.01466
 24.86     -0.01260
 24.88     -0.01000
 24.90     -0.00679
 24.92     -0.00325
 24.94      0.00026
 24.96      0.00378
 24.98      0.00646
 25.00      0.00833
 25.02      0.00976
 25.04      0.01016
 25.06      0.00953
 25.08      0.00872
 25.10      0.00770
 25.12      0.00613
 25.14      0.00456
 25.16      0.00352
 25.18      0.00303
 25.20      0.00350
 25.22      0.00492
 25.24      0.00662
 25.26      0.00832
 25.28      0.01006
 25.30      0.01140
 25.32      0.01233
 25.34      0.01351
 25.36      0.01468
 25.38      0.01473
 25.40      0.01368
 25.42      0.01162
 25.44      0.00848
 25.46      0.00460
 25.48      0.00108
 25.50     -0.00208
 25.52     -0.00489
 25.54     -0.00737
 25.56     -0.00985
 25.58     -0.01206
 25.60     -0.01352
 25.62     -0.01392
 25.64     -0.01328
 25.66     -0.01162
 25.68     -0.00919
 25.70     -0.00653
 25.72     -0.00391
 25.74     -0.00130
 25.76      0.00131
 25.78      0.00389
 25.80      0.00595
 25.82      0.00772
 25.84      0.00871
 25.86      0.00892
 25.88      0.00837
 25.90      0.00754
 25.92      0.00622
 25.94      0.00492
 25.96      0.00372
 25.98      0.00263
 26.00      0.00164
 26.02      0.00108
 26.04      0.00046
 26.06     -0.00004
 26.08     -0.00040
 26.10     -0.00064
 26.12     -0.00108
 26.14     -0.00126
 26.16     -0.00144
 26.18     -0.00183
 26.20     -0.00248
 26.22     -0.00323
 26.24     -0.00422
 26.26     -0.00523
 26.28     -0.00602
 26.30     -0.00660
 26.32     -0.00707
 26.34     -0.00731
 26.36     -0.00733
 26.38     -0.00715
 26.40     -0.00649
 26.42     -0.00535
 26.44     -0.00391
 26.46     -0.00234
 26.48     -0.00061
 26.50      0.00099
 26.52      0.00247
 26.54      0.00400
 26.56      0.00553
 26.58      0.00663
 26.60      0.00739
 26.62      0.00749
 26.64      0.00692
 26.66      0.00579
 26.68      0.00448
 26.70      0.00293
 26.72      0.00148
 26.74      0.00021
 26.76     -0.00097
 26.78     -0.00204
 26.80     -0.00282
 26.82     -0.00343
 26.84     -0.00381
 26.86     -0.00397
 26.88     -0.00389
 26.90     -0.00381
 26.92     -0.00356
 26.94     -0.00332
 26.96     -0.00326
 26.98     -0.00336
 27.00     -0.00359
 27.02     -0.00398
 27.04     -0.00447
 27.06     -0.00484
 27.08     -0.00514
 27.10     -0.00538
 27.12     -0.00544
 27.14     -0.00540
 27.16     -0.00521
 27.18     -0.00478
 27.20     -0.00418
 27.22     -0.00353
 27.24     -0.00281
 27.26     -0.00208
 27.28     -0.00143
 27.30     -0.00081
 27.32     -0.00018
 27.34      0.00024
 27.36      0.00055
 27.38      0.00068
 27.40      0.00062
 27.42      0.00040
 27.44      0.00021
 27.46     -0.00004
 27.48     -0.00024
 27.50     -0.00026
 27.52     -0.00013
 27.54      0.00020
 27.56      0.00082
 27.58      0.00153
 27.60      0.00223
 27.62      0.00293
 27.64      0.00358
 27.66      0.00406
 27.68      0.00460
 27.70      0.00513
 27.72      0.00538
 27.74      0.00536
 27.76      0.00498
 27.78      0.00423
 27.80      0.00322
 27.82      0.00222
 27.84      0.00123
 27.86      0.00037
 27.88     -0.00034
 27.90     -0.00098
 27.92     -0.00154
 27.94     -0.00189
 27.96     -0.00208
 27.98     -0.00206
 28.00     -0.00188
 28.02     -0.00154
 28.04     -0.00115
 28.06     -0.00072
 28.08     -0.00035
 28.10     -0.00005
 28.12      0.00010
 28.14      0.00010
 28.16     -0.00004
 28.18     -0.00025
 28.20     -0.00054
 28.22     -0.00076
 28.24     -0.00092
 28.26     -0.00103
 28.28     -0.00109
 28.30     -0.00110
 28.32     -0.00111
 28.34     -0.00108
 28.36     -0.00100
 28.38     -0.00088
 28.40     -0.00071
 28.42     -0.00049
 28.44     -0.00038
 28.46     -0.00036
 28.48     -0.00044
 28.50     -0.00061
 28.52     -0.00086
 28.54     -0.00107
 28.56     -0.00127
 28.58     -0.00143
 28.60     -0.00154
 28.62     -0.00164
 28.64     -0.00170
 28.66     -0.00168
 28.68     -0.00161
 28.70     -0.00149
 28.72     -0.00130
 28.74     -0.00109
 28.76     -0.00088
 28.78     -0.00068
 28.80     -0.00051
 28.82     -0.00038
 28.84     -0.00028
 28.86     -0.00026
 28.88     -0.00031
 28.90     -0.00040
 28.92     -0.00051
 28.94     -0.00065
 28.96     -0.00078
 28.98     -0.00089
 29.00     -0.00099
 29.02     -0.00108
 29.04     -0.00116
 29.06     -0.00122
 29.08     -0.00124
 29.10     -0.00124
 29.12     -0.00122
 29.14     -0.00117
 29.16     -0.00112
 29.18     -0.00108
 29.20     -0.00104
 29.22     -0.00102
 29.24     -0.00101
 29.26     -0.00101
 29.28     -0.00100
 29.30     -0.00098
 29.32     -0.00095
 29.34     -0.00091
 29.36     -0.00085
 29.38     -0.00079
 29.40     -0.00072
 29.42     -0.00066
 29.44     -0.00059
 29.46     -0.00051
 29.48     -0.00044
 29.50     -0.00036
 29.52     -0.00030
 29.54     -0.00025
 29.56     -0.00023
 29.58     -0.00022
 29.60     -0.00023
 29.62     -0.00025
 29.64     -0.00027
 29.66     -0.00029
 29.68     -0.00030
 29.70     -0.00031
 29.72     -0.00032
 29.74     -0.00033
 29.76     -0.00033
 29.78     -0.00033
 29.80     -0.00033
 29.82     -0.00031
 29.84     -0.00030
 29.86     -0.00029
 29.88     -0.00028
 29.90     -0.00028
 29.92     -0.00028
 29.94     -0.00029
 29.96     -0.00030
 29.98     -0.00030
 30.00     -0.00030
 30.02     -0.00031
 30.04     -0.00031
 30.06     -0.00031
 30.08     -0.00030
 30.10     -0.00030
 30.12     -0.00029
 30.14     -0.00028
 30.16     -0.00027
 30.18     -0.00026
 30.20     -0.00025
 30.22     -0.00024
 30.24     -0.00023
 30.26     -0.00022
 30.28     -0.00022
 30.30     -0.00021
 30.32     -0.00020
 30.34     -0.00019
 30.36     -0.00018
 30.38     -0.00017
 30.40     -0.00017
 30.42     -0.00016
 30.44     -0.00015
 30.46     -0.00014
 30.48     -0.00014
 30.50     -0.00013
 30.52     -0.00013
 30.54     -0.00012
 30.56     -0.00012
 30.58     -0.00011
 30.60     -0.00011
 30.62     -0.00010
 30.64     -0.00010
 30.66     -0.00010
 30.68     -0.00009
 30.70     -0.00009
 30.72     -0.00008
 30.74     -0.00008
 30.76     -0.00007
 30.78     -0.00007
 30.80     -0.00007
 30.82     -0.00006
 30.84     -0.00006
 30.86     -0.00006
 30.88     -0.00005
 30.90     -0.00005
 30.92     -0.00005
 30.94     -0.00005
 30.96     -0.00004
 30.98     -0.00004
 31.00     -0.00004
