 #r(A)        G(r)
  0.02      0.00000
  0.04      0.00000
  0.06      0.00000
  0.08      0.00000
  0.10      0.00000
  0.12      0.00000
  0.14      0.00000
  0.16      0.00000
  0.18      0.00000
  0.20      0.00000
  0.22      0.00000
  0.24      0.00000
  0.26      0.00000
  0.28      0.00000
  0.30      0.00000
  0.32      0.00000
  0.34      0.00000
  0.36      0.00000
  0.38      0.00000
  0.40      0.00000
  0.42      0.00000
  0.44      0.00000
  0.46      0.00000
  0.48      0.00000
  0.50      0.00000
  0.52      0.00000
  0.54      0.00000
  0.56      0.00000
  0.58      0.00000
  0.60      0.00000
  0.62      0.00000
  0.64      0.00000
  0.66      0.00000
  0.68      0.00000
  0.70      0.00000
  0.72      0.00000
  0.74      0.00000
  0.76      0.00000
  0.78      0.00000
  0.80      0.00000
  0.82      0.00000
  0.84      0.00000
  0.86      0.00000
  0.88      0.00000
  0.90      0.00000
  0.92      0.00000
  0.94      0.00000
  0.96      0.00000
  0.98      0.00000
  1.00      0.00000
  1.02      0.00000
  1.04      0.00000
  1.06      0.00000
  1.08      0.00000
  1.10      0.00000
  1.12      0.00000
  1.14      0.00000
  1.16      0.00000
  1.18      0.00000
  1.20      0.00000
  1.22      0.00000
  1.24      0.00000
  1.26      0.00000
  1.28      0.00000
  1.30      0.00000
  1.32      0.00000
  1.34      0.00000
  1.36      0.00000
  1.38      0.00000
  1.40      0.00000
  1.42      0.00000
  1.44      0.00000
  1.46      0.00000
  1.48      0.00000
  1.50      0.00000
  1.52      0.00000
  1.54     -0.00052
  1.56     -0.00156
  1.58     -0.00312
  1.60     -0.00520
  1.62     -0.00780
  1.64     -0.01040
  1.66     -0.01300
  1.68     -0.01560
  1.70     -0.01820
  1.72     -0.02080
  1.74     -0.02340
  1.76     -0.02600
  1.78     -0.02860
  1.80     -0.03120
  1.82     -0.03380
  1.84     -0.03640
  1.86     -0.03900
  1.88     -0.04160
  1.90     -0.04420
  1.92     -0.04628
  1.94     -0.04784
  1.96     -0.04888
  1.98     -0.04940
  2.00     -0.04940
  2.02     -0.04940
  2.04     -0.04940
  2.06     -0.04940
  2.08     -0.04940
  2.10     -0.04940
  2.12     -0.04940
  2.14     -0.04940
  2.16     -0.04940
  2.18     -0.04940
  2.20     -0.04940
  2.22     -0.04940
  2.24     -0.04940
  2.26     -0.04940
  2.28     -0.04940
  2.30     -0.04940
  2.32     -0.04940
  2.34     -0.04940
  2.36     -0.04663
  2.38     -0.04110
  2.40     -0.03281
  2.42     -0.02176
  2.44     -0.00794
  2.46      0.00588
  2.48      0.01970
  2.50      0.03352
  2.52      0.04734
  2.54      0.06116
  2.56      0.07498
  2.58      0.08880
  2.60      0.10262
  2.62      0.11644
  2.64      0.13026
  2.66      0.14408
  2.68      0.15790
  2.70      0.17155
  2.72      0.18503
  2.74      0.19280
  2.76      0.19488
  2.78      0.19126
  2.80      0.18211
  2.82      0.16743
  2.84      0.15276
  2.86      0.13808
  2.88      0.12340
  2.90      0.10873
  2.92      0.09405
  2.94      0.07937
  2.96      0.06470
  2.98      0.05002
  3.00      0.03534
  3.02      0.02067
  3.04      0.00599
  3.06     -0.00869
  3.08     -0.02319
  3.10     -0.03753
  3.12     -0.04893
  3.14     -0.05739
  3.16     -0.06292
  3.18     -0.06568
  3.20     -0.06568
  3.22     -0.06568
  3.24     -0.06568
  3.26     -0.06568
  3.28     -0.06568
  3.30     -0.06568
  3.32     -0.06568
  3.34     -0.06568
  3.36     -0.06568
  3.38     -0.06568
  3.40     -0.06568
  3.42     -0.06568
  3.44     -0.06568
  3.46     -0.06568
  3.48     -0.06568
  3.50     -0.06568
  3.52     -0.06477
  3.54     -0.06295
  3.56     -0.05969
  3.58     -0.05554
  3.60     -0.05048
  3.62     -0.04544
  3.64     -0.04041
  3.66     -0.03591
  3.68     -0.03141
  3.70     -0.02690
  3.72     -0.02240
  3.74     -0.01790
  3.76     -0.01340
  3.78     -0.00890
  3.80     -0.00440
  3.82      0.00010
  3.84      0.00461
  3.86      0.00911
  3.88      0.01361
  3.90      0.01629
  3.92      0.01714
  3.94      0.01566
  3.96      0.01236
  3.98      0.00725
  4.00      0.00215
  4.02     -0.00293
  4.04     -0.00749
  4.06     -0.01205
  4.08     -0.01660
  4.10     -0.02116
  4.12     -0.02572
  4.14     -0.03027
  4.16     -0.03483
  4.18     -0.03939
  4.20     -0.04394
  4.22     -0.04850
  4.24     -0.05306
  4.26     -0.05761
  4.28     -0.06126
  4.30     -0.06399
  4.32     -0.06603
  4.34     -0.06738
  4.36     -0.06804
  4.38     -0.06892
  4.40     -0.06720
  4.42     -0.06265
  4.44     -0.05528
  4.46     -0.04509
  4.48     -0.03207
  4.50     -0.01906
  4.52     -0.00605
  4.54      0.00697
  4.56      0.01998
  4.58      0.03299
  4.60      0.04601
  4.62      0.05902
  4.64      0.07204
  4.66      0.08505
  4.68      0.09806
  4.70      0.11130
  4.72      0.12492
  4.74      0.13894
  4.76      0.15334
  4.78      0.16250
  4.80      0.16617
  4.82      0.16421
  4.84      0.15660
  4.86      0.14335
  4.88      0.13009
  4.90      0.11684
  4.92      0.10358
  4.94      0.09033
  4.96      0.07707
  4.98      0.06344
  5.00      0.04944
  5.02      0.03506
  5.04      0.02031
  5.06      0.00519
  5.08     -0.00994
  5.10     -0.02524
  5.12     -0.04071
  5.14     -0.05518
  5.16     -0.06583
  5.18     -0.07267
  5.20     -0.07552
  5.22     -0.07438
  5.24     -0.07041
  5.26     -0.06645
  5.28     -0.06248
  5.30     -0.05852
  5.32     -0.05455
  5.34     -0.05059
  5.36     -0.04625
  5.38     -0.04154
  5.40     -0.03645
  5.42     -0.03099
  5.44     -0.02515
  5.46     -0.01932
  5.48     -0.01348
  5.50     -0.00764
  5.52     -0.00414
  5.54     -0.00297
  5.56     -0.00425
  5.58     -0.00797
  5.60     -0.01361
  5.62     -0.01882
  5.64     -0.02362
  5.66     -0.02788
  5.68     -0.03161
  5.70     -0.03534
  5.72     -0.03908
  5.74     -0.04281
  5.76     -0.04654
  5.78     -0.05027
  5.80     -0.05202
  5.82     -0.05177
  5.84     -0.04953
  5.86     -0.04530
  5.88     -0.03909
  5.90     -0.03171
  5.92     -0.02316
  5.94     -0.01333
  5.96     -0.00222
  5.98      0.00963
  6.00      0.02106
  6.02      0.03207
  6.04      0.04255
  6.06      0.05250
  6.08      0.06244
  6.10      0.07239
  6.12      0.08176
  6.14      0.09053
  6.16      0.09873
  6.18      0.10235
  6.20      0.10142
  6.22      0.09650
  6.24      0.08761
  6.26      0.07473
  6.28      0.06186
  6.30      0.04898
  6.32      0.03611
  6.34      0.02345
  6.36      0.01102
  6.38     -0.00061
  6.40     -0.01144
  6.42     -0.02146
  6.44     -0.03089
  6.46     -0.03974
  6.48     -0.04859
  6.50     -0.05685
  6.52     -0.06453
  6.54     -0.07163
  6.56     -0.07615
  6.58     -0.07809
  6.60     -0.07804
  6.62     -0.07607
  6.64     -0.07218
  6.66     -0.06835
  6.68     -0.06459
  6.70     -0.06090
  6.72     -0.05742
  6.74     -0.05417
  6.76     -0.05230
  6.78     -0.05183
  6.80     -0.05274
  6.82     -0.05483
  6.84     -0.05809
  6.86     -0.06135
  6.88     -0.06460
  6.90     -0.06786
  6.92     -0.07112
  6.94     -0.07127
  6.96     -0.06830
  6.98     -0.06223
  7.00     -0.05260
  7.02     -0.03942
  7.04     -0.02580
  7.06     -0.01174
  7.08      0.00276
  7.10      0.01690
  7.12      0.03068
  7.14      0.04469
  7.16      0.05892
  7.18      0.07338
  7.20      0.08843
  7.22      0.10406
  7.24      0.11969
  7.26      0.13532
  7.28      0.15095
  7.30      0.16659
  7.32      0.17600
  7.34      0.17918
  7.36      0.17615
  7.38      0.16651
  7.40      0.15028
  7.42      0.13368
  7.44      0.11705
  7.46      0.10040
  7.48      0.08447
  7.50      0.06924
  7.52      0.05472
  7.54      0.04056
  7.56      0.02654
  7.58      0.01242
  7.60     -0.00182
  7.62     -0.01617
  7.64     -0.03062
  7.66     -0.04497
  7.68     -0.05931
  7.70     -0.07055
  7.72     -0.07867
  7.74     -0.08368
  7.76     -0.08558
  7.78     -0.08437
  7.80     -0.08316
  7.82     -0.08266
  7.84     -0.08285
  7.86     -0.08375
  7.88     -0.08535
  7.90     -0.08766
  7.92     -0.08805
  7.94     -0.08632
  7.96     -0.08256
  7.98     -0.07699
  8.00     -0.06961
  8.02     -0.06232
  8.04     -0.05534
  8.06     -0.04857
  8.08     -0.04179
  8.10     -0.03502
  8.12     -0.02824
  8.14     -0.02088
  8.16     -0.01294
  8.18     -0.00441
  8.20      0.00506
  8.22      0.01546
  8.24      0.02621
  8.26      0.03732
  8.28      0.04878
  8.30      0.05642
  8.32      0.06024
  8.34      0.06024
  8.36      0.05662
  8.38      0.05056
  8.40      0.04568
  8.42      0.04198
  8.44      0.03946
  8.46      0.03793
  8.48      0.03621
  8.50      0.03449
  8.52      0.03218
  8.54      0.02929
  8.56      0.02581
  8.58      0.02174
  8.60      0.01710
  8.62      0.01245
  8.64      0.00787
  8.66      0.00335
  8.68      0.00081
  8.70      0.00024
  8.72      0.00165
  8.74      0.00497
  8.76      0.00787
  8.78      0.00810
  8.80      0.00673
  8.82      0.00378
  8.84     -0.00076
  8.86     -0.00456
  8.88     -0.00728
  8.90     -0.01000
  8.92     -0.01272
  8.94     -0.01544
  8.96     -0.01815
  8.98     -0.02087
  9.00     -0.02359
  9.02     -0.02638
  9.04     -0.02923
  9.06     -0.03214
  9.08     -0.03513
  9.10     -0.03817
  9.12     -0.04086
  9.14     -0.04203
  9.16     -0.04114
  9.18     -0.04037
  9.20     -0.03970
  9.22     -0.03852
  9.24     -0.03798
  9.26     -0.03860
  9.28     -0.03823
  9.30     -0.03687
  9.32     -0.03550
  9.34     -0.03414
  9.36     -0.03278
  9.38     -0.03141
  9.40     -0.03005
  9.42     -0.02869
  9.44     -0.02732
  9.46     -0.02596
  9.48     -0.02459
  9.50     -0.02359
  9.52     -0.02325
  9.54     -0.02357
  9.56     -0.02348
  9.58     -0.02274
  9.60     -0.02022
  9.62     -0.01561
  9.64     -0.00890
  9.66     -0.00117
  9.68      0.00735
  9.70      0.01587
  9.72      0.02439
  9.74      0.03291
  9.76      0.04143
  9.78      0.04995
  9.80      0.05847
  9.82      0.06699
  9.84      0.07551
  9.86      0.08403
  9.88      0.09248
  9.90      0.10116
  9.92      0.11007
  9.94      0.11922
  9.96      0.12839
  9.98      0.13306
 10.00      0.13315
 10.02      0.12866
 10.04      0.11957
 10.06      0.10612
 10.08      0.09287
 10.10      0.07962
 10.12      0.06637
 10.14      0.05312
 10.16      0.03987
 10.18      0.02662
 10.20      0.01337
 10.22     -0.00015
 10.24     -0.01393
 10.26     -0.02792
 10.28     -0.04210
 10.30     -0.05647
 10.32     -0.07078
 10.34     -0.08340
 10.36     -0.09162
 10.38     -0.09565
 10.40     -0.09548
 10.42     -0.09092
 10.44     -0.08360
 10.46     -0.07630
 10.48     -0.06881
 10.50     -0.06113
 10.52     -0.05345
 10.54     -0.04577
 10.56     -0.03825
 10.58     -0.03089
 10.60     -0.02342
 10.62     -0.01584
 10.64     -0.00815
 10.66     -0.00019
 10.68      0.00803
 10.70      0.01663
 10.72      0.02238
 10.74      0.02526
 10.76      0.02529
 10.78      0.02246
 10.80      0.01673
 10.82      0.01134
 10.84      0.00628
 10.86      0.00157
 10.88     -0.00317
 10.90     -0.00827
 10.92     -0.01372
 10.94     -0.01937
 10.96     -0.02522
 10.98     -0.03091
 11.00     -0.03644
 11.02     -0.04182
 11.04     -0.04577
 11.06     -0.04829
 11.08     -0.05014
 11.10     -0.04970
 11.12     -0.04697
 11.14     -0.04337
 11.16     -0.03891
 11.18     -0.03335
 11.20     -0.02843
 11.22     -0.02415
 11.24     -0.02051
 11.26     -0.01714
 11.28     -0.01353
 11.30     -0.00956
 11.32     -0.00523
 11.34     -0.00055
 11.36      0.00413
 11.38      0.00965
 11.40      0.01602
 11.42      0.02038
 11.44      0.02274
 11.46      0.02346
 11.48      0.02171
 11.50      0.01727
 11.52      0.01300
 11.54      0.00919
 11.56      0.00547
 11.58      0.00196
 11.60     -0.00114
 11.62     -0.00382
 11.64     -0.00639
 11.66     -0.00885
 11.68     -0.01130
 11.70     -0.01186
 11.72     -0.01052
 11.74     -0.00728
 11.76     -0.00383
 11.78     -0.00017
 11.80      0.00313
 11.82      0.00607
 11.84      0.00864
 11.86      0.01254
 11.88      0.01798
 11.90      0.02370
 11.92      0.02940
 11.94      0.03508
 11.96      0.04074
 11.98      0.04616
 12.00      0.05128
 12.02      0.05701
 12.04      0.06333
 12.06      0.07025
 12.08      0.07398
 12.10      0.07432
 12.12      0.07067
 12.14      0.06388
 12.16      0.05394
 12.18      0.04475
 12.20      0.03651
 12.22      0.02922
 12.24      0.02229
 12.26      0.01573
 12.28      0.00937
 12.30      0.00320
 12.32     -0.00163
 12.34     -0.00540
 12.36     -0.00811
 12.38     -0.00971
 12.40     -0.01142
 12.42     -0.01435
 12.44     -0.01851
 12.46     -0.02201
 12.48     -0.02462
 12.50     -0.02513
 12.52     -0.02356
 12.54     -0.01990
 12.56     -0.01604
 12.58     -0.01203
 12.60     -0.00786
 12.62     -0.00326
 12.64      0.00177
 12.66      0.00692
 12.68      0.01204
 12.70      0.01485
 12.72      0.01510
 12.74      0.01277
 12.76      0.00821
 12.78      0.00202
 12.80     -0.00355
 12.82     -0.00849
 12.84     -0.01280
 12.86     -0.01650
 12.88     -0.02021
 12.90     -0.02356
 12.92     -0.02553
 12.94     -0.02620
 12.96     -0.02574
 12.98     -0.02413
 13.00     -0.02282
 13.02     -0.02283
 13.04     -0.02376
 13.06     -0.02547
 13.08     -0.02681
 13.10     -0.02671
 13.12     -0.02518
 13.14     -0.02252
 13.16     -0.01872
 13.18     -0.01492
 13.20     -0.01127
 13.22     -0.00767
 13.24     -0.00410
 13.26     -0.00058
 13.28      0.00255
 13.30      0.00339
 13.32      0.00191
 13.34     -0.00189
 13.36     -0.00800
 13.38     -0.01555
 13.40     -0.02247
 13.42     -0.02885
 13.44     -0.03470
 13.46     -0.04001
 13.48     -0.04386
 13.50     -0.04625
 13.52     -0.04697
 13.54     -0.04601
 13.56     -0.04338
 13.58     -0.04055
 13.60     -0.03762
 13.62     -0.03481
 13.64     -0.03213
 13.66     -0.02957
 13.68     -0.02610
 13.70     -0.02160
 13.72     -0.01609
 13.74     -0.00962
 13.76     -0.00177
 13.78      0.00646
 13.80      0.01505
 13.82      0.02410
 13.84      0.03370
 13.86      0.04033
 13.88      0.04399
 13.90      0.04446
 13.92      0.04165
 13.94      0.03556
 13.96      0.02941
 13.98      0.02321
 14.00      0.01718
 14.02      0.01298
 14.04      0.01061
 14.06      0.00992
 14.08      0.01091
 14.10      0.01356
 14.12      0.01648
 14.14      0.01879
 14.16      0.02049
 14.18      0.02156
 14.20      0.02193
 14.22      0.02132
 14.24      0.02195
 14.26      0.02384
 14.28      0.02698
 14.30      0.03226
 14.32      0.03970
 14.34      0.04793
 14.36      0.05696
 14.38      0.06679
 14.40      0.07331
 14.42      0.07650
 14.44      0.07638
 14.46      0.07294
 14.48      0.06617
 14.50      0.05919
 14.52      0.05244
 14.54      0.04592
 14.56      0.04002
 14.58      0.03474
 14.60      0.03028
 14.62      0.02647
 14.64      0.02329
 14.66      0.02037
 14.68      0.01642
 14.70      0.01143
 14.72      0.00492
 14.74     -0.00313
 14.76     -0.01270
 14.78     -0.02086
 14.80     -0.02762
 14.82     -0.03274
 14.84     -0.03621
 14.86     -0.03802
 14.88     -0.03982
 14.90     -0.04160
 14.92     -0.04336
 14.94     -0.04588
 14.96     -0.04907
 14.98     -0.05305
 15.00     -0.05783
 15.02     -0.06339
 15.04     -0.06899
 15.06     -0.07283
 15.08     -0.07479
 15.10     -0.07465
 15.12     -0.07239
 15.14     -0.06803
 15.16     -0.06343
 15.18     -0.05859
 15.20     -0.05387
 15.22     -0.04893
 15.24     -0.04379
 15.26     -0.03844
 15.28     -0.03288
 15.30     -0.02692
 15.32     -0.02051
 15.34     -0.01371
 15.36     -0.00642
 15.38      0.00137
 15.40      0.00956
 15.42      0.01779
 15.44      0.02329
 15.46      0.02596
 15.48      0.02579
 15.50      0.02294
 15.52      0.01741
 15.54      0.01328
 15.56      0.01055
 15.58      0.00934
 15.60      0.00918
 15.62      0.01006
 15.64      0.01073
 15.66      0.01120
 15.68      0.01094
 15.70      0.01027
 15.72      0.00918
 15.74      0.00769
 15.76      0.00585
 15.78      0.00409
 15.80      0.00299
 15.82      0.00402
 15.84      0.00718
 15.86      0.01239
 15.88      0.01951
 15.90      0.02789
 15.92      0.03356
 15.94      0.03652
 15.96      0.03678
 15.98      0.03449
 16.00      0.02968
 16.02      0.02544
 16.04      0.02178
 16.06      0.01902
 16.08      0.01716
 16.10      0.01621
 16.12      0.01549
 16.14      0.01494
 16.16      0.01423
 16.18      0.01217
 16.20      0.00874
 16.22      0.00404
 16.24     -0.00185
 16.26     -0.00826
 16.28     -0.01396
 16.30     -0.01767
 16.32     -0.01941
 16.34     -0.01922
 16.36     -0.01777
 16.38     -0.01510
 16.40     -0.01363
 16.42     -0.01334
 16.44     -0.01419
 16.46     -0.01619
 16.48     -0.01933
 16.50     -0.02105
 16.52     -0.02134
 16.54     -0.02021
 16.56     -0.01715
 16.58     -0.01214
 16.60     -0.00661
 16.62     -0.00057
 16.64      0.00489
 16.66      0.00926
 16.68      0.01255
 16.70      0.01474
 16.72      0.01613
 16.74      0.01805
 16.76      0.02050
 16.78      0.02397
 16.80      0.02845
 16.82      0.03367
 16.84      0.03938
 16.86      0.04558
 16.88      0.04913
 16.90      0.05002
 16.92      0.04826
 16.94      0.04442
 16.96      0.03848
 16.98      0.03291
 17.00      0.02782
 17.02      0.02364
 17.04      0.01979
 17.06      0.01628
 17.08      0.01330
 17.10      0.01023
 17.12      0.00644
 17.14      0.00191
 17.16     -0.00304
 17.18     -0.00842
 17.20     -0.01376
 17.22     -0.01873
 17.24     -0.02331
 17.26     -0.02650
 17.28     -0.02830
 17.30     -0.02868
 17.32     -0.02869
 17.34     -0.02835
 17.36     -0.02876
 17.38     -0.02962
 17.40     -0.03108
 17.42     -0.03220
 17.44     -0.03298
 17.46     -0.03352
 17.48     -0.03390
 17.50     -0.03397
 17.52     -0.03370
 17.54     -0.03356
 17.56     -0.03364
 17.58     -0.03413
 17.60     -0.03473
 17.62     -0.03544
 17.64     -0.03579
 17.66     -0.03579
 17.68     -0.03547
 17.70     -0.03443
 17.72     -0.03267
 17.74     -0.03017
 17.76     -0.02784
 17.78     -0.02548
 17.80     -0.02283
 17.82     -0.02000
 17.84     -0.01708
 17.86     -0.01317
 17.88     -0.00847
 17.90     -0.00396
 17.92      0.00074
 17.94      0.00571
 17.96      0.01096
 17.98      0.01564
 18.00      0.01975
 18.02      0.02317
 18.04      0.02591
 18.06      0.02796
 18.08      0.02993
 18.10      0.03180
 18.12      0.03343
 18.14      0.03535
 18.16      0.03754
 18.18      0.03825
 18.20      0.03760
 18.22      0.03638
 18.24      0.03405
 18.26      0.03063
 18.28      0.02812
 18.30      0.02635
 18.32      0.02454
 18.34      0.02269
 18.36      0.02125
 18.38      0.02023
 18.40      0.01933
 18.42      0.01850
 18.44      0.01775
 18.46      0.01662
 18.48      0.01509
 18.50      0.01353
 18.52      0.01188
 18.54      0.01014
 18.56      0.00932
 18.58      0.00951
 18.60      0.00898
 18.62      0.00778
 18.64      0.00658
 18.66      0.00436
 18.68      0.00106
 18.70     -0.00163
 18.72     -0.00365
 18.74     -0.00570
 18.76     -0.00780
 18.78     -0.00976
 18.80     -0.01152
 18.82     -0.01310
 18.84     -0.01429
 18.86     -0.01509
 18.88     -0.01569
 18.90     -0.01612
 18.92     -0.01640
 18.94     -0.01668
 18.96     -0.01704
 18.98     -0.01656
 19.00     -0.01508
 19.02     -0.01393
 19.04     -0.01243
 19.06     -0.01049
 19.08     -0.00903
 19.10     -0.00823
 19.12     -0.00673
 19.14     -0.00524
 19.16     -0.00375
 19.18     -0.00229
 19.20     -0.00086
 19.22      0.00025
 19.24      0.00122
 19.26      0.00206
 19.28      0.00281
 19.30      0.00345
 19.32      0.00428
 19.34      0.00511
 19.36      0.00594
 19.38      0.00652
 19.40      0.00752
 19.42      0.00774
 19.44      0.00745
 19.46      0.00666
 19.48      0.00561
 19.50      0.00364
 19.52      0.00195
 19.54      0.00026
 19.56     -0.00140
 19.58     -0.00303
 19.60     -0.00450
 19.62     -0.00579
 19.64     -0.00688
 19.66     -0.00781
 19.68     -0.00859
 19.70     -0.00933
 19.72     -0.01007
 19.74     -0.01088
 19.76     -0.01165
 19.78     -0.01236
 19.80     -0.01251
 19.82     -0.01226
 19.84     -0.01140
 19.86     -0.01007
 19.88     -0.00828
 19.90     -0.00653
 19.92     -0.00465
 19.94     -0.00283
 19.96     -0.00107
 19.98      0.00063
 20.00      0.00181
 20.02      0.00247
 20.04      0.00269
 20.06      0.00248
 20.08      0.00184
 20.10      0.00122
 20.12      0.00066
 20.14      0.00012
 20.16     -0.00039
 20.18     -0.00087
 20.20     -0.00112
 20.22     -0.00129
 20.24     -0.00124
 20.26     -0.00099
 20.28     -0.00051
 20.30     -0.00007
 20.32      0.00052
 20.34      0.00114
 20.36      0.00177
 20.38      0.00251
 20.40      0.00339
 20.42      0.00432
 20.44      0.00533
 20.46      0.00642
 20.48      0.00744
 20.50      0.00843
 20.52      0.00943
 20.54      0.01040
 20.56      0.01177
 20.58      0.01260
 20.60      0.01284
 20.62      0.01234
 20.64      0.01117
 20.66      0.00890
 20.68      0.00659
 20.70      0.00423
 20.72      0.00197
 20.74     -0.00026
 20.76     -0.00199
 20.78     -0.00325
 20.80     -0.00403
 20.82     -0.00440
 20.84     -0.00435
 20.86     -0.00426
 20.88     -0.00414
 20.90     -0.00399
 20.92     -0.00375
 20.94     -0.00399
 20.96     -0.00408
 20.98     -0.00402
 21.00     -0.00383
 21.02     -0.00347
 21.04     -0.00240
 21.06     -0.00131
 21.08     -0.00021
 21.10      0.00092
 21.12      0.00223
 21.14      0.00311
 21.16      0.00357
 21.18      0.00358
 21.20      0.00318
 21.22      0.00219
 21.24      0.00122
 21.26      0.00026
 21.28     -0.00064
 21.30     -0.00110
 21.32     -0.00127
 21.34     -0.00119
 21.36     -0.00085
 21.38     -0.00024
 21.40      0.00024
 21.42      0.00077
 21.44      0.00136
 21.46      0.00202
 21.48      0.00274
 21.50      0.00308
 21.52      0.00327
 21.54      0.00330
 21.56      0.00320
 21.58      0.00295
 21.60      0.00290
 21.62      0.00286
 21.64      0.00330
 21.66      0.00420
 21.68      0.00467
 21.70      0.00501
 21.72      0.00524
 21.74      0.00487
 21.76      0.00398
 21.78      0.00337
 21.80      0.00273
 21.82      0.00207
 21.84      0.00140
 21.86      0.00059
 21.88     -0.00003
 21.90     -0.00039
 21.92     -0.00052
 21.94     -0.00043
 21.96      0.00001
 21.98      0.00058
 22.00      0.00136
 22.02      0.00134
 22.04      0.00052
 22.06     -0.00068
 22.08     -0.00227
 22.10     -0.00438
 22.12     -0.00603
 22.14     -0.00722
 22.16     -0.00831
 22.18     -0.00930
 22.20     -0.01027
 22.22     -0.01122
 22.24     -0.01209
 22.26     -0.01301
 22.28     -0.01396
 22.30     -0.01487
 22.32     -0.01570
 22.34     -0.01609
 22.36     -0.01606
 22.38     -0.01589
 22.40     -0.01507
 22.42     -0.01364
 22.44     -0.01198
 22.46     -0.01011
 22.48     -0.00772
 22.50     -0.00513
 22.52     -0.00245
 22.54      0.00003
 22.56      0.00233
 22.58      0.00448
 22.60      0.00629
 22.62      0.00789
 22.64      0.00953
 22.66      0.01122
 22.68      0.01314
 22.70      0.01526
 22.72      0.01666
 22.74      0.01733
 22.76      0.01744
 22.78      0.01674
 22.80      0.01527
 22.82      0.01395
 22.84      0.01294
 22.86      0.01209
 22.88      0.01108
 22.90      0.00997
 22.92      0.00891
 22.94      0.00773
 22.96      0.00643
 22.98      0.00534
 23.00      0.00447
 23.02      0.00370
 23.04      0.00302
 23.06      0.00195
 23.08      0.00051
 23.10     -0.00094
 23.12     -0.00239
 23.14     -0.00385
 23.16     -0.00482
 23.18     -0.00528
 23.20     -0.00568
 23.22     -0.00629
 23.24     -0.00712
 23.26     -0.00809
 23.28     -0.00918
 23.30     -0.01042
 23.32     -0.01155
 23.34     -0.01216
 23.36     -0.01235
 23.38     -0.01233
 23.40     -0.01209
 23.42     -0.01163
 23.44     -0.01110
 23.46     -0.01056
 23.48     -0.00982
 23.50     -0.00881
 23.52     -0.00754
 23.54     -0.00626
 23.56     -0.00496
 23.58     -0.00365
 23.60     -0.00227
 23.62     -0.00082
 23.64      0.00071
 23.66      0.00254
 23.68      0.00468
 23.70      0.00706
 23.72      0.00891
 23.74      0.01019
 23.76      0.01079
 23.78      0.01070
 23.80      0.00990
 23.82      0.00927
 23.84      0.00887
 23.86      0.00859
 23.88      0.00842
 23.90      0.00835
 23.92      0.00823
 23.94      0.00803
 23.96      0.00773
 23.98      0.00755
 24.00      0.00750
 24.02      0.00758
 24.04      0.00743
 24.06      0.00702
 24.08      0.00617
 24.10      0.00524
 24.12      0.00425
 24.14      0.00359
 24.16      0.00330
 24.18      0.00343
 24.20      0.00335
 24.22      0.00307
 24.24      0.00258
 24.26      0.00186
 24.28      0.00104
 24.30      0.00035
 24.32     -0.00019
 24.34     -0.00057
 24.36     -0.00109
 24.38     -0.00190
 24.40     -0.00301
 24.42     -0.00426
 24.44     -0.00562
 24.46     -0.00674
 24.48     -0.00764
 24.50     -0.00829
 24.52     -0.00888
 24.54     -0.00937
 24.56     -0.00979
 24.58     -0.01005
 24.60     -0.01000
 24.62     -0.00963
 24.64     -0.00902
 24.66     -0.00845
 24.68     -0.00800
 24.70     -0.00784
 24.72     -0.00797
 24.74     -0.00824
 24.76     -0.00827
 24.78     -0.00802
 24.80     -0.00750
 24.82     -0.00676
 24.84     -0.00595
 24.86     -0.00515
 24.88     -0.00438
 24.90     -0.00350
 24.92     -0.00252
 24.94     -0.00143
 24.96     -0.00028
 24.98      0.00066
 25.00      0.00126
 25.02      0.00159
 25.04      0.00182
 25.06      0.00197
 25.08      0.00235
 25.10      0.00296
 25.12      0.00377
 25.14      0.00442
 25.16      0.00485
 25.18      0.00507
 25.20      0.00512
 25.22      0.00515
 25.24      0.00535
 25.26      0.00570
 25.28      0.00591
 25.30      0.00593
 25.32      0.00563
 25.34      0.00504
 25.36      0.00433
 25.38      0.00379
 25.40      0.00339
 25.42      0.00314
 25.44      0.00292
 25.46      0.00258
 25.48      0.00213
 25.50      0.00160
 25.52      0.00123
 25.54      0.00114
 25.56      0.00127
 25.58      0.00160
 25.60      0.00186
 25.62      0.00179
 25.64      0.00141
 25.66      0.00093
 25.68      0.00034
 25.70     -0.00006
 25.72     -0.00029
 25.74     -0.00039
 25.76     -0.00054
 25.78     -0.00074
 25.80     -0.00088
 25.82     -0.00092
 25.84     -0.00080
 25.86     -0.00057
 25.88     -0.00022
 25.90     -0.00009
 25.92     -0.00023
 25.94     -0.00064
 25.96     -0.00121
 25.98     -0.00181
 26.00     -0.00219
 26.02     -0.00235
 26.04     -0.00236
 26.06     -0.00227
 26.08     -0.00223
 26.10     -0.00211
 26.12     -0.00189
 26.14     -0.00155
 26.16     -0.00108
 26.18     -0.00066
 26.20     -0.00039
 26.22     -0.00030
 26.24     -0.00034
 26.26     -0.00051
 26.28     -0.00051
 26.30     -0.00036
 26.32     -0.00005
 26.34      0.00027
 26.36      0.00060
 26.38      0.00089
 26.40      0.00115
 26.42      0.00140
 26.44      0.00177
 26.46      0.00225
 26.48      0.00256
 26.50      0.00270
 26.52      0.00265
 26.54      0.00241
 26.56      0.00204
 26.58      0.00175
 26.60      0.00156
 26.62      0.00137
 26.64      0.00120
 26.66      0.00097
 26.68      0.00070
 26.70      0.00038
 26.72      0.00015
 26.74      0.00000
 26.76     -0.00021
 26.78     -0.00050
 26.80     -0.00089
 26.82     -0.00145
 26.84     -0.00217
 26.86     -0.00281
 26.88     -0.00338
 26.90     -0.00385
 26.92     -0.00422
 26.94     -0.00450
 26.96     -0.00468
 26.98     -0.00479
 27.00     -0.00478
 27.02     -0.00465
 27.04     -0.00440
 27.06     -0.00416
 27.08     -0.00391
 27.10     -0.00370
 27.12     -0.00353
 27.14     -0.00333
 27.16     -0.00304
 27.18     -0.00268
 27.20     -0.00224
 27.22     -0.00173
 27.24     -0.00119
 27.26     -0.00062
 27.28     -0.00003
 27.30      0.00060
 27.32      0.00128
 27.34      0.00181
 27.36      0.00218
 27.38      0.00241
 27.40      0.00247
 27.42      0.00238
 27.44      0.00232
 27.46      0.00230
 27.48      0.00226
 27.50      0.00221
 27.52      0.00216
 27.54      0.00208
 27.56      0.00197
 27.58      0.00188
 27.60      0.00182
 27.62      0.00170
 27.64      0.00153
 27.66      0.00131
 27.68      0.00103
 27.70      0.00066
 27.72      0.00038
 27.74      0.00017
 27.76     -0.00001
 27.78     -0.00014
 27.80     -0.00019
 27.82     -0.00025
 27.84     -0.00032
 27.86     -0.00033
 27.88     -0.00029
 27.90     -0.00026
 27.92     -0.00024
 27.94     -0.00022
 27.96     -0.00024
 27.98     -0.00031
 28.00     -0.00035
 28.02     -0.00036
 28.04     -0.00037
 28.06     -0.00035
 28.08     -0.00030
 28.10     -0.00025
 28.12     -0.00020
 28.14     -0.00013
 28.16     -0.00001
 28.18      0.00007
 28.20      0.00011
 28.22      0.00012
 28.24      0.00008
 28.26     -0.00003
 28.28     -0.00013
 28.30     -0.00020
 28.32     -0.00027
 28.34     -0.00033
 28.36     -0.00036
 28.38     -0.00039
 28.40     -0.00041
 28.42     -0.00042
 28.44     -0.00044
 28.46     -0.00047
 28.48     -0.00051
 28.50     -0.00054
 28.52     -0.00059
 28.54     -0.00064
 28.56     -0.00066
 28.58     -0.00068
 28.60     -0.00067
 28.62     -0.00065
 28.64     -0.00059
 28.66     -0.00053
 28.68     -0.00048
 28.70     -0.00042
 28.72     -0.00038
 28.74     -0.00035
 28.76     -0.00033
 28.78     -0.00032
 28.80     -0.00033
 28.82     -0.00033
 28.84     -0.00032
 28.86     -0.00031
 28.88     -0.00031
 28.90     -0.00031
 28.92     -0.00031
 28.94     -0.00033
 28.96     -0.00034
 28.98     -0.00036
 29.00     -0.00038
 29.02     -0.00040
 29.04     -0.00043
 29.06     -0.00045
 29.08     -0.00047
 29.10     -0.00048
 29.12     -0.00049
 29.14     -0.00049
 29.16     -0.00049
 29.18     -0.00048
 29.20     -0.00047
 29.22     -0.00046
 29.24     -0.00045
 29.26     -0.00045
 29.28     -0.00045
 29.30     -0.00045
 29.32     -0.00045
 29.34     -0.00045
 29.36     -0.00044
 29.38     -0.00043
 29.40     -0.00043
 29.42     -0.00043
 29.44     -0.00043
 29.46     -0.00044
 29.48     -0.00045
 29.50     -0.00046
 29.52     -0.00047
 29.54     -0.00048
 29.56     -0.00048
 29.58     -0.00049
 29.60     -0.00049
 29.62     -0.00049
 29.64     -0.00048
 29.66     -0.00047
 29.68     -0.00046
 29.70     -0.00044
 29.72     -0.00043
 29.74     -0.00041
 29.76     -0.00039
 29.78     -0.00037
 29.80     -0.00035
 29.82     -0.00033
 29.84     -0.00031
 29.86     -0.00029
 29.88     -0.00026
 29.90     -0.00024
 29.92     -0.00022
 29.94     -0.00020
 29.96     -0.00019
 29.98     -0.00018
 30.00     -0.00017
 30.02     -0.00016
 30.04     -0.00015
 30.06     -0.00014
 30.08     -0.00013
 30.10     -0.00012
 30.12     -0.00011
 30.14     -0.00010
 30.16     -0.00010
 30.18     -0.00009
 30.20     -0.00008
 30.22     -0.00008
 30.24     -0.00008
 30.26     -0.00007
 30.28     -0.00007
 30.30     -0.00007
 30.32     -0.00006
 30.34     -0.00005
 30.36     -0.00005
 30.38     -0.00004
 30.40     -0.00004
 30.42     -0.00003
 30.44     -0.00003
 30.46     -0.00002
 30.48     -0.00002
 30.50     -0.00002
 30.52     -0.00002
 30.54     -0.00001
 30.56     -0.00001
 30.58     -0.00001
 30.60     -0.00001
 30.62     -0.00001
 30.64     -0.00001
 30.66     -0.00001
 30.68     -0.00001
 30.70     -0.00001
 30.72     -0.00001
 30.74     -0.00001
 30.76     -0.00001
 30.78     -0.00001
 30.80     -0.00001
 30.82     -0.00001
 30.84     -0.00001
 30.86     -0.00001
 30.88     -0.00001
 30.90     -0.00001
 30.92     -0.00001
 30.94     -0.00001
 30.96     -0.00000
 30.98     -0.00000
 31.00     -0.00000
