 #r(A)        G(r)
  0.02      0.00000      0.00000      0.00000
  0.04      0.00000      0.00000      0.00000
  0.06      0.00000      0.00000      0.00000
  0.08      0.00000      0.00000      0.00000
  0.10      0.00000      0.00000      0.00000
  0.12      0.00000      0.00000      0.00000
  0.14      0.00000      0.00000      0.00000
  0.16      0.00000      0.00000      0.00000
  0.18      0.00000      0.00000      0.00000
  0.20      0.00000      0.00000      0.00000
  0.22      0.00000      0.00000      0.00000
  0.24      0.00000      0.00000      0.00000
  0.26      0.00000      0.00000      0.00000
  0.28      0.00000      0.00000      0.00000
  0.30      0.00000      0.00000      0.00000
  0.32      0.00000      0.00000      0.00000
  0.34      0.00000      0.00000      0.00000
  0.36      0.00000      0.00000      0.00000
  0.38      0.00000      0.00000      0.00000
  0.40      0.00000      0.00000      0.00000
  0.42      0.00000      0.00000      0.00000
  0.44      0.00000      0.00000      0.00000
  0.46      0.00000      0.00000      0.00000
  0.48      0.00000      0.00000      0.00000
  0.50      0.00000      0.00000      0.00000
  0.52      0.00000      0.00000      0.00000
  0.54      0.00000      0.00000      0.00000
  0.56      0.00000      0.00000      0.00000
  0.58      0.00000      0.00000      0.00000
  0.60      0.00000      0.00000      0.00000
  0.62      0.00000      0.00000      0.00000
  0.64      0.00000      0.00000      0.00000
  0.66      0.00000      0.00000      0.00000
  0.68      0.00000      0.00000      0.00000
  0.70      0.00000      0.00000      0.00000
  0.72      0.00000      0.00000      0.00000
  0.74      0.00000      0.00000      0.00000
  0.76      0.00000      0.00036     -0.00036
  0.78      0.00000      0.00072     -0.00072
  0.80      0.00000      0.00108     -0.00108
  0.82      0.00000      0.00144     -0.00144
  0.84      0.00000      0.00180     -0.00180
  0.86      0.00000      0.00216     -0.00216
  0.88      0.00000      0.00251     -0.00251
  0.90      0.00000      0.00287     -0.00287
  0.92      0.00000      0.00323     -0.00323
  0.94      0.00000      0.00359     -0.00359
  0.96      0.00000      0.00395     -0.00395
  0.98      0.00000      0.00431     -0.00431
  1.00      0.00000      0.00467     -0.00467
  1.02      0.00000      0.00503     -0.00503
  1.04      0.00000      0.00539     -0.00539
  1.06      0.00000      0.00575     -0.00575
  1.08      0.00000      0.00611     -0.00611
  1.10      0.00000      0.00647     -0.00647
  1.12      0.00000      0.00682     -0.00682
  1.14      0.00000      0.00718     -0.00718
  1.16      0.00000      0.00754     -0.00754
  1.18      0.00000      0.00798     -0.00798
  1.20      0.00000      0.00857     -0.00857
  1.22      0.00000      0.00915     -0.00915
  1.24      0.00000      0.00974     -0.00974
  1.26      0.00000      0.01033     -0.01033
  1.28      0.00000      0.01091     -0.01091
  1.30      0.00000      0.01150     -0.01150
  1.32      0.00000      0.01209     -0.01209
  1.34      0.00000      0.01267     -0.01267
  1.36      0.00000      0.01326     -0.01326
  1.38      0.00000      0.01384     -0.01384
  1.40      0.00000      0.01443     -0.01443
  1.42      0.00000      0.01502     -0.01502
  1.44      0.00000      0.01560     -0.01560
  1.46      0.00000      0.01619     -0.01619
  1.48      0.00000      0.01678     -0.01678
  1.50      0.00000      0.01736     -0.01736
  1.52      0.00000      0.01795     -0.01795
  1.54      0.00000      0.01854     -0.01854
  1.56      0.00000      0.01912     -0.01912
  1.58      0.00000      0.01971     -0.01971
  1.60      0.00000      0.02030     -0.02030
  1.62      0.00000      0.02088     -0.02088
  1.64      0.00000      0.02147     -0.02147
  1.66      0.00000      0.02205     -0.02205
  1.68      0.00000      0.02264     -0.02264
  1.70      0.00000      0.02323     -0.02323
  1.72      0.00000      0.02381     -0.02381
  1.74      0.00000      0.02440     -0.02440
  1.76      0.00000      0.02499     -0.02499
  1.78      0.00000      0.02557     -0.02557
  1.80      0.00000      0.02616     -0.02616
  1.82      0.00000      0.02675     -0.02675
  1.84      0.00000      0.02733     -0.02733
  1.86      0.00000      0.02792     -0.02792
  1.88      0.00000      0.02851     -0.02851
  1.90      0.00000      0.02909     -0.02909
  1.92      0.00000      0.02968     -0.02968
  1.94      0.00000      0.03027     -0.03027
  1.96      0.00000      0.03085     -0.03085
  1.98      0.00000      0.03144     -0.03144
  2.00      0.00000      0.03202     -0.03202
  2.02      0.00000      0.03261     -0.03261
  2.04      0.00000      0.03320     -0.03320
  2.06      0.00000      0.03378     -0.03378
  2.08      0.00000      0.03437     -0.03437
  2.10      0.00000      0.03496     -0.03496
  2.12      0.00000      0.03554     -0.03554
  2.14      0.00000      0.03613     -0.03613
  2.16      0.00000      0.03672     -0.03672
  2.18      0.00000      0.03730     -0.03730
  2.20      0.00000      0.03789     -0.03789
  2.22      0.00000      0.03848     -0.03848
  2.24      0.00000      0.03906     -0.03906
  2.26      0.00000      0.03965     -0.03965
  2.28      0.00000      0.04024     -0.04024
  2.30      0.00000      0.04082     -0.04082
  2.32      0.00000      0.04141     -0.04141
  2.34      0.00000      0.04199     -0.04199
  2.36      0.00000      0.04258     -0.04258
  2.38      0.00000      0.04317     -0.04317
  2.40      0.00000      0.04375     -0.04375
  2.42      0.00000      0.04434     -0.04434
  2.44      0.00000      0.04493     -0.04493
  2.46      0.00000      0.04551     -0.04276
  2.48      0.00000      0.04610     -0.03784
  2.50      0.00000      0.04669     -0.03017
  2.52      0.00000      0.04757     -0.02004
  2.54      0.00000      0.04845     -0.00716
  2.56      0.00000      0.04934      0.00847
  2.58      0.00000      0.05022      0.02686
  2.60      0.00000      0.05111      0.04800
  2.62      0.00000      0.05199      0.07189
  2.64      0.00000      0.05287      0.09854
  2.66      0.00000      0.05376      0.12793
  2.68      0.00000      0.05464      0.15183
  2.70      0.00000      0.05553      0.17021
  2.72      0.00000      0.05641      0.18309
  2.74      0.00000      0.05729      0.19047
  2.76      3.66411      0.05818      0.19234
  2.78      0.00000      0.05834      0.18942
  2.80      0.00000      0.05851      0.18099
  2.82      0.00000      0.05867      0.16706
  2.84      0.00000      0.05884      0.14763
  2.86      0.00000      0.05900      0.12269
  2.88      0.00000      0.05917      0.09284
  2.90      0.00000      0.05934      0.06748
  2.92      0.00000      0.05950      0.04662
  2.94      0.00000      0.05967      0.03025
  2.96      0.00000      0.05983      0.01838
  2.98      0.00000      0.06000      0.01100
  3.00      0.00000      0.06016      0.00812
  3.02      0.00000      0.06033      0.00973
  3.04      0.00000      0.06049      0.01584
  3.06      0.00000      0.06066      0.02644
  3.08      0.00000      0.06082      0.04154
  3.10      0.00000      0.06099      0.05934
  3.12      0.00000      0.06116      0.07365
  3.14      0.00000      0.06132      0.08449
  3.16      0.00000      0.06149      0.09184
  3.18      0.79412      0.06165      0.09571
  3.20      1.52420      0.06166      0.09624
  3.22      0.00000      0.06137      0.09360
  3.24      0.00000      0.06108      0.08747
  3.26      0.00000      0.06080      0.07786
  3.28      0.00000      0.06051      0.06476
  3.30      0.00000      0.06070      0.04770
  3.32      0.00000      0.06089      0.02894
  3.34      0.00000      0.06108      0.01193
  3.36      0.00000      0.06127     -0.00334
  3.38      0.00000      0.06146     -0.01687
  3.40      0.00000      0.06165     -0.02866
  3.42      0.00000      0.06184     -0.03870
  3.44      0.00000      0.06204     -0.04700
  3.46      0.00000      0.06223     -0.05357
  3.48      0.00000      0.06242     -0.05839
  3.50      0.00000      0.06261     -0.06146
  3.52      0.00000      0.06280     -0.06280
  3.54      0.00000      0.06314     -0.06314
  3.56      0.00000      0.06349     -0.06349
  3.58      0.00000      0.06383     -0.06383
  3.60      0.00000      0.06417     -0.06417
  3.62      0.00000      0.06451     -0.06451
  3.64      0.00000      0.06485     -0.06485
  3.66      0.00000      0.06520     -0.06520
  3.68      0.00000      0.06554     -0.06554
  3.70      0.00000      0.06588     -0.06588
  3.72      0.00000      0.06622     -0.06622
  3.74      0.00000      0.06656     -0.06656
  3.76      0.00000      0.06691     -0.06691
  3.78      0.00000      0.06725     -0.06725
  3.80      0.00000      0.06759     -0.06759
  3.82      0.00000      0.06793     -0.06793
  3.84      0.00000      0.06827     -0.06827
  3.86      0.00000      0.06862     -0.06862
  3.88      0.00000      0.06896     -0.06896
  3.90      0.00000      0.06930     -0.06930
  3.92      0.00000      0.06964     -0.06964
  3.94      0.00000      0.06999     -0.06999
  3.96      0.00000      0.07033     -0.07033
  3.98      0.00000      0.07067     -0.07067
  4.00      0.00000      0.07101     -0.07101
  4.02      0.00000      0.07135     -0.07135
  4.04      0.00000      0.07170     -0.07170
  4.06      0.00000      0.07204     -0.07204
  4.08      0.00000      0.07238     -0.07238
  4.10      0.00000      0.07272     -0.07272
  4.12      0.00000      0.07306     -0.07306
  4.14      0.00000      0.07341     -0.07341
  4.16      0.00000      0.07375     -0.07375
  4.18      0.00000      0.07409     -0.07409
  4.20      0.00000      0.07443     -0.07443
  4.22      0.00000      0.07478     -0.07250
  4.24      0.00000      0.07512     -0.06828
  4.26      0.00000      0.07546     -0.06178
  4.28      0.00000      0.07580     -0.05301
  4.30      0.00000      0.07614     -0.04195
  4.32      0.00000      0.07649     -0.02862
  4.34      0.00000      0.07683     -0.01300
  4.36      0.00000      0.07717      0.00489
  4.38      0.00000      0.07751      0.02507
  4.40      0.00000      0.07795      0.04743
  4.42      0.00000      0.07838      0.07207
  4.44      0.00000      0.07882      0.09215
  4.46      0.00000      0.07925      0.10767
  4.48      0.00000      0.07969      0.11864
  4.50      0.00000      0.08012      0.12504
  4.52      3.03412      0.08056      0.12689
  4.54      0.00000      0.08040      0.12477
  4.56      0.00000      0.08024      0.11809
  4.58      0.00000      0.08008      0.10685
  4.60      0.00000      0.07992      0.09105
  4.62      0.00000      0.07976      0.07070
  4.64      0.00000      0.07960      0.04578
  4.66      0.00000      0.07943      0.02315
  4.68      0.00000      0.07927      0.00279
  4.70      0.00000      0.07911     -0.01529
  4.72      0.00000      0.07895     -0.03108
  4.74      0.00000      0.07879     -0.04460
  4.76      0.00000      0.07863     -0.05584
  4.78      0.00000      0.07847     -0.06480
  4.80      0.00000      0.07867     -0.07183
  4.82      0.00000      0.07887     -0.07659
  4.84      0.00000      0.07907     -0.07907
  4.86      0.00000      0.07927     -0.07927
  4.88      0.00000      0.07947     -0.07947
  4.90      0.00000      0.07967     -0.07967
  4.92      0.00000      0.07987     -0.07987
  4.94      0.00000      0.08007     -0.08007
  4.96      0.00000      0.08027     -0.08027
  4.98      0.00000      0.08079     -0.08079
  5.00      0.00000      0.08132     -0.07764
  5.02      0.00000      0.08184     -0.07080
  5.04      0.00000      0.08237     -0.06028
  5.06      0.00000      0.08289     -0.04609
  5.08      0.00000      0.08342     -0.02821
  5.10      0.00000      0.08394     -0.00665
  5.12      0.00000      0.08447      0.01859
  5.14      0.00000      0.08500      0.04751
  5.16      0.00000      0.08584      0.07980
  5.18      0.00000      0.08668      0.11576
  5.20      0.00000      0.08752      0.15541
  5.22      0.00000      0.08844      0.18762
  5.24      0.00000      0.08950      0.21347
  5.26      0.00000      0.09057      0.23312
  5.28      0.00000      0.09164      0.24657
  5.30      4.89907      0.09271      0.25381
  5.32      0.00000      0.09281      0.25580
  5.34      0.00000      0.09292      0.25159
  5.36      0.00000      0.09303      0.24117
  5.38      0.00000      0.09314      0.22455
  5.40      0.00000      0.09324      0.20173
  5.42      0.00000      0.09335      0.17270
  5.44      0.00000      0.09346      0.14851
  5.46      0.00000      0.09357      0.12568
  5.48      0.00000      0.09367      0.10422
  5.50      0.00000      0.09378      0.08413
  5.52      0.00000      0.09389      0.06541
  5.54      1.53937      0.09400      0.04806
  5.56      0.00000      0.09380      0.03237
  5.58      0.00000      0.09361      0.01805
  5.60      0.00000      0.09341      0.00511
  5.62      0.00000      0.09322     -0.00648
  5.64      0.00000      0.09302     -0.01669
  5.66      0.00000      0.09283     -0.02922
  5.68      0.00000      0.09263     -0.04059
  5.70      0.00000      0.09244     -0.05080
  5.72      0.00000      0.09225     -0.05986
  5.74      0.00000      0.09205     -0.06776
  5.76      0.00000      0.09186     -0.07451
  5.78      0.00000      0.09166     -0.08010
  5.80      0.00000      0.09147     -0.08453
  5.82      0.00000      0.09127     -0.08780
  5.84      0.00000      0.09135     -0.09019
  5.86      0.00000      0.09143     -0.09143
  5.88      0.00000      0.09151     -0.09151
  5.90      0.00000      0.09158     -0.09158
  5.92      0.00000      0.09166     -0.09166
  5.94      0.00000      0.09174     -0.09174
  5.96      0.00000      0.09182     -0.09182
  5.98      0.00000      0.09190     -0.09190
  6.00      0.00000      0.09197     -0.09197
  6.02      0.00000      0.09205     -0.09205
  6.04      0.00000      0.09213     -0.09213
  6.06      0.00000      0.09221     -0.09221
  6.08      0.00000      0.09228     -0.09228
  6.10      0.00000      0.09236     -0.09165
  6.12      0.00000      0.09244     -0.09031
  6.14      0.00000      0.09252     -0.08826
  6.16      0.00000      0.09260     -0.08550
  6.18      0.00000      0.09267     -0.08203
  6.20      0.00000      0.09275     -0.07785
  6.22      0.00000      0.09283     -0.07296
  6.24      0.00000      0.09291     -0.06736
  6.26      0.00000      0.09298     -0.06105
  6.28      0.00000      0.09306     -0.05403
  6.30      0.00000      0.09314     -0.04630
  6.32      0.00000      0.09355     -0.04032
  6.34      0.00000      0.09396     -0.03576
  6.36      0.00000      0.09436     -0.03262
  6.38      0.00000      0.09477     -0.03090
  6.40      0.94462      0.09518     -0.03060
  6.42      0.00000      0.09540     -0.03153
  6.44      0.00000      0.09563     -0.03388
  6.46      0.00000      0.09585     -0.03765
  6.48      0.00000      0.09607     -0.04284
  6.50      0.00000      0.09629     -0.04945
  6.52      0.00000      0.09652     -0.05748
  6.54      0.00000      0.09674     -0.06480
  6.56      0.00000      0.09726     -0.07171
  6.58      0.00000      0.09778     -0.07791
  6.60      0.00000      0.09830     -0.08340
  6.62      0.00000      0.09882     -0.08817
  6.64      0.00000      0.09934     -0.09224
  6.66      0.00000      0.09986     -0.09560
  6.68      0.00000      0.10038     -0.09575
  6.70      0.00000      0.10090     -0.09268
  6.72      0.00000      0.10142     -0.08641
  6.74      0.00000      0.10194     -0.07692
  6.76      0.00000      0.10246     -0.06492
  6.78      0.00000      0.10298     -0.05043
  6.80      0.00000      0.10350     -0.03343
  6.82      0.00000      0.10402     -0.01393
  6.84      0.00000      0.10454      0.00807
  6.86      0.00000      0.10506      0.03499
  6.88      0.00000      0.10558      0.06683
  6.90      0.00000      0.10610      0.09607
  6.92      0.00000      0.10662      0.12273
  6.94      0.00000      0.10714      0.14679
  6.96      0.00000      0.10766      0.16826
  6.98      3.33089      0.10818      0.18715
  7.00      0.00000      0.10805      0.20409
  7.02      0.00000      0.10792      0.21845
  7.04      0.00000      0.10779      0.23021
  7.06      0.00000      0.10776      0.23927
  7.08      0.00000      0.10774      0.23850
  7.10      0.00000      0.10771      0.22790
  7.12      0.00000      0.10769      0.21497
  7.14      0.00000      0.10766      0.19972
  7.16      3.21345      0.10764      0.18214
  7.18      0.00000      0.10698      0.16286
  7.20      0.00000      0.10633      0.14126
  7.22      0.00000      0.10567      0.11733
  7.24      0.00000      0.10502      0.09107
  7.26      0.00000      0.10436      0.06249
  7.28      0.00000      0.10371      0.03158
  7.30      0.00000      0.10305      0.00559
  7.32      0.00000      0.10240     -0.01548
  7.34      0.00000      0.10222     -0.03462
  7.36      0.00000      0.10205     -0.05135
  7.38      0.00000      0.10187     -0.06566
  7.40      0.00000      0.10170     -0.07756
  7.42      0.00000      0.10152     -0.08704
  7.44      0.00000      0.10135     -0.09411
  7.46      0.00000      0.10117     -0.09876
  7.48      0.00000      0.10140     -0.10140
  7.50      0.00000      0.10162     -0.10162
  7.52      0.00000      0.10184     -0.10184
  7.54      0.00000      0.10206     -0.09998
  7.56      0.00000      0.10229     -0.09603
  7.58      0.00000      0.10266     -0.09014
  7.60      0.00000      0.10305     -0.08218
  7.62      0.00000      0.10366     -0.07237
  7.64      0.00000      0.10428     -0.06047
  7.66      0.00000      0.10489     -0.04648
  7.68      0.00000      0.10551     -0.03040
  7.70      0.00000      0.10612     -0.01224
  7.72      0.00000      0.10674      0.00800
  7.74      0.00000      0.10735      0.03034
  7.76      0.00000      0.10797      0.04850
  7.78      0.00000      0.10858      0.06249
  7.80      0.00000      0.10920      0.07230
  7.82      0.00000      0.10981      0.07795
  7.84      2.77674      0.11043      0.07942
  7.86      0.00000      0.11050      0.07726
  7.88      0.00000      0.11057      0.07093
  7.90      0.00000      0.11064      0.06043
  7.92      0.00000      0.11071      0.04575
  7.94      0.00000      0.11078      0.02691
  7.96      0.00000      0.11085      0.00389
  7.98      0.00000      0.11092     -0.01704
  8.00      0.00000      0.11099     -0.03589
  8.02      0.00000      0.11106     -0.05012
  8.04      0.00000      0.11114     -0.05973
  8.06      0.00000      0.11121     -0.06473
  8.08      0.00000      0.11128     -0.06510
  8.10      0.00000      0.11135     -0.06086
  8.12      0.00000      0.11142     -0.05200
  8.14      0.00000      0.11166     -0.03870
  8.16      0.00000      0.11191     -0.02079
  8.18      0.00000      0.11216      0.00175
  8.20      0.00000      0.11240      0.02681
  8.22      0.00000      0.11265      0.05441
  8.24      0.00000      0.11290      0.07695
  8.26      0.00000      0.11314      0.09442
  8.28      0.00000      0.11339      0.10683
  8.30      0.00000      0.11364      0.11418
  8.32      3.36908      0.11388      0.11646
  8.34      0.00000      0.11347      0.11434
  8.36      0.00000      0.11305      0.10716
  8.38      0.00000      0.11264      0.09492
  8.40      0.00000      0.11222      0.07762
  8.42      0.00000      0.11181      0.05525
  8.44      0.00000      0.11149      0.02773
  8.46      0.00000      0.11117      0.00274
  8.48      0.00000      0.11085     -0.01972
  8.50      0.00000      0.11069     -0.03981
  8.52      0.00000      0.11053     -0.05737
  8.54      0.00000      0.11037     -0.07240
  8.56      0.00000      0.11021     -0.08490
  8.58      0.00000      0.11005     -0.09487
  8.60      0.00000      0.10990     -0.10230
  8.62      0.00000      0.10990     -0.10737
  8.64      0.00000      0.10990     -0.10990
  8.66      0.00000      0.10990     -0.10990
  8.68      0.00000      0.10991     -0.10991
  8.70      0.00000      0.10991     -0.10991
  8.72      0.00000      0.10991     -0.10991
  8.74      0.00000      0.10991     -0.10991
  8.76      0.00000      0.10992     -0.10909
  8.78      0.00000      0.10992     -0.10744
  8.80      0.00000      0.10992     -0.10496
  8.82      0.00000      0.10992     -0.10166
  8.84      0.00000      0.10993     -0.09752
  8.86      0.00000      0.10993     -0.09257
  8.88      0.00000      0.10993     -0.08678
  8.90      0.00000      0.10993     -0.08017
  8.92      0.00000      0.10994     -0.07273
  8.94      0.00000      0.10994     -0.06447
  8.96      0.00000      0.10994     -0.05538
  8.98      0.00000      0.10994     -0.04794
  9.00      0.00000      0.10995     -0.04215
  9.02      0.00000      0.11027     -0.03835
  9.04      0.00000      0.11060     -0.03620
  9.06      1.10039      0.11093     -0.03570
  9.08      0.00000      0.11105     -0.03664
  9.10      0.00000      0.11121     -0.03928
  9.12      0.00000      0.11137     -0.04358
  9.14      0.00000      0.11153     -0.04953
  9.16      0.00000      0.11169     -0.05713
  9.18      0.00000      0.11186     -0.06334
  9.20      0.00000      0.11233     -0.06600
  9.22      0.00000      0.11281     -0.06479
  9.24      0.00000      0.11329     -0.05971
  9.26      0.00000      0.11376     -0.05075
  9.28      0.00000      0.11424     -0.03793
  9.30      0.00000      0.11472     -0.02114
  9.32      0.00000      0.11520      0.00137
  9.34      0.00000      0.11567      0.02961
  9.36      0.00000      0.11615      0.06357
  9.38      0.00000      0.11663      0.10325
  9.40      0.00000      0.11710      0.13953
  9.42      0.00000      0.11758      0.17158
  9.44      0.00000      0.11833      0.19912
  9.46      0.00000      0.11909      0.22242
  9.48      4.05067      0.11984      0.24149
  9.50      0.00000      0.11980      0.25712
  9.52      0.00000      0.11976      0.26824
  9.54      0.00000      0.11972      0.26955
  9.56      0.00000      0.11982      0.26094
  9.58      0.00000      0.11991      0.24253
  9.60      0.12809      0.12001      0.21433
  9.62      2.33954      0.12008      0.18549
  9.64      0.00000      0.11969      0.15644
  9.66      0.00000      0.11930      0.12673
  9.68      0.00000      0.11891      0.09635
  9.70      0.00000      0.11852      0.06531
  9.72      0.00000      0.11813      0.03360
  9.74      0.00000      0.11774      0.00152
  9.76      0.00000      0.11735     -0.02566
  9.78      0.00000      0.11697     -0.04795
  9.80      0.00000      0.11658     -0.06534
  9.82      0.00000      0.11619     -0.07783
  9.84      0.00000      0.11580     -0.08713
  9.86      0.00000      0.11541     -0.09322
  9.88      0.00000      0.11529     -0.09639
  9.90      0.00000      0.11518     -0.09636
  9.92      0.00000      0.11506     -0.09313
  9.94      0.00000      0.11494     -0.08670
  9.96      0.00000      0.11483     -0.07716
  9.98      0.00000      0.11471     -0.06629
 10.00      0.00000      0.11484     -0.05431
 10.02      0.00000      0.11498     -0.04100
 10.04      0.00000      0.11511     -0.02634
 10.06      0.00000      0.11525     -0.01436
 10.08      0.00000      0.11538     -0.00508
 10.10      0.00000      0.11552      0.00151
 10.12      0.00000      0.11565      0.00541
 10.14      1.79031      0.11578      0.00662
 10.16      0.00000      0.11557      0.00549
 10.18      0.00000      0.11535      0.00167
 10.20      0.00000      0.11513     -0.00358
 10.22      0.00000      0.11492     -0.01028
 10.24      0.00000      0.11470     -0.01841
 10.26      0.00000      0.11448     -0.02798
 10.28      0.00000      0.11427     -0.03495
 10.30      0.00000      0.11440     -0.03968
 10.32      0.00000      0.11454     -0.04058
 10.34      0.00000      0.11468     -0.03765
 10.36      0.00000      0.11515     -0.03122
 10.38      0.00000      0.11562     -0.02096
 10.40      0.00000      0.11608     -0.00687
 10.42      0.00000      0.11655      0.00729
 10.44      0.00000      0.11702      0.02152
 10.46      0.00000      0.11749      0.03582
 10.48      0.00000      0.11796      0.05020
 10.50      1.66708      0.11843      0.06330
 10.52      0.00000      0.11857      0.07545
 10.54      0.00000      0.11871      0.08264
 10.56      0.00000      0.11885      0.08486
 10.58      0.00000      0.11899      0.08211
 10.60      0.00000      0.11913      0.07439
 10.62      1.63944      0.11927      0.06170
 10.64      0.00000      0.11909      0.04813
 10.66      0.00000      0.11891      0.03334
 10.68      0.00000      0.11873      0.01734
 10.70      0.00000      0.11855      0.00013
 10.72      0.00000      0.11837     -0.01829
 10.74      0.00000      0.11819     -0.03792
 10.76      0.00000      0.11801     -0.05507
 10.78      0.00000      0.11783     -0.06973
 10.80      0.00000      0.11765     -0.08154
 10.82      0.00000      0.11750     -0.09051
 10.84      0.00000      0.11735     -0.09663
 10.86      0.00000      0.11719     -0.10114
 10.88      0.00000      0.11704     -0.10405
 10.90      0.00000      0.11689     -0.10535
 10.92      0.00000      0.11673     -0.10504
 10.94      0.00000      0.11658     -0.10313
 10.96      0.00000      0.11643     -0.09961
 10.98      0.00000      0.11627     -0.09572
 11.00      0.00000      0.11612     -0.09146
 11.02      0.00000      0.11597     -0.08794
 11.04      0.00000      0.11581     -0.08518
 11.06      0.00000      0.11566     -0.08315
 11.08      0.00000      0.11551     -0.08188
 11.10      0.49732      0.11546     -0.08146
 11.12      0.00000      0.11542     -0.08179
 11.14      0.00000      0.11538     -0.08075
 11.16      0.00000      0.11534     -0.07834
 11.18      0.00000      0.11530     -0.07454
 11.20      0.00000      0.11526     -0.06938
 11.22      0.00000      0.11542     -0.06304
 11.24      0.00000      0.11558     -0.05420
 11.26      0.00000      0.11574     -0.04183
 11.28      0.00000      0.11590     -0.02593
 11.30      0.00000      0.11606     -0.00650
 11.32      0.00000      0.11622      0.01646
 11.34      0.00000      0.11638      0.04296
 11.36      0.00000      0.11654      0.06662
 11.38      0.00000      0.11671      0.08744
 11.40      0.00000      0.11687      0.10543
 11.42      0.00000      0.11703      0.12058
 11.44      2.82475      0.11719      0.13290
 11.46      0.00000      0.11679      0.14256
 11.48      0.00000      0.11640      0.14591
 11.50      0.00000      0.11601      0.14294
 11.52      0.00000      0.11601      0.13326
 11.54      0.00000      0.11601      0.11726
 11.56      1.37840      0.11602      0.09495
 11.58      0.00000      0.11575      0.07296
 11.60      0.00000      0.11563      0.05087
 11.62      0.00000      0.11550      0.02884
 11.64      0.00000      0.11539      0.00685
 11.66      0.00000      0.11550     -0.01532
 11.68      0.00000      0.11562     -0.03744
 11.70      0.00000      0.11574     -0.05448
 11.72      0.00000      0.11585     -0.06643
 11.74      0.00000      0.11597     -0.07331
 11.76      0.00000      0.11608     -0.07510
 11.78      0.00000      0.11620     -0.07181
 11.80      0.00000      0.11632     -0.06556
 11.82      0.00000      0.11643     -0.05636
 11.84      0.00000      0.11655     -0.04419
 11.86      0.00000      0.11667     -0.02906
 11.88      0.00000      0.11699     -0.01119
 11.90      0.00000      0.11731      0.00965
 11.92      0.00000      0.11764      0.02664
 11.94      0.00000      0.11796      0.03978
 11.96      0.00000      0.11828      0.04908
 11.98      0.00000      0.11869      0.05444
 12.00      2.56044      0.11910      0.05867
 12.02      0.00000      0.11901      0.06227
 12.04      0.00000      0.11892      0.06475
 12.06      0.00000      0.11883      0.06609
 12.08      0.00000      0.11874      0.06631
 12.10      0.00000      0.11865      0.06539
 12.12      0.00000      0.11856      0.06335
 12.14      0.00000      0.11847      0.06595
 12.16      0.00000      0.11838      0.07318
 12.18      0.00000      0.11846      0.08489
 12.20      0.00000      0.11854      0.10124
 12.22      0.00000      0.11863      0.11407
 12.24      0.00000      0.11871      0.12339
 12.26      0.00000      0.11880      0.12920
 12.28      0.00000      0.11888      0.13150
 12.30      3.61757      0.11897      0.13029
 12.32      0.00000      0.11834      0.12627
 12.34      0.00000      0.11780      0.11866
 12.36      0.00000      0.11726      0.10562
 12.38      0.00000      0.11671      0.08713
 12.40      0.00000      0.11617      0.06321
 12.42      0.00000      0.11563      0.03386
 12.44      0.00000      0.11508      0.00722
 12.46      0.00000      0.11454     -0.01669
 12.48      0.00000      0.11400     -0.03789
 12.50      0.00000      0.11345     -0.05638
 12.52      0.00000      0.11291     -0.07194
 12.54      0.00000      0.11253     -0.08473
 12.56      0.00000      0.11215     -0.09461
 12.58      0.00000      0.11177     -0.10156
 12.60      0.00000      0.11163     -0.10582
 12.62      0.00000      0.11148     -0.10716
 12.64      0.00000      0.11134     -0.10558
 12.66      0.00000      0.11135     -0.10395
 12.68      0.00000      0.11137     -0.10211
 12.70      0.00000      0.11154     -0.10022
 12.72      0.00000      0.11170     -0.09813
 12.74      0.00000      0.11187     -0.09645
 12.76      0.00000      0.11204     -0.09518
 12.78      0.00000      0.11221     -0.09432
 12.80      0.00000      0.11238     -0.09387
 12.82      0.27378      0.11255     -0.09305
 12.84      0.00000      0.11267     -0.09180
 12.86      0.00000      0.11278     -0.09017
 12.88      0.00000      0.11290     -0.08817
 12.90      0.00000      0.11301     -0.08580
 12.92      0.00000      0.11313     -0.08151
 12.94      0.00000      0.11324     -0.07531
 12.96      0.00000      0.11336     -0.06658
 12.98      0.00000      0.11347     -0.05531
 13.00      0.00000      0.11359     -0.04152
 13.02      0.00000      0.11371     -0.02520
 13.04      0.00000      0.11389     -0.00877
 13.06      0.00000      0.11408      0.00783
 13.08      0.00000      0.11427      0.02460
 13.10      0.00000      0.11446      0.04154
 13.12      1.04602      0.11464      0.05866
 13.14      0.00000      0.11467      0.07149
 13.16      0.00000      0.11470      0.07988
 13.18      0.00000      0.11474      0.08361
 13.20      0.00000      0.11477      0.08270
 13.22      2.04856      0.11480      0.07713
 13.24      0.00000      0.11443      0.06732
 13.26      0.00000      0.11406      0.05521
 13.28      0.00000      0.11369      0.04081
 13.30      0.00000      0.11345      0.02507
 13.32      0.00000      0.11322      0.00811
 13.34      0.00000      0.11299     -0.01007
 13.36      0.00000      0.11275     -0.02484
 13.38      0.00000      0.11252     -0.03620
 13.40      0.00000      0.11228     -0.04416
 13.42      0.00000      0.11205     -0.04871
 13.44      0.00000      0.11182     -0.04986
 13.46      0.00000      0.11158     -0.04761
 13.48      0.00000      0.11163     -0.04301
 13.50      0.00000      0.11167     -0.03580
 13.52      0.00000      0.11171     -0.02920
 13.54      0.00000      0.11176     -0.02323
 13.56      0.00000      0.11180     -0.01787
 13.58      0.00000      0.11184     -0.01309
 13.60      1.43701      0.11202     -0.00901
 13.62      0.00000      0.11192     -0.00522
 13.64      0.00000      0.11182     -0.00201
 13.66      0.00000      0.11171      0.00064
 13.68      0.00000      0.11161      0.00338
 13.70      0.00000      0.11157      0.00616
 13.72      0.00000      0.11153      0.00903
 13.74      0.00000      0.11149      0.01525
 13.76      0.00000      0.11145      0.02480
 13.78      0.00000      0.11141      0.03769
 13.80      0.00000      0.11137      0.04915
 13.82      0.00000      0.11133      0.05919
 13.84      0.00000      0.11129      0.06780
 13.86      0.00000      0.11125      0.07498
 13.88      2.11343      0.11121      0.08074
 13.90      0.00000      0.11076      0.08348
 13.92      0.00000      0.11031      0.08278
 13.94      0.00000      0.11004      0.07846
 13.96      0.00000      0.10976      0.06963
 13.98      0.89179      0.10949      0.05628
 14.00      0.00000      0.10904      0.03859
 14.02      0.00000      0.10867      0.02107
 14.04      0.00000      0.10855      0.00418
 14.06      0.00000      0.10843     -0.01184
 14.08      0.00000      0.10831     -0.02698
 14.10      0.00000      0.10818     -0.04125
 14.12      0.00000      0.10806     -0.05264
 14.14      0.00000      0.10794     -0.06114
 14.16      0.00000      0.10782     -0.06676
 14.18      0.00000      0.10770     -0.06950
 14.20      0.00000      0.10758     -0.06935
 14.22      0.00000      0.10745     -0.06631
 14.24      0.00000      0.10733     -0.06198
 14.26      0.00000      0.10721     -0.05824
 14.28      0.00000      0.10709     -0.05507
 14.30      0.00000      0.10697     -0.05069
 14.32      0.00000      0.10685     -0.04510
 14.34      0.83347      0.10725     -0.03948
 14.36      0.00000      0.10749     -0.03315
 14.38      0.00000      0.10772     -0.02628
 14.40      0.00000      0.10796     -0.01769
 14.42      0.00000      0.10820     -0.00737
 14.44      0.00000      0.10844      0.00467
 14.46      0.00000      0.10868      0.01843
 14.48      0.00000      0.10891      0.03579
 14.50      0.00000      0.10915      0.05676
 14.52      0.00000      0.10939      0.07593
 14.54      0.00000      0.10963      0.09332
 14.56      0.00000      0.10987      0.10891
 14.58      0.00000      0.11026      0.12256
 14.60      2.39233      0.11066      0.13441
 14.62      0.00000      0.11059      0.14140
 14.64      0.00000      0.11052      0.14308
 14.66      0.00000      0.11052      0.13935
 14.68      0.00000      0.11052      0.13030
 14.70      1.56799      0.11053      0.11531
 14.72      0.00000      0.11022      0.09466
 14.74      0.00000      0.10991      0.07401
 14.76      0.00000      0.10960      0.05336
 14.78      0.00000      0.10930      0.03269
 14.80      0.00000      0.10899      0.01202
 14.82      0.00000      0.10868     -0.00867
 14.84      0.00000      0.10838     -0.02582
 14.86      0.00000      0.10810     -0.03948
 14.88      0.00000      0.10782     -0.04961
 14.90      0.00000      0.10754     -0.05621
 14.92      0.00000      0.10726     -0.05929
 14.94      0.00000      0.10697     -0.05884
 14.96      0.00000      0.10669     -0.05831
 14.98      0.00000      0.10641     -0.05771
 15.00      0.00000      0.10613     -0.05598
 15.02      0.00000      0.10585     -0.05312
 15.04      0.73322      0.10557     -0.04914
 15.06      0.00000      0.10515     -0.04507
 15.08      0.00000      0.10473     -0.04105
 15.10      0.00000      0.10430     -0.03708
 15.12      0.00000      0.10388     -0.03316
 15.14      0.00000      0.10345     -0.02929
 15.16      0.00000      0.10313     -0.02558
 15.18      0.00000      0.10281     -0.02026
 15.20      0.00000      0.10258     -0.01344
 15.22      0.00000      0.10236     -0.00817
 15.24      0.00000      0.10213     -0.00445
 15.26      0.00000      0.10225     -0.00262
 15.28      0.00000      0.10236     -0.00234
 15.30      1.39772      0.10248     -0.00361
 15.32      0.00000      0.10232     -0.00616
 15.34      0.00000      0.10216     -0.01025
 15.36      0.00000      0.10200     -0.01589
 15.38      0.00000      0.10184     -0.02308
 15.40      0.00000      0.10169     -0.03189
 15.42      0.00000      0.10153     -0.04230
 15.44      0.00000      0.10137     -0.05118
 15.46      0.00000      0.10121     -0.05851
 15.48      0.00000      0.10105     -0.06431
 15.50      0.00000      0.10089     -0.06857
 15.52      0.00000      0.10073     -0.07129
 15.54      0.00000      0.10058     -0.07247
 15.56      0.00000      0.10050     -0.07219
 15.58      0.00000      0.10043     -0.07038
 15.60      0.00000      0.10036     -0.06703
 15.62      0.00000      0.10029     -0.06361
 15.64      0.00000      0.10036     -0.05886
 15.66      0.00000      0.10043     -0.05370
 15.68      0.00000      0.10050     -0.04812
 15.70      0.65103      0.10057     -0.04213
 15.72      0.00000      0.10052     -0.03503
 15.74      0.00000      0.10046     -0.02694
 15.76      0.00000      0.10040     -0.01787
 15.78      0.00000      0.10043     -0.00790
 15.80      0.00000      0.10046      0.00305
 15.82      0.00000      0.10048      0.01499
 15.84      0.00000      0.10051      0.02937
 15.86      0.00000      0.10054      0.04203
 15.88      0.00000      0.10057      0.05296
 15.90      0.00000      0.10059      0.06216
 15.92      0.00000      0.10083      0.06943
 15.94      1.85430      0.10106      0.07326
 15.96      0.00000      0.10094      0.07402
 15.98      0.00000      0.10081      0.07135
 16.00      0.00000      0.10068      0.06524
 16.02      0.75697      0.10064      0.05561
 16.04      0.00000      0.10045      0.04398
 16.06      0.00000      0.10026      0.02972
 16.08      0.00000      0.10007      0.01701
 16.10      0.00000      0.09988      0.00584
 16.12      0.00000      0.09969     -0.00378
 16.14      0.00000      0.09952     -0.01187
 16.16      0.00000      0.09935     -0.01671
 16.18      0.00000      0.09918     -0.01830
 16.20      0.00000      0.09901     -0.01663
 16.22      0.00000      0.09883     -0.01171
 16.24      0.00000      0.09866     -0.00354
 16.26      0.00000      0.09849      0.00401
 16.28      0.00000      0.09832      0.01217
 16.30      0.00000      0.09815      0.01956
 16.32      0.00000      0.09798      0.02617
 16.34      1.71813      0.09781      0.03201
 16.36      0.00000      0.09749      0.03775
 16.38      0.00000      0.09725      0.04260
 16.40      0.00000      0.09701      0.04665
 16.42      0.00000      0.09685      0.04981
 16.44      0.00000      0.09668      0.05217
 16.46      0.00000      0.09652      0.05371
 16.48      0.00000      0.09635      0.05833
 16.50      0.00000      0.09619      0.06230
 16.52      0.00000      0.09602      0.06563
 16.54      0.00000      0.09586      0.06832
 16.56      0.00000      0.09569      0.07037
 16.58      1.64380      0.09553      0.07016
 16.60      0.00000      0.09504      0.06802
 16.62      0.00000      0.09455      0.06362
 16.64      0.00000      0.09430      0.05674
 16.66      0.71691      0.09405      0.04759
 16.68      0.00000      0.09365      0.03633
 16.70      0.00000      0.09333      0.02145
 16.72      0.00000      0.09301      0.00673
 16.74      0.00000      0.09284     -0.00798
 16.76      0.00000      0.09267     -0.02254
 16.78      0.00000      0.09250     -0.03694
 16.80      0.00000      0.09233     -0.04957
 16.82      0.00000      0.09216     -0.06042
 16.84      0.00000      0.09199     -0.06950
 16.86      0.00000      0.09182     -0.07680
 16.88      0.00000      0.09165     -0.08234
 16.90      0.00000      0.09158     -0.08546
 16.92      0.00000      0.09151     -0.08609
 16.94      0.00000      0.09144     -0.08544
 16.96      0.00000      0.09137     -0.08245
 16.98      0.00000      0.09136     -0.07718
 17.00      0.00000      0.09136     -0.06956
 17.02      0.00000      0.09135     -0.06013
 17.04      0.00000      0.09134     -0.04889
 17.06      0.00000      0.09134     -0.03584
 17.08      0.00000      0.09140     -0.02106
 17.10      0.00000      0.09147     -0.00446
 17.12      0.00000      0.09154      0.01175
 17.14      0.00000      0.09160      0.02759
 17.16      0.00000      0.09167      0.04304
 17.18      0.00000      0.09174      0.05488
 17.20      0.97106      0.09180      0.06310
 17.22      0.00000      0.09168      0.06789
 17.24      0.00000      0.09159      0.06902
 17.26      1.43664      0.09151      0.06722
 17.28      0.00000      0.09114      0.06275
 17.30      0.00000      0.09077      0.05533
 17.32      0.00000      0.09040      0.04498
 17.34      0.00000      0.09017      0.03373
 17.36      0.00000      0.08994      0.02173
 17.38      0.00000      0.08971      0.00897
 17.40      0.00000      0.08948     -0.00130
 17.42      0.00000      0.08925     -0.00909
 17.44      0.00000      0.08909     -0.01447
 17.46      0.00000      0.08893     -0.01736
 17.48      0.00000      0.08877     -0.01914
 17.50      0.00000      0.08864     -0.01984
 17.52      0.00000      0.08851     -0.01943
 17.54      0.00000      0.08837     -0.01791
 17.56      0.89796      0.08824     -0.01601
 17.58      0.00000      0.08793     -0.01355
 17.60      0.00000      0.08763     -0.01071
 17.62      0.00000      0.08732     -0.00857
 17.64      0.00000      0.08701     -0.00713
 17.66      0.00000      0.08670     -0.00638
 17.68      0.00000      0.08639     -0.00634
 17.70      0.00000      0.08609     -0.00692
 17.72      0.00000      0.08578     -0.00813
 17.74      0.00000      0.08553     -0.01003
 17.76      0.00000      0.08537     -0.01264
 17.78      0.86615      0.08521     -0.01587
 17.80      0.00000      0.08488     -0.01956
 17.82      0.00000      0.08455     -0.02388
 17.84      0.00000      0.08421     -0.02868
 17.86      0.00000      0.08388     -0.03395
 17.88      0.00000      0.08355     -0.03971
 17.90      0.00000      0.08322     -0.04594
 17.92      0.00000      0.08289     -0.05137
 17.94      0.00000      0.08255     -0.05600
 17.96      0.00000      0.08233     -0.05994
 17.98      0.00000      0.08228     -0.06326
 18.00      0.00000      0.08224     -0.06578
 18.02      0.00000      0.08219     -0.06750
 18.04      0.00000      0.08215     -0.06842
 18.06      0.00000      0.08218     -0.06763
 18.08      0.00000      0.08220     -0.06505
 18.10      0.00000      0.08223     -0.06069
 18.12      0.00000      0.08226     -0.05398
 18.14      0.19812      0.08229     -0.04557
 18.16      0.00000      0.08228     -0.03542
 18.18      0.00000      0.08227     -0.02358
 18.20      0.00000      0.08226     -0.01003
 18.22      0.00000      0.08225      0.00521
 18.24      0.00000      0.08224      0.02215
 18.26      0.00000      0.08223      0.04079
 18.28      0.00000      0.08225      0.05725
 18.30      0.00000      0.08226      0.07156
 18.32      0.00000      0.08228      0.08372
 18.34      0.00000      0.08229      0.09203
 18.36      1.90656      0.08231      0.09650
 18.38      0.00000      0.08211      0.09734
 18.40      0.00000      0.08192      0.09486
 18.42      0.75030      0.08173      0.08908
 18.44      0.00000      0.08139      0.08014
 18.46      0.00000      0.08106      0.06789
 18.48      0.00000      0.08074      0.05231
 18.50      0.00000      0.08043      0.03757
 18.52      0.00000      0.08011      0.02368
 18.54      0.00000      0.07989      0.01053
 18.56      0.00000      0.07966     -0.00008
 18.58      0.00000      0.07944     -0.00816
 18.60      0.00000      0.07922     -0.01295
 18.62      0.00000      0.07915     -0.01622
 18.64      0.00000      0.07909     -0.01781
 18.66      0.00000      0.07903     -0.01772
 18.68      0.00000      0.07897     -0.01544
 18.70      0.71389      0.07897     -0.01106
 18.72      0.00000      0.07884     -0.00579
 18.74      0.00000      0.07871      0.00023
 18.76      0.00000      0.07858      0.00700
 18.78      0.00000      0.07849      0.01391
 18.80      0.00000      0.07840      0.02101
 18.82      0.00000      0.07830      0.02601
 18.84      0.00000      0.07821      0.03054
 18.86      0.00000      0.07812      0.03458
 18.88      0.00000      0.07803      0.03815
 18.90      1.00874      0.07794      0.03974
 18.92      0.00000      0.07766      0.03955
 18.94      0.00000      0.07737      0.03767
 18.96      0.00000      0.07718      0.03401
 18.98      0.66465      0.07700      0.02867
 19.00      0.00000      0.07668      0.02178
 19.02      0.00000      0.07638      0.01318
 19.04      0.00000      0.07609      0.00518
 19.06      0.00000      0.07579     -0.00277
 19.08      0.00000      0.07549     -0.01066
 19.10      0.00000      0.07520     -0.01850
 19.12      0.00000      0.07490     -0.02478
 19.14      0.00000      0.07460     -0.02899
 19.16      0.00000      0.07430     -0.03199
 19.18      0.00000      0.07401     -0.03380
 19.20      0.00000      0.07371     -0.03420
 19.22      0.00000      0.07341     -0.03317
 19.24      0.39386      0.07321     -0.03083
 19.26      0.00000      0.07293     -0.02774
 19.28      0.00000      0.07267     -0.02401
 19.30      0.00000      0.07256     -0.01977
 19.32      0.00000      0.07244     -0.01486
 19.34      0.00000      0.07232     -0.00979
 19.36      0.00000      0.07220     -0.00615
 19.38      0.00000      0.07208     -0.00305
 19.40      0.00000      0.07196     -0.00049
 19.42      0.00000      0.07184      0.00086
 19.44      0.70514      0.07172      0.00099
 19.46      0.00000      0.07156      0.00060
 19.48      0.00000      0.07139     -0.00037
 19.50      0.29691      0.07122     -0.00193
 19.52      0.00000      0.07105     -0.00406
 19.54      0.00000      0.07088     -0.00677
 19.56      0.00000      0.07070     -0.01006
 19.58      0.00000      0.07053     -0.01235
 19.60      0.00000      0.07045     -0.01401
 19.62      0.00000      0.07036     -0.01495
 19.64      0.00000      0.07028     -0.01452
 19.66      0.00000      0.07019     -0.01189
 19.68      0.00000      0.07011     -0.00897
 19.70      0.00000      0.07003     -0.00575
 19.72      0.00000      0.06994     -0.00222
 19.74      0.00000      0.06986      0.00160
 19.76      0.83732      0.06981      0.00569
 19.78      0.00000      0.06959      0.01025
 19.80      0.00000      0.06938      0.01457
 19.82      0.00000      0.06924      0.01858
 19.84      0.00000      0.06911      0.02236
 19.86      0.00000      0.06898      0.02569
 19.88      0.00000      0.06885      0.02615
 19.90      0.00000      0.06872      0.02563
 19.92      0.00000      0.06862      0.02409
 19.94      0.00000      0.06853      0.02157
 19.96      1.07197      0.06843      0.01807
 19.98      0.00000      0.06812      0.01399
 20.00      0.00000      0.06781      0.00911
 20.02      0.00000      0.06750      0.00343
 20.04      0.00000      0.06719     -0.00304
 20.06      0.00000      0.06688     -0.01031
 20.08      0.00000      0.06657     -0.01838
 20.10      0.00000      0.06627     -0.02483
 20.12      0.00000      0.06596     -0.03028
 20.14      0.00000      0.06565     -0.03474
 20.16      0.00000      0.06534     -0.03822
 20.18      0.00000      0.06505     -0.04054
 20.20      0.00000      0.06476     -0.04226
 20.22      0.00000      0.06448     -0.04337
 20.24      0.00000      0.06419     -0.04317
 20.26      0.00000      0.06391     -0.04167
 20.28      0.24708      0.06362     -0.03885
 20.30      0.00000      0.06329     -0.03468
 20.32      0.00000      0.06296     -0.03000
 20.34      0.00000      0.06262     -0.02482
 20.36      0.00000      0.06229     -0.01914
 20.38      0.00000      0.06196     -0.01295
 20.40      0.00000      0.06187     -0.00703
 20.42      0.00000      0.06178     -0.00058
 20.44      0.00000      0.06169      0.00641
 20.46      0.00000      0.06171      0.01173
 20.48      0.23326      0.06172      0.01582
 20.50      0.00000      0.06169      0.01871
 20.52      0.00000      0.06166      0.02035
 20.54      0.93116      0.06162      0.02076
 20.56      0.00000      0.06141      0.02011
 20.58      0.00000      0.06119      0.01822
 20.60      0.00000      0.06098      0.01509
 20.62      0.00000      0.06076      0.01125
 20.64      0.00000      0.06055      0.00650
 20.66      0.00000      0.06033      0.00163
 20.68      0.00000      0.06016     -0.00130
 20.70      0.00000      0.05999     -0.00323
 20.72      0.00000      0.05982     -0.00401
 20.74      0.00000      0.05972     -0.00369
 20.76      0.00000      0.05962     -0.00222
 20.78      0.43085      0.05952      0.00042
 20.80      0.00000      0.05933      0.00430
 20.82      0.00000      0.05915      0.00933
 20.84      0.00000      0.05901      0.01530
 20.86      0.00000      0.05887      0.02226
 20.88      0.00000      0.05874      0.02787
 20.90      0.00000      0.05862      0.03140
 20.92      0.00000      0.05851      0.03386
 20.94      0.00000      0.05850      0.03468
 20.96      1.03474      0.05848      0.03396
 20.98      0.00000      0.05827      0.03205
 21.00      0.00000      0.05805      0.02874
 21.02      0.20510      0.05790      0.02398
 21.04      0.00000      0.05771      0.01785
 21.06      0.00000      0.05751      0.01034
 21.08      0.00000      0.05732      0.00143
 21.10      0.00000      0.05713     -0.00655
 21.12      0.00000      0.05695     -0.01359
 21.14      0.00000      0.05677     -0.02003
 21.16      0.00000      0.05659     -0.02470
 21.18      0.00000      0.05640     -0.02759
 21.20      0.00000      0.05622     -0.02916
 21.22      0.00000      0.05604     -0.02898
 21.24      0.00000      0.05586     -0.02707
 21.26      0.00000      0.05568     -0.02341
 21.28      0.19213      0.05554     -0.01805
 21.30      0.00000      0.05539     -0.01095
 21.32      0.00000      0.05524     -0.00288
 21.34      0.00000      0.05512      0.00612
 21.36      0.00000      0.05501      0.01608
 21.38      0.00000      0.05489      0.02477
 21.40      0.00000      0.05477      0.03220
 21.42      0.00000      0.05465      0.03880
 21.44      0.00000      0.05453      0.04335
 21.46      0.92045      0.05442      0.04610
 21.48      0.00000      0.05419      0.04716
 21.50      0.00000      0.05396      0.04643
 21.52      0.54033      0.05373      0.04390
 21.54      0.00000      0.05342      0.03966
 21.56      0.00000      0.05316      0.03357
 21.58      0.00000      0.05289      0.02569
 21.60      0.00000      0.05262      0.01809
 21.62      0.00000      0.05235      0.01101
 21.64      0.00000      0.05209      0.00431
 21.66      0.00000      0.05182     -0.00080
 21.68      0.00000      0.05155     -0.00508
 21.70      0.00000      0.05128     -0.00852
 21.72      0.00000      0.05101     -0.01113
 21.74      0.00000      0.05078     -0.01294
 21.76      0.33804      0.05055     -0.01392
 21.78      0.00000      0.05025     -0.01400
 21.80      0.00000      0.05004     -0.01333
 21.82      0.00000      0.04982     -0.01252
 21.84      0.00000      0.04961     -0.01230
 21.86      0.00000      0.04939     -0.01266
 21.88      0.00000      0.04917     -0.01402
 21.90      0.00000      0.04896     -0.01561
 21.92      0.32408      0.04874     -0.01740
 21.94      0.00000      0.04846     -0.01932
 21.96      0.00000      0.04818     -0.02143
 21.98      0.00000      0.04790     -0.02374
 22.00      0.00000      0.04774     -0.02637
 22.02      0.00000      0.04759     -0.02919
 22.04      0.00000      0.04743     -0.03220
 22.06      0.00000      0.04727     -0.03468
 22.08      0.00000      0.04711     -0.03662
 22.10      0.00000      0.04695     -0.03760
 22.12      0.00000      0.04680     -0.03788
 22.14      0.00000      0.04664     -0.03750
 22.16      0.00000      0.04652     -0.03635
 22.18      0.00000      0.04640     -0.03437
 22.20      0.00000      0.04628     -0.03157
 22.22      0.05115      0.04618     -0.02797
 22.24      0.00000      0.04606     -0.02353
 22.26      0.00000      0.04595     -0.01828
 22.28      0.00000      0.04583     -0.01244
 22.30      0.00000      0.04572     -0.00603
 22.32      0.00000      0.04563     -0.00033
 22.34      0.00000      0.04554      0.00468
 22.36      0.00000      0.04545      0.00893
 22.38      0.00000      0.04536      0.01225
 22.40      0.56319      0.04527      0.01464
 22.42      0.00000      0.04508      0.01621
 22.44      0.08051      0.04488      0.01685
 22.46      0.22780      0.04467      0.01657
 22.48      0.00000      0.04442      0.01542
 22.50      0.00000      0.04416      0.01333
 22.52      0.00000      0.04393      0.01029
 22.54      0.00000      0.04370      0.00797
 22.56      0.00000      0.04347      0.00635
 22.58      0.00000      0.04334      0.00549
 22.60      0.00000      0.04322      0.00514
 22.62      0.00000      0.04309      0.00531
 22.64      0.00000      0.04298      0.00599
 22.66      0.00000      0.04288      0.00718
 22.68      0.45646      0.04277      0.00889
 22.70      0.00000      0.04257      0.01122
 22.72      0.00000      0.04238      0.01406
 22.74      0.00000      0.04218      0.01743
 22.76      0.00000      0.04198      0.01978
 22.78      0.00000      0.04179      0.02113
 22.80      0.00000      0.04159      0.02141
 22.82      0.00000      0.04144      0.02097
 22.84      0.49085      0.04128      0.01985
 22.86      0.00000      0.04103      0.01815
 22.88      0.00000      0.04078      0.01578
 22.90      0.24303      0.04053      0.01273
 22.92      0.00000      0.04023      0.00906
 22.94      0.00000      0.03993      0.00470
 22.96      0.00000      0.03963     -0.00032
 22.98      0.00000      0.03934     -0.00492
 23.00      0.00000      0.03916     -0.00897
 23.02      0.00000      0.03899     -0.01234
 23.04      0.00000      0.03882     -0.01486
 23.06      0.00000      0.03868     -0.01655
 23.08      0.00000      0.03855     -0.01738
 23.10      0.00000      0.03841     -0.01734
 23.12      0.11190      0.03827     -0.01645
 23.14      0.00000      0.03812     -0.01467
 23.16      0.00000      0.03796     -0.01203
 23.18      0.00000      0.03780     -0.00853
 23.20      0.00000      0.03764     -0.00454
 23.22      0.00000      0.03748     -0.00078
 23.24      0.00000      0.03733      0.00274
 23.26      0.00000      0.03719      0.00566
 23.28      0.00000      0.03705      0.00800
 23.30      0.32316      0.03691      0.00977
 23.32      0.00000      0.03673      0.01100
 23.34      0.31317      0.03655      0.01166
 23.36      0.00000      0.03630      0.01180
 23.38      0.00000      0.03606      0.01136
 23.40      0.00000      0.03585      0.01031
 23.42      0.00000      0.03564      0.00868
 23.44      0.00000      0.03543      0.00747
 23.46      0.00000      0.03522      0.00669
 23.48      0.00000      0.03500      0.00608
 23.50      0.00000      0.03488      0.00554
 23.52      0.00000      0.03476      0.00516
 23.54      0.00000      0.03464      0.00495
 23.56      0.39130      0.03457      0.00485
 23.58      0.00000      0.03443      0.00499
 23.60      0.00000      0.03428      0.00530
 23.62      0.00000      0.03414      0.00577
 23.64      0.00000      0.03399      0.00640
 23.66      0.00000      0.03385      0.00613
 23.68      0.00000      0.03371      0.00496
 23.70      0.00000      0.03356      0.00367
 23.72      0.00000      0.03342      0.00224
 23.74      0.36524      0.03328      0.00068
 23.76      0.00000      0.03306     -0.00093
 23.78      0.00000      0.03285     -0.00267
 23.80      0.00000      0.03266     -0.00458
 23.82      0.00000      0.03250     -0.00662
 23.84      0.00000      0.03233     -0.00880
 23.86      0.00000      0.03218     -0.01082
 23.88      0.00000      0.03203     -0.01186
 23.90      0.00000      0.03187     -0.01191
 23.92      0.00000      0.03172     -0.01152
 23.94      0.00000      0.03157     -0.01069
 23.96      0.00000      0.03145     -0.00947
 23.98      0.00000      0.03133     -0.00781
 24.00      0.16774      0.03121     -0.00571
 24.02      0.00000      0.03106     -0.00315
 24.04      0.00000      0.03091     -0.00015
 24.06      0.00000      0.03077      0.00326
 24.08      0.00000      0.03063      0.00623
 24.10      0.00000      0.03049      0.00847
 24.12      0.00000      0.03035      0.01003
 24.14      0.00000      0.03021      0.01096
 24.16      0.39319      0.03007      0.01123
 24.18      0.00000      0.02985      0.01094
 24.20      0.00000      0.02964      0.01000
 24.22      0.15523      0.02943      0.00841
 24.24      0.00000      0.02919      0.00621
 24.26      0.00000      0.02896      0.00335
 24.28      0.00000      0.02873     -0.00005
 24.30      0.00000      0.02850     -0.00310
 24.32      0.00000      0.02826     -0.00581
 24.34      0.00000      0.02803     -0.00819
 24.36      0.00000      0.02780     -0.01002
 24.38      0.00000      0.02757     -0.01128
 24.40      0.00000      0.02733     -0.01199
 24.42      0.07064      0.02710     -0.01215
 24.44      0.00000      0.02691     -0.01179
 24.46      0.00000      0.02672     -0.01088
 24.48      0.00000      0.02655     -0.00942
 24.50      0.00000      0.02639     -0.00773
 24.52      0.00000      0.02623     -0.00609
 24.54      0.00000      0.02608     -0.00450
 24.56      0.00000      0.02592     -0.00324
 24.58      0.13619      0.02577     -0.00242
 24.60      0.00000      0.02560     -0.00204
 24.62      0.00000      0.02543     -0.00211
 24.64      0.19677      0.02527     -0.00263
 24.66      0.00000      0.02507     -0.00356
 24.68      0.00000      0.02487     -0.00494
 24.70      0.00000      0.02467     -0.00658
 24.72      0.00000      0.02452     -0.00821
 24.74      0.00000      0.02436     -0.00980
 24.76      0.00000      0.02421     -0.01122
 24.78      0.00000      0.02405     -0.01208
 24.80      0.00000      0.02390     -0.01237
 24.82      0.00000      0.02375     -0.01210
 24.84      0.00000      0.02360     -0.01128
 24.86      0.00000      0.02345     -0.00989
 24.88      0.00000      0.02335     -0.00799
 24.90      0.00000      0.02324     -0.00552
 24.92      0.00000      0.02314     -0.00305
 24.94      0.00000      0.02306     -0.00071
 24.96      0.00000      0.02299      0.00169
 24.98      0.00000      0.02291      0.00377
 25.00      0.24828      0.02284      0.00537
 25.02      0.00000      0.02272      0.00655
 25.04      0.00000      0.02260      0.00727
 25.06      0.16728      0.02248      0.00751
 25.08      0.00000      0.02233      0.00732
 25.10      0.00000      0.02217      0.00691
 25.12      0.00000      0.02202      0.00628
 25.14      0.00000      0.02187      0.00598
 25.16      0.00000      0.02172      0.00602
 25.18      0.00000      0.02158      0.00593
 25.20      0.00000      0.02144      0.00609
 25.22      0.00000      0.02130      0.00649
 25.24      0.00000      0.02116      0.00715
 25.26      0.20659      0.02102      0.00806
 25.28      0.00000      0.02084      0.00926
 25.30      0.00000      0.02066      0.01071
 25.32      0.00000      0.02048      0.01166
 25.34      0.00000      0.02033      0.01209
 25.36      0.00000      0.02018      0.01183
 25.38      0.00000      0.02007      0.01087
 25.40      0.33106      0.01996      0.00970
 25.42      0.00000      0.01979      0.00826
 25.44      0.00000      0.01962      0.00649
 25.46      0.00000      0.01944      0.00438
 25.48      0.00000      0.01927      0.00194
 25.50      0.00000      0.01909     -0.00084
 25.52      0.00000      0.01892     -0.00384
 25.54      0.00000      0.01874     -0.00630
 25.56      0.00000      0.01857     -0.00812
 25.58      0.00000      0.01840     -0.00932
 25.60      0.00000      0.01827     -0.00994
 25.62      0.00000      0.01814     -0.01009
 25.64      0.00000      0.01801     -0.00978
 25.66      0.01041      0.01788     -0.00900
 25.68      0.00000      0.01775     -0.00775
 25.70      0.00000      0.01761     -0.00603
 25.72      0.00000      0.01748     -0.00384
 25.74      0.00000      0.01736     -0.00155
 25.76      0.00000      0.01724      0.00071
 25.78      0.00000      0.01715      0.00256
 25.80      0.00000      0.01707      0.00404
 25.82      0.15600      0.01698      0.00517
 25.84      0.00000      0.01687      0.00596
 25.86      0.15569      0.01675      0.00641
 25.88      0.00000      0.01661      0.00652
 25.90      0.00000      0.01646      0.00632
 25.92      0.00000      0.01632      0.00581
 25.94      0.00000      0.01617      0.00500
 25.96      0.00000      0.01602      0.00425
 25.98      0.00000      0.01588      0.00325
 26.00      0.00000      0.01574      0.00237
 26.02      0.00000      0.01559      0.00159
 26.04      0.00000      0.01546      0.00089
 26.06      0.13638      0.01533      0.00030
 26.08      0.00000      0.01518     -0.00017
 26.10      0.00000      0.01503     -0.00054
 26.12      0.00000      0.01487     -0.00095
 26.14      0.00000      0.01472     -0.00140
 26.16      0.00000      0.01458     -0.00186
 26.18      0.00000      0.01443     -0.00252
 26.20      0.06428      0.01431     -0.00309
 26.22      0.00000      0.01419     -0.00366
 26.24      0.00000      0.01407     -0.00422
 26.26      0.03208      0.01396     -0.00481
 26.28      0.00000      0.01384     -0.00539
 26.30      0.00000      0.01373     -0.00587
 26.32      0.00000      0.01361     -0.00627
 26.34      0.00000      0.01350     -0.00635
 26.36      0.00000      0.01339     -0.00612
 26.38      0.00000      0.01327     -0.00570
 26.40      0.00000      0.01316     -0.00501
 26.42      0.00000      0.01305     -0.00417
 26.44      0.00000      0.01293     -0.00316
 26.46      0.05359      0.01283     -0.00200
 26.48      0.00000      0.01272     -0.00068
 26.50      0.00000      0.01260      0.00081
 26.52      0.00000      0.01249      0.00218
 26.54      0.00000      0.01237      0.00344
 26.56      0.00000      0.01226      0.00435
 26.58      0.00000      0.01214      0.00490
 26.60      0.12783      0.01203      0.00520
 26.62      0.00000      0.01190      0.00526
 26.64      0.09714      0.01178      0.00505
 26.66      0.00000      0.01163      0.00459
 26.68      0.00000      0.01151      0.00389
 26.70      0.00000      0.01138      0.00298
 26.72      0.00000      0.01126      0.00184
 26.74      0.00000      0.01113      0.00077
 26.76      0.00000      0.01101     -0.00034
 26.78      0.00000      0.01088     -0.00125
 26.80      0.00000      0.01076     -0.00199
 26.82      0.00000      0.01063     -0.00257
 26.84      0.04440      0.01051     -0.00301
 26.86      0.00000      0.01038     -0.00330
 26.88      0.00000      0.01024     -0.00344
 26.90      0.00000      0.01011     -0.00356
 26.92      0.00000      0.00998     -0.00365
 26.94      0.00000      0.00985     -0.00371
 26.96      0.00000      0.00972     -0.00383
 26.98      0.05825      0.00959     -0.00391
 27.00      0.00000      0.00944     -0.00402
 27.02      0.00000      0.00930     -0.00415
 27.04      0.00000      0.00918     -0.00435
 27.06      0.00000      0.00906     -0.00454
 27.08      0.00000      0.00895     -0.00472
 27.10      0.00000      0.00884     -0.00487
 27.12      0.00000      0.00874     -0.00487
 27.14      0.00000      0.00864     -0.00475
 27.16      0.00000      0.00854     -0.00453
 27.18      0.00000      0.00844     -0.00421
 27.20      0.00000      0.00833     -0.00381
 27.22      0.02566      0.00823     -0.00333
 27.24      0.00000      0.00813     -0.00278
 27.26      0.00000      0.00802     -0.00216
 27.28      0.00000      0.00791     -0.00160
 27.30      0.00000      0.00783     -0.00108
 27.32      0.00000      0.00774     -0.00065
 27.34      0.00000      0.00765     -0.00034
 27.36      0.06232      0.00757     -0.00011
 27.38      0.00000      0.00747      0.00007
 27.40      0.02848      0.00737      0.00018
 27.42      0.00000      0.00727      0.00022
 27.44      0.00000      0.00719      0.00023
 27.46      0.00000      0.00712      0.00023
 27.48      0.00000      0.00705      0.00025
 27.50      0.00000      0.00698      0.00043
 27.52      0.00000      0.00691      0.00063
 27.54      0.00000      0.00684      0.00090
 27.56      0.00000      0.00676      0.00126
 27.58      0.00000      0.00669      0.00168
 27.60      0.06254      0.00662      0.00217
 27.62      0.00000      0.00654      0.00272
 27.64      0.00000      0.00646      0.00334
 27.66      0.00000      0.00637      0.00383
 27.68      0.00000      0.00629      0.00419
 27.70      0.00000      0.00621      0.00435
 27.72      0.00000      0.00613      0.00427
 27.74      0.08889      0.00604      0.00409
 27.76      0.00000      0.00594      0.00381
 27.78      0.02810      0.00585      0.00340
 27.80      0.00000      0.00574      0.00290
 27.82      0.00000      0.00564      0.00229
 27.84      0.00000      0.00553      0.00161
 27.86      0.00000      0.00544      0.00082
 27.88      0.00000      0.00535      0.00014
 27.90      0.00000      0.00528     -0.00047
 27.92      0.00000      0.00520     -0.00092
 27.94      0.00000      0.00513     -0.00120
 27.96      0.00955      0.00505     -0.00137
 27.98      0.00000      0.00498     -0.00143
 28.00      0.00000      0.00490     -0.00137
 28.02      0.00000      0.00483     -0.00125
 28.04      0.00000      0.00475     -0.00106
 28.06      0.00000      0.00467     -0.00087
 28.08      0.00000      0.00460     -0.00067
 28.10      0.02522      0.00453     -0.00053
 28.12      0.00000      0.00447     -0.00042
 28.14      0.02773      0.00440     -0.00038
 28.16      0.00000      0.00433     -0.00037
 28.18      0.00000      0.00425     -0.00040
 28.20      0.00000      0.00418     -0.00047
 28.22      0.00000      0.00411     -0.00058
 28.24      0.00000      0.00404     -0.00071
 28.26      0.00000      0.00397     -0.00084
 28.28      0.00000      0.00391     -0.00093
 28.30      0.00000      0.00384     -0.00097
 28.32      0.01305      0.00378     -0.00097
 28.34      0.00000      0.00371     -0.00092
 28.36      0.00000      0.00365     -0.00083
 28.38      0.00000      0.00358     -0.00076
 28.40      0.00000      0.00351     -0.00072
 28.42      0.00000      0.00345     -0.00070
 28.44      0.00000      0.00338     -0.00070
 28.46      0.03103      0.00332     -0.00072
 28.48      0.00000      0.00324     -0.00074
 28.50      0.00000      0.00318     -0.00080
 28.52      0.00000      0.00311     -0.00089
 28.54      0.00000      0.00304     -0.00100
 28.56      0.00000      0.00297     -0.00114
 28.58      0.00000      0.00291     -0.00129
 28.60      0.00000      0.00284     -0.00139
 28.62      0.00000      0.00277     -0.00144
 28.64      0.00000      0.00272     -0.00146
 28.66      0.00000      0.00266     -0.00144
 28.68      0.00000      0.00262     -0.00139
 28.70      0.00430      0.00257     -0.00131
 28.72      0.00000      0.00253     -0.00119
 28.74      0.00000      0.00248     -0.00106
 28.76      0.00000      0.00244     -0.00093
 28.78      0.00000      0.00239     -0.00078
 28.80      0.00000      0.00234     -0.00065
 28.82      0.01212      0.00230     -0.00057
 28.84      0.00000      0.00225     -0.00051
 28.86      0.00000      0.00220     -0.00048
 28.88      0.01139      0.00216     -0.00048
 28.90      0.00000      0.00211     -0.00051
 28.92      0.00000      0.00207     -0.00057
 28.94      0.00000      0.00202     -0.00065
 28.96      0.00000      0.00197     -0.00074
 28.98      0.00000      0.00193     -0.00083
 29.00      0.00000      0.00188     -0.00093
 29.02      0.00000      0.00184     -0.00101
 29.04      0.00212      0.00180     -0.00107
 29.06      0.00000      0.00176     -0.00112
 29.08      0.00000      0.00172     -0.00114
 29.10      0.00000      0.00168     -0.00115
 29.12      0.00000      0.00164     -0.00116
 29.14      0.00000      0.00160     -0.00115
 29.16      0.00000      0.00156     -0.00113
 29.18      0.00317      0.00152     -0.00111
 29.20      0.00000      0.00147     -0.00108
 29.22      0.00141      0.00143     -0.00105
 29.24      0.00000      0.00139     -0.00102
 29.26      0.00000      0.00135     -0.00100
 29.28      0.00000      0.00131     -0.00097
 29.30      0.00000      0.00127     -0.00094
 29.32      0.00000      0.00123     -0.00090
 29.34      0.00000      0.00119     -0.00086
 29.36      0.00000      0.00116     -0.00082
 29.38      0.00000      0.00112     -0.00076
 29.40      0.00140      0.00108     -0.00070
 29.42      0.00000      0.00105     -0.00064
 29.44      0.00000      0.00102     -0.00057
 29.46      0.00000      0.00099     -0.00051
 29.48      0.00000      0.00096     -0.00045
 29.50      0.00000      0.00093     -0.00040
 29.52      0.00000      0.00090     -0.00036
 29.54      0.00557      0.00087     -0.00033
 29.56      0.00000      0.00083     -0.00030
 29.58      0.00139      0.00080     -0.00028
 29.60      0.00000      0.00077     -0.00026
 29.62      0.00000      0.00074     -0.00025
 29.64      0.00000      0.00071     -0.00026
 29.66      0.00000      0.00069     -0.00028
 29.68      0.00000      0.00066     -0.00029
 29.70      0.00000      0.00064     -0.00030
 29.72      0.00000      0.00061     -0.00031
 29.74      0.00138      0.00058     -0.00031
 29.76      0.00000      0.00056     -0.00030
 29.78      0.00000      0.00054     -0.00030
 29.80      0.00000      0.00052     -0.00030
 29.82      0.00000      0.00051     -0.00030
 29.84      0.00000      0.00049     -0.00030
 29.86      0.00000      0.00048     -0.00030
 29.88      0.00172      0.00046     -0.00030
 29.90      0.00000      0.00045     -0.00030
 29.92      0.00000      0.00043     -0.00029
 29.94      0.00000      0.00042     -0.00029
 29.96      0.00000      0.00040     -0.00029
 29.98      0.00000      0.00039     -0.00029
 30.00      0.00000      0.00038     -0.00030
 30.02      0.00000      0.00036     -0.00030
 30.04      0.00000      0.00035     -0.00030
 30.06      0.00000      0.00033     -0.00030
 30.08      0.00000      0.00032     -0.00029
 30.10      0.00000      0.00031     -0.00029
 30.12      0.00000      0.00029     -0.00028
 30.14      0.00000      0.00028     -0.00027
 30.16      0.00000      0.00027     -0.00026
 30.18      0.00000      0.00026     -0.00026
 30.20      0.00000      0.00025     -0.00025
 30.22      0.00000      0.00024     -0.00024
 30.24      0.00000      0.00023     -0.00023
 30.26      0.00000      0.00022     -0.00022
 30.28      0.00000      0.00022     -0.00022
 30.30      0.00000      0.00021     -0.00021
 30.32      0.00000      0.00020     -0.00020
 30.34      0.00000      0.00019     -0.00019
 30.36      0.00000      0.00018     -0.00018
 30.38      0.00000      0.00017     -0.00017
 30.40      0.00000      0.00017     -0.00017
 30.42      0.00000      0.00016     -0.00016
 30.44      0.00000      0.00015     -0.00015
 30.46      0.00000      0.00014     -0.00014
 30.48      0.00000      0.00014     -0.00014
 30.50      0.00000      0.00013     -0.00013
 30.52      0.00000      0.00013     -0.00013
 30.54      0.00000      0.00012     -0.00012
 30.56      0.00000      0.00012     -0.00012
 30.58      0.00000      0.00011     -0.00011
 30.60      0.00000      0.00011     -0.00011
 30.62      0.00000      0.00010     -0.00010
 30.64      0.00000      0.00010     -0.00010
 30.66      0.00000      0.00010     -0.00010
 30.68      0.00000      0.00009     -0.00009
 30.70      0.00000      0.00009     -0.00009
 30.72      0.00000      0.00008     -0.00008
 30.74      0.00000      0.00008     -0.00008
 30.76      0.00000      0.00007     -0.00007
 30.78      0.00000      0.00007     -0.00007
 30.80      0.00000      0.00007     -0.00007
 30.82      0.00000      0.00006     -0.00006
 30.84      0.00000      0.00006     -0.00006
 30.86      0.00000      0.00006     -0.00006
 30.88      0.00000      0.00005     -0.00005
 30.90      0.00000      0.00005     -0.00005
 30.92      0.00000      0.00005     -0.00005
 30.94      0.00000      0.00005     -0.00005
 30.96      0.00000      0.00004     -0.00004
 30.98      0.00000      0.00004     -0.00004
 31.00      0.00000      0.00004     -0.00004
