 #r(A)        G(r)
  0.02      0.00000
  0.04      0.00000
  0.06      0.00000
  0.08      0.00000
  0.10      0.00000
  0.12     -0.00000
  0.14     -0.00000
  0.16     -0.00000
  0.18     -0.00000
  0.20     -0.00000
  0.22     -0.00000
  0.24     -0.00000
  0.26     -0.00000
  0.28     -0.00000
  0.30     -0.00000
  0.32     -0.00000
  0.34     -0.00001
  0.36     -0.00001
  0.38     -0.00002
  0.40     -0.00003
  0.42     -0.00005
  0.44     -0.00007
  0.46     -0.00010
  0.48     -0.00013
  0.50     -0.00017
  0.52     -0.00022
  0.54     -0.00028
  0.56     -0.00035
  0.58     -0.00043
  0.60     -0.00053
  0.62     -0.00065
  0.64     -0.00080
  0.66     -0.00097
  0.68     -0.00118
  0.70     -0.00141
  0.72     -0.00167
  0.74     -0.00196
  0.76     -0.00227
  0.78     -0.00259
  0.80     -0.00293
  0.82     -0.00329
  0.84     -0.00365
  0.86     -0.00402
  0.88     -0.00439
  0.90     -0.00477
  0.92     -0.00516
  0.94     -0.00555
  0.96     -0.00594
  0.98     -0.00633
  1.00     -0.00672
  1.02     -0.00711
  1.04     -0.00751
  1.06     -0.00790
  1.08     -0.00830
  1.10     -0.00869
  1.12     -0.00909
  1.14     -0.00949
  1.16     -0.00989
  1.18     -0.01028
  1.20     -0.01068
  1.22     -0.01108
  1.24     -0.01148
  1.26     -0.01188
  1.28     -0.01227
  1.30     -0.01267
  1.32     -0.01308
  1.34     -0.01348
  1.36     -0.01388
  1.38     -0.01428
  1.40     -0.01469
  1.42     -0.01509
  1.44     -0.01550
  1.46     -0.01591
  1.48     -0.01632
  1.50     -0.01673
  1.52     -0.01715
  1.54     -0.01756
  1.56     -0.01798
  1.58     -0.01841
  1.60     -0.01883
  1.62     -0.01926
  1.64     -0.01969
  1.66     -0.02013
  1.68     -0.02057
  1.70     -0.02101
  1.72     -0.02146
  1.74     -0.02191
  1.76     -0.02236
  1.78     -0.02282
  1.80     -0.02329
  1.82     -0.02376
  1.84     -0.02423
  1.86     -0.02471
  1.88     -0.02519
  1.90     -0.02568
  1.92     -0.02617
  1.94     -0.02667
  1.96     -0.02717
  1.98     -0.02767
  2.00     -0.02818
  2.02     -0.02869
  2.04     -0.02920
  2.06     -0.02971
  2.08     -0.03011
  2.10     -0.03063
  2.12     -0.03111
  2.14     -0.03163
  2.16     -0.03216
  2.18     -0.03265
  2.20     -0.03303
  2.22     -0.03346
  2.24     -0.03354
  2.26     -0.03363
  2.28     -0.03286
  2.30     -0.03102
  2.32     -0.02790
  2.34     -0.02350
  2.36     -0.01618
  2.38     -0.00811
  2.40      0.00006
  2.42      0.00842
  2.44      0.01626
  2.46      0.01948
  2.48      0.02511
  2.50      0.03226
  2.52      0.03934
  2.54      0.05213
  2.56      0.07879
  2.58      0.10483
  2.60      0.13987
  2.62      0.17325
  2.64      0.20494
  2.66      0.22827
  2.68      0.23920
  2.70      0.23170
  2.72      0.22523
  2.74      0.20105
  2.76      0.16667
  2.78      0.13763
  2.80      0.11123
  2.82      0.07908
  2.84      0.05310
  2.86      0.03423
  2.88      0.01608
  2.90      0.00136
  2.92     -0.00908
  2.94     -0.01566
  2.96     -0.02337
  2.98     -0.02829
  3.00     -0.03342
  3.02     -0.03810
  3.04     -0.04032
  3.06     -0.04186
  3.08     -0.04349
  3.10     -0.04461
  3.12     -0.04529
  3.14     -0.04572
  3.16     -0.04605
  3.18     -0.04694
  3.20     -0.04698
  3.22     -0.04706
  3.24     -0.04696
  3.26     -0.04676
  3.28     -0.04518
  3.30     -0.04510
  3.32     -0.04407
  3.34     -0.04334
  3.36     -0.04172
  3.38     -0.04135
  3.40     -0.03926
  3.42     -0.03798
  3.44     -0.03571
  3.46     -0.03491
  3.48     -0.03298
  3.50     -0.03061
  3.52     -0.02906
  3.54     -0.02799
  3.56     -0.02618
  3.58     -0.02467
  3.60     -0.02487
  3.62     -0.02303
  3.64     -0.02223
  3.66     -0.02065
  3.68     -0.01861
  3.70     -0.01495
  3.72     -0.01458
  3.74     -0.01250
  3.76     -0.01101
  3.78     -0.01019
  3.80     -0.01058
  3.82     -0.00767
  3.84     -0.00725
  3.86     -0.00839
  3.88     -0.00985
  3.90     -0.01169
  3.92     -0.01510
  3.94     -0.01702
  3.96     -0.01928
  3.98     -0.02270
  4.00     -0.02585
  4.02     -0.02977
  4.04     -0.03324
  4.06     -0.03481
  4.08     -0.03564
  4.10     -0.03444
  4.12     -0.03406
  4.14     -0.03271
  4.16     -0.03175
  4.18     -0.02862
  4.20     -0.02549
  4.22     -0.01905
  4.24     -0.01493
  4.26     -0.00863
  4.28     -0.00346
  4.30      0.00001
  4.32      0.00100
  4.34      0.00433
  4.36      0.00658
  4.38      0.00699
  4.40      0.00866
  4.42      0.01049
  4.44      0.01128
  4.46      0.01433
  4.48      0.01928
  4.50      0.02512
  4.52      0.03160
  4.54      0.04258
  4.56      0.05302
  4.58      0.06016
  4.60      0.06744
  4.62      0.07669
  4.64      0.08309
  4.66      0.08447
  4.68      0.08620
  4.70      0.08902
  4.72      0.08137
  4.74      0.07431
  4.76      0.06321
  4.78      0.05614
  4.80      0.04396
  4.82      0.03777
  4.84      0.02611
  4.86      0.01850
  4.88      0.01003
  4.90      0.00203
  4.92     -0.00401
  4.94     -0.00818
  4.96     -0.01082
  4.98     -0.01431
  5.00     -0.01715
  5.02     -0.01845
  5.04     -0.01925
  5.06     -0.01945
  5.08     -0.02128
  5.10     -0.01954
  5.12     -0.01911
  5.14     -0.01658
  5.16     -0.01452
  5.18     -0.01036
  5.20     -0.00978
  5.22     -0.00767
  5.24     -0.00622
  5.26     -0.00454
  5.28     -0.00181
  5.30      0.00076
  5.32      0.00193
  5.34      0.00462
  5.36      0.00584
  5.38      0.00639
  5.40      0.00751
  5.42      0.00976
  5.44      0.00570
  5.46      0.00456
  5.48      0.00287
  5.50      0.00015
  5.52     -0.00409
  5.54     -0.00456
  5.56     -0.00882
  5.58     -0.01250
  5.60     -0.01479
  5.62     -0.01793
  5.64     -0.02082
  5.66     -0.02115
  5.68     -0.02206
  5.70     -0.02447
  5.72     -0.02545
  5.74     -0.02606
  5.76     -0.02708
  5.78     -0.02840
  5.80     -0.02623
  5.82     -0.02399
  5.84     -0.02077
  5.86     -0.01822
  5.88     -0.01398
  5.90     -0.01115
  5.92     -0.00962
  5.94     -0.00882
  5.96     -0.00815
  5.98     -0.00630
  6.00     -0.00480
  6.02     -0.00206
  6.04     -0.00085
  6.06      0.00257
  6.08      0.00247
  6.10     -0.00034
  6.12     -0.00206
  6.14     -0.00325
  6.16     -0.00758
  6.18     -0.01009
  6.20     -0.01226
  6.22     -0.01426
  6.24     -0.01585
  6.26     -0.01605
  6.28     -0.01832
  6.30     -0.01749
  6.32     -0.01771
  6.34     -0.01808
  6.36     -0.01878
  6.38     -0.01723
  6.40     -0.01634
  6.42     -0.01340
  6.44     -0.01044
  6.46     -0.00505
  6.48     -0.00048
  6.50      0.00468
  6.52      0.00722
  6.54      0.01276
  6.56      0.01462
  6.58      0.01557
  6.60      0.01679
  6.62      0.01866
  6.64      0.01726
  6.66      0.01740
  6.68      0.01980
  6.70      0.01785
  6.72      0.01568
  6.74      0.01296
  6.76      0.01085
  6.78      0.00731
  6.80      0.00756
  6.82      0.00837
  6.84      0.00882
  6.86      0.00979
  6.88      0.01130
  6.90      0.01325
  6.92      0.01510
  6.94      0.01673
  6.96      0.02031
  6.98      0.02232
  7.00      0.02488
  7.02      0.02796
  7.04      0.03207
  7.06      0.03408
  7.08      0.03716
  7.10      0.03764
  7.12      0.03945
  7.14      0.03870
  7.16      0.03639
  7.18      0.03450
  7.20      0.03379
  7.22      0.02561
  7.24      0.02294
  7.26      0.01897
  7.28      0.01416
  7.30      0.00669
  7.32      0.00524
  7.34      0.00021
  7.36     -0.00474
  7.38     -0.00824
  7.40     -0.00989
  7.42     -0.01165
  7.44     -0.01503
  7.46     -0.01447
  7.48     -0.01611
  7.50     -0.01686
  7.52     -0.01907
  7.54     -0.01935
  7.56     -0.02082
  7.58     -0.02315
  7.60     -0.02373
  7.62     -0.02474
  7.64     -0.02568
  7.66     -0.02342
  7.68     -0.02265
  7.70     -0.02295
  7.72     -0.02094
  7.74     -0.01868
  7.76     -0.01912
  7.78     -0.01661
  7.80     -0.01432
  7.82     -0.01332
  7.84     -0.01242
  7.86     -0.01324
  7.88     -0.01352
  7.90     -0.01405
  7.92     -0.01313
  7.94     -0.01245
  7.96     -0.01093
  7.98     -0.00797
  8.00     -0.00654
  8.02     -0.00694
  8.04     -0.00381
  8.06     -0.00436
  8.08     -0.00543
  8.10     -0.00565
  8.12     -0.00447
  8.14     -0.00751
  8.16     -0.00472
  8.18     -0.00218
  8.20     -0.00055
  8.22      0.00073
  8.24      0.00117
  8.26      0.00072
  8.28     -0.00067
  8.30     -0.00145
  8.32     -0.00274
  8.34     -0.00086
  8.36     -0.00032
  8.38      0.00080
  8.40      0.00135
  8.42      0.00061
  8.44      0.00133
  8.46      0.00171
  8.48      0.00185
  8.50      0.00188
  8.52      0.00330
  8.54      0.00321
  8.56      0.00231
  8.58      0.00276
  8.60      0.00235
  8.62      0.00192
  8.64     -0.00072
  8.66     -0.00048
  8.68     -0.00059
  8.70     -0.00116
  8.72     -0.00179
  8.74      0.00031
  8.76      0.00181
  8.78      0.00109
  8.80      0.00390
  8.82      0.00670
  8.84      0.00755
  8.86      0.00741
  8.88      0.00877
  8.90      0.01057
  8.92      0.01143
  8.94      0.01186
  8.96      0.01366
  8.98      0.01559
  9.00      0.01492
  9.02      0.01529
  9.04      0.01839
  9.06      0.01874
  9.08      0.01956
  9.10      0.01905
  9.12      0.01821
  9.14      0.01428
  9.16      0.01165
  9.18      0.00824
  9.20      0.00626
  9.22      0.00634
  9.24      0.00545
  9.26      0.00481
  9.28      0.00520
  9.30      0.00717
  9.32      0.00573
  9.34      0.00553
  9.36      0.00603
  9.38      0.00438
  9.40      0.00199
  9.42      0.00135
  9.44      0.00186
  9.46      0.00102
  9.48      0.00033
  9.50      0.00168
  9.52      0.00239
  9.54     -0.00010
  9.56      0.00029
  9.58      0.00090
  9.60     -0.00029
  9.62      0.00187
  9.64      0.00592
  9.66      0.00715
  9.68      0.00675
  9.70      0.00637
  9.72      0.00319
  9.74     -0.00020
  9.76     -0.00330
  9.78     -0.00391
  9.80     -0.00485
  9.82     -0.00832
  9.84     -0.00896
  9.86     -0.00957
  9.88     -0.01159
  9.90     -0.01422
  9.92     -0.01343
  9.94     -0.01508
  9.96     -0.01727
  9.98     -0.01746
 10.00     -0.01666
 10.02     -0.01825
 10.04     -0.01848
 10.06     -0.01672
 10.08     -0.01626
 10.10     -0.01632
 10.12     -0.01472
 10.14     -0.01313
 10.16     -0.01348
 10.18     -0.01304
 10.20     -0.01074
 10.22     -0.00874
 10.24     -0.00631
 10.26     -0.00537
 10.28     -0.00510
 10.30     -0.00621
 10.32     -0.00675
 10.34     -0.00797
 10.36     -0.00563
 10.38     -0.00429
 10.40     -0.00231
 10.42     -0.00178
 10.44     -0.00244
 10.46     -0.00314
 10.48     -0.00293
 10.50     -0.00266
 10.52     -0.00145
 10.54      0.00118
 10.56      0.00182
 10.58      0.00328
 10.60      0.00317
 10.62      0.00446
 10.64      0.00747
 10.66      0.00789
 10.68      0.00934
 10.70      0.01172
 10.72      0.01071
 10.74      0.00790
 10.76      0.00918
 10.78      0.00925
 10.80      0.00997
 10.82      0.01143
 10.84      0.01197
 10.86      0.01109
 10.88      0.01155
 10.90      0.01057
 10.92      0.00882
 10.94      0.00977
 10.96      0.01054
 10.98      0.00811
 11.00      0.00525
 11.02      0.00434
 11.04      0.00255
 11.06      0.00130
 11.08     -0.00013
 11.10      0.00085
 11.12      0.00186
 11.14      0.00152
 11.16      0.00175
 11.18      0.00304
 11.20      0.00329
 11.22      0.00296
 11.24      0.00424
 11.26      0.00369
 11.28      0.00535
 11.30      0.00726
 11.32      0.00882
 11.34      0.00827
 11.36      0.01034
 11.38      0.01002
 11.40      0.00825
 11.42      0.00718
 11.44      0.00628
 11.46      0.00415
 11.48      0.00398
 11.50      0.00470
 11.52      0.00419
 11.54      0.00503
 11.56      0.00525
 11.58      0.00537
 11.60      0.00528
 11.62      0.00524
 11.64      0.00565
 11.66      0.00538
 11.68      0.00531
 11.70      0.00414
 11.72      0.00397
 11.74      0.00117
 11.76      0.00136
 11.78      0.00006
 11.80     -0.00170
 11.82     -0.00120
 11.84     -0.00148
 11.86     -0.00262
 11.88     -0.00550
 11.90     -0.00473
 11.92     -0.00619
 11.94     -0.00741
 11.96     -0.00809
 11.98     -0.00753
 12.00     -0.01097
 12.02     -0.01175
 12.04     -0.01279
 12.06     -0.01480
 12.08     -0.01541
 12.10     -0.01575
 12.12     -0.01680
 12.14     -0.01620
 12.16     -0.01706
 12.18     -0.01656
 12.20     -0.01408
 12.22     -0.01420
 12.24     -0.01351
 12.26     -0.01194
 12.28     -0.01191
 12.30     -0.01212
 12.32     -0.00942
 12.34     -0.00861
 12.36     -0.00876
 12.38     -0.00710
 12.40     -0.00593
 12.42     -0.00650
 12.44     -0.00575
 12.46     -0.00370
 12.48     -0.00322
 12.50     -0.00215
 12.52      0.00056
 12.54      0.00257
 12.56      0.00345
 12.58      0.00360
 12.60      0.00483
 12.62      0.00407
 12.64      0.00445
 12.66      0.00433
 12.68      0.00529
 12.70      0.00421
 12.72      0.00412
 12.74      0.00598
 12.76      0.00694
 12.78      0.00767
 12.80      0.00835
 12.82      0.00880
 12.84      0.00691
 12.86      0.00859
 12.88      0.00823
 12.90      0.00753
 12.92      0.00941
 12.94      0.01006
 12.96      0.00863
 12.98      0.00944
 13.00      0.01217
 13.02      0.01206
 13.04      0.01314
 13.06      0.01415
 13.08      0.01380
 13.10      0.01250
 13.12      0.01177
 13.14      0.01054
 13.16      0.01046
 13.18      0.00967
 13.20      0.00907
 13.22      0.00733
 13.24      0.00543
 13.26      0.00450
 13.28      0.00324
 13.30      0.00159
 13.32      0.00177
 13.34      0.00302
 13.36      0.00102
 13.38     -0.00016
 13.40      0.00190
 13.42      0.00031
 13.44     -0.00179
 13.46     -0.00034
 13.48     -0.00028
 13.50     -0.00126
 13.52     -0.00094
 13.54     -0.00122
 13.56     -0.00288
 13.58     -0.00238
 13.60     -0.00469
 13.62     -0.00670
 13.64     -0.00491
 13.66     -0.00495
 13.68     -0.00583
 13.70     -0.00504
 13.72     -0.00314
 13.74     -0.00537
 13.76     -0.00423
 13.78     -0.00317
 13.80     -0.00286
 13.82     -0.00275
 13.84     -0.00236
 13.86     -0.00216
 13.88     -0.00180
 13.90     -0.00087
 13.92     -0.00081
 13.94      0.00135
 13.96      0.00100
 13.98      0.00096
 14.00     -0.00054
 14.02     -0.00036
 14.04     -0.00303
 14.06     -0.00508
 14.08     -0.00643
 14.10     -0.00538
 14.12     -0.00736
 14.14     -0.00644
 14.16     -0.00596
 14.18     -0.00476
 14.20     -0.00498
 14.22     -0.00361
 14.24     -0.00311
 14.26     -0.00159
 14.28     -0.00144
 14.30     -0.00246
 14.32     -0.00239
 14.34     -0.00281
 14.36     -0.00328
 14.38     -0.00478
 14.40     -0.00361
 14.42     -0.00270
 14.44     -0.00247
 14.46     -0.00280
 14.48     -0.00115
 14.50     -0.00104
 14.52     -0.00270
 14.54     -0.00307
 14.56     -0.00291
 14.58     -0.00406
 14.60     -0.00401
 14.62     -0.00285
 14.64     -0.00258
 14.66     -0.00272
 14.68     -0.00196
 14.70     -0.00270
 14.72     -0.00351
 14.74     -0.00200
 14.76     -0.00216
 14.78     -0.00209
 14.80     -0.00151
 14.82      0.00016
 14.84     -0.00014
 14.86      0.00173
 14.88      0.00304
 14.90      0.00329
 14.92      0.00313
 14.94      0.00448
 14.96      0.00522
 14.98      0.00543
 15.00      0.00676
 15.02      0.00792
 15.04      0.00782
 15.06      0.00814
 15.08      0.00927
 15.10      0.00894
 15.12      0.00961
 15.14      0.00967
 15.16      0.00937
 15.18      0.00944
 15.20      0.01018
 15.22      0.00927
 15.24      0.00886
 15.26      0.00858
 15.28      0.00886
 15.30      0.00804
 15.32      0.00647
 15.34      0.00462
 15.36      0.00463
 15.38      0.00320
 15.40      0.00281
 15.42      0.00331
 15.44      0.00469
 15.46      0.00300
 15.48      0.00178
 15.50      0.00218
 15.52      0.00188
 15.54      0.00128
 15.56      0.00180
 15.58      0.00207
 15.60      0.00166
 15.62      0.00297
 15.64      0.00230
 15.66      0.00198
 15.68      0.00088
 15.70      0.00001
 15.72     -0.00175
 15.74     -0.00277
 15.76     -0.00361
 15.78     -0.00419
 15.80     -0.00526
 15.82     -0.00507
 15.84     -0.00383
 15.86     -0.00432
 15.88     -0.00464
 15.90     -0.00454
 15.92     -0.00592
 15.94     -0.00776
 15.96     -0.00762
 15.98     -0.00648
 16.00     -0.00573
 16.02     -0.00531
 16.04     -0.00458
 16.06     -0.00517
 16.08     -0.00704
 16.10     -0.00805
 16.12     -0.00932
 16.14     -0.01018
 16.16     -0.00950
 16.18     -0.00917
 16.20     -0.00808
 16.22     -0.00690
 16.24     -0.00572
 16.26     -0.00560
 16.28     -0.00438
 16.30     -0.00455
 16.32     -0.00426
 16.34     -0.00519
 16.36     -0.00453
 16.38     -0.00370
 16.40     -0.00393
 16.42     -0.00309
 16.44     -0.00179
 16.46     -0.00089
 16.48     -0.00117
 16.50      0.00032
 16.52      0.00145
 16.54      0.00184
 16.56      0.00215
 16.58      0.00330
 16.60      0.00519
 16.62      0.00528
 16.64      0.00532
 16.66      0.00612
 16.68      0.00646
 16.70      0.00485
 16.72      0.00403
 16.74      0.00513
 16.76      0.00466
 16.78      0.00411
 16.80      0.00400
 16.82      0.00391
 16.84      0.00420
 16.86      0.00468
 16.88      0.00552
 16.90      0.00457
 16.92      0.00647
 16.94      0.00676
 16.96      0.00603
 16.98      0.00543
 17.00      0.00651
 17.02      0.00520
 17.04      0.00454
 17.06      0.00419
 17.08      0.00421
 17.10      0.00393
 17.12      0.00280
 17.14      0.00208
 17.16      0.00275
 17.18      0.00253
 17.20      0.00300
 17.22      0.00353
 17.24      0.00491
 17.26      0.00480
 17.28      0.00317
 17.30      0.00152
 17.32      0.00133
 17.34      0.00047
 17.36     -0.00023
 17.38      0.00050
 17.40      0.00041
 17.42      0.00074
 17.44     -0.00067
 17.46      0.00014
 17.48      0.00117
 17.50      0.00193
 17.52      0.00075
 17.54      0.00070
 17.56     -0.00034
 17.58     -0.00161
 17.60     -0.00334
 17.62     -0.00183
 17.64     -0.00105
 17.66     -0.00142
 17.68     -0.00240
 17.70     -0.00039
 17.72     -0.00235
 17.74     -0.00314
 17.76     -0.00360
 17.78     -0.00213
 17.80     -0.00171
 17.82      0.00015
 17.84      0.00042
 17.86      0.00029
 17.88      0.00041
 17.90     -0.00233
 17.92     -0.00335
 17.94     -0.00348
 17.96     -0.00273
 17.98     -0.00342
 18.00     -0.00154
 18.02     -0.00242
 18.04     -0.00202
 18.06     -0.00193
 18.08     -0.00061
 18.10     -0.00204
 18.12     -0.00096
 18.14     -0.00187
 18.16     -0.00321
 18.18     -0.00457
 18.20     -0.00430
 18.22     -0.00475
 18.24     -0.00436
 18.26     -0.00227
 18.28     -0.00125
 18.30     -0.00013
 18.32      0.00004
 18.34     -0.00022
 18.36     -0.00190
 18.38     -0.00333
 18.40     -0.00319
 18.42     -0.00353
 18.44     -0.00219
 18.46     -0.00196
 18.48     -0.00170
 18.50     -0.00148
 18.52     -0.00079
 18.54     -0.00105
 18.56     -0.00002
 18.58      0.00034
 18.60     -0.00005
 18.62     -0.00002
 18.64     -0.00052
 18.66     -0.00081
 18.68     -0.00092
 18.70     -0.00054
 18.72     -0.00037
 18.74      0.00099
 18.76      0.00114
 18.78      0.00194
 18.80      0.00080
 18.82      0.00186
 18.84      0.00040
 18.86      0.00052
 18.88      0.00016
 18.90      0.00235
 18.92      0.00140
 18.94      0.00345
 18.96      0.00414
 18.98      0.00470
 19.00      0.00495
 19.02      0.00568
 19.04      0.00335
 19.06      0.00292
 19.08      0.00338
 19.10      0.00256
 19.12      0.00288
 19.14      0.00394
 19.16      0.00397
 19.18      0.00402
 19.20      0.00401
 19.22      0.00405
 19.24      0.00394
 19.26      0.00416
 19.28      0.00396
 19.30      0.00366
 19.32      0.00185
 19.34      0.00119
 19.36      0.00098
 19.38     -0.00003
 19.40     -0.00023
 19.42      0.00054
 19.44      0.00079
 19.46      0.00182
 19.48      0.00228
 19.50      0.00301
 19.52      0.00268
 19.54      0.00347
 19.56      0.00200
 19.58      0.00236
 19.60      0.00196
 19.62      0.00298
 19.64      0.00227
 19.66      0.00270
 19.68      0.00130
 19.70      0.00148
 19.72     -0.00057
 19.74     -0.00135
 19.76     -0.00210
 19.78     -0.00143
 19.80     -0.00235
 19.82     -0.00183
 19.84     -0.00203
 19.86     -0.00261
 19.88     -0.00223
 19.90     -0.00282
 19.92     -0.00387
 19.94     -0.00287
 19.96     -0.00240
 19.98     -0.00240
 20.00     -0.00259
 20.02     -0.00174
 20.04     -0.00205
 20.06     -0.00183
 20.08     -0.00288
 20.10     -0.00231
 20.12     -0.00312
 20.14     -0.00308
 20.16     -0.00279
 20.18     -0.00267
 20.20     -0.00257
 20.22     -0.00148
 20.24     -0.00223
 20.26     -0.00272
 20.28     -0.00279
 20.30     -0.00251
 20.32     -0.00301
 20.34     -0.00135
 20.36     -0.00197
 20.38     -0.00209
 20.40     -0.00333
 20.42     -0.00253
 20.44     -0.00436
 20.46     -0.00419
 20.48     -0.00323
 20.50     -0.00115
 20.52     -0.00164
 20.54     -0.00028
 20.56      0.00029
 20.58      0.00054
 20.60     -0.00048
 20.62     -0.00024
 20.64     -0.00001
 20.66      0.00005
 20.68     -0.00098
 20.70     -0.00030
 20.72      0.00009
 20.74     -0.00072
 20.76     -0.00040
 20.78      0.00107
 20.80      0.00030
 20.82      0.00087
 20.84      0.00151
 20.86      0.00219
 20.88      0.00330
 20.90      0.00398
 20.92      0.00375
 20.94      0.00437
 20.96      0.00446
 20.98      0.00372
 21.00      0.00395
 21.02      0.00436
 21.04      0.00435
 21.06      0.00400
 21.08      0.00258
 21.10      0.00205
 21.12      0.00243
 21.14      0.00256
 21.16      0.00258
 21.18      0.00315
 21.20      0.00288
 21.22      0.00230
 21.24      0.00072
 21.26      0.00068
 21.28      0.00039
 21.30      0.00029
 21.32      0.00029
 21.34      0.00135
 21.36      0.00057
 21.38      0.00098
 21.40      0.00097
 21.42      0.00027
 21.44     -0.00014
 21.46      0.00016
 21.48     -0.00036
 21.50     -0.00058
 21.52     -0.00054
 21.54     -0.00029
 21.56     -0.00080
 21.58     -0.00091
 21.60     -0.00033
 21.62     -0.00042
 21.64     -0.00045
 21.66     -0.00067
 21.68     -0.00075
 21.70     -0.00181
 21.72     -0.00087
 21.74     -0.00035
 21.76      0.00101
 21.78      0.00149
 21.80      0.00241
 21.82      0.00104
 21.84      0.00024
 21.86     -0.00056
 21.88     -0.00003
 21.90     -0.00042
 21.92      0.00175
 21.94      0.00200
 21.96      0.00092
 21.98      0.00045
 22.00      0.00103
 22.02      0.00024
 22.04      0.00068
 22.06      0.00207
 22.08      0.00230
 22.10      0.00107
 22.12      0.00079
 22.14      0.00111
 22.16      0.00110
 22.18      0.00122
 22.20      0.00179
 22.22      0.00054
 22.24     -0.00094
 22.26     -0.00193
 22.28     -0.00331
 22.30     -0.00338
 22.32     -0.00233
 22.34     -0.00231
 22.36     -0.00119
 22.38     -0.00076
 22.40     -0.00092
 22.42     -0.00237
 22.44     -0.00147
 22.46     -0.00187
 22.48     -0.00131
 22.50     -0.00060
 22.52      0.00066
 22.54      0.00003
 22.56     -0.00088
 22.58     -0.00240
 22.60     -0.00281
 22.62     -0.00289
 22.64     -0.00375
 22.66     -0.00312
 22.68     -0.00340
 22.70     -0.00322
 22.72     -0.00292
 22.74     -0.00229
 22.76     -0.00223
 22.78     -0.00096
 22.80     -0.00118
 22.82     -0.00117
 22.84     -0.00183
 22.86     -0.00194
 22.88     -0.00133
 22.90     -0.00105
 22.92     -0.00138
 22.94     -0.00050
 22.96     -0.00037
 22.98     -0.00044
 23.00     -0.00050
 23.02     -0.00054
 23.04     -0.00005
 23.06      0.00086
 23.08      0.00147
 23.10      0.00145
 23.12      0.00186
 23.14      0.00191
 23.16      0.00156
 23.18      0.00151
 23.20      0.00266
 23.22      0.00353
 23.24      0.00300
 23.26      0.00303
 23.28      0.00252
 23.30      0.00244
 23.32      0.00186
 23.34      0.00198
 23.36      0.00232
 23.38      0.00279
 23.40      0.00228
 23.42      0.00193
 23.44      0.00212
 23.46      0.00204
 23.48      0.00098
 23.50      0.00085
 23.52      0.00077
 23.54      0.00053
 23.56      0.00015
 23.58      0.00127
 23.60      0.00183
 23.62      0.00180
 23.64      0.00226
 23.66      0.00322
 23.68      0.00267
 23.70      0.00302
 23.72      0.00330
 23.74      0.00406
 23.76      0.00280
 23.78      0.00245
 23.80      0.00152
 23.82      0.00164
 23.84      0.00062
 23.86      0.00074
 23.88      0.00067
 23.90      0.00084
 23.92      0.00028
 23.94      0.00040
 23.96     -0.00027
 23.98     -0.00038
 24.00      0.00009
 24.02     -0.00129
 24.04     -0.00159
 24.06     -0.00082
 24.08     -0.00127
 24.10     -0.00172
 24.12     -0.00071
 24.14     -0.00113
 24.16     -0.00139
 24.18     -0.00131
 24.20     -0.00249
 24.22     -0.00262
 24.24     -0.00201
 24.26     -0.00244
 24.28     -0.00196
 24.30     -0.00134
 24.32     -0.00171
 24.34     -0.00203
 24.36     -0.00132
 24.38     -0.00193
 24.40     -0.00193
 24.42     -0.00107
 24.44     -0.00070
 24.46     -0.00025
 24.48      0.00137
 24.50      0.00111
 24.52      0.00100
 24.54      0.00075
 24.56      0.00005
 24.58     -0.00071
 24.60      0.00014
 24.62      0.00093
 24.64      0.00150
 24.66      0.00221
 24.68      0.00194
 24.70      0.00169
 24.72      0.00089
 24.74      0.00014
 24.76     -0.00119
 24.78     -0.00120
 24.80     -0.00131
 24.82     -0.00205
 24.84     -0.00286
 24.86     -0.00258
 24.88     -0.00251
 24.90     -0.00363
 24.92     -0.00307
 24.94     -0.00218
 24.96     -0.00189
 24.98     -0.00203
 25.00     -0.00043
 25.02     -0.00083
 25.04     -0.00065
 25.06     -0.00080
 25.08     -0.00044
 25.10     -0.00021
 25.12      0.00005
 25.14      0.00006
 25.16      0.00005
 25.18     -0.00073
 25.20     -0.00174
 25.22     -0.00145
 25.24     -0.00116
 25.26     -0.00043
 25.28      0.00022
 25.30      0.00112
 25.32      0.00091
 25.34      0.00093
 25.36      0.00088
 25.38      0.00070
 25.40      0.00059
 25.42      0.00126
 25.44      0.00088
 25.46      0.00094
 25.48      0.00141
 25.50      0.00120
 25.52      0.00141
 25.54      0.00206
 25.56      0.00215
 25.58      0.00196
 25.60      0.00206
 25.62      0.00190
 25.64      0.00118
 25.66      0.00052
 25.68      0.00137
 25.70      0.00159
 25.72      0.00179
 25.74      0.00162
 25.76      0.00165
 25.78      0.00158
 25.80      0.00103
 25.82      0.00068
 25.84      0.00223
 25.86      0.00288
 25.88      0.00293
 25.90      0.00375
 25.92      0.00332
 25.94      0.00321
 25.96      0.00336
 25.98      0.00208
 26.00      0.00133
 26.02      0.00236
 26.04      0.00167
 26.06      0.00148
 26.08      0.00259
 26.10      0.00254
 26.12      0.00128
 26.14      0.00109
 26.16     -0.00014
 26.18     -0.00062
 26.20     -0.00090
 26.22      0.00016
 26.24     -0.00022
 26.26      0.00030
 26.28      0.00080
 26.30      0.00122
 26.32      0.00063
 26.34      0.00061
 26.36     -0.00012
 26.38     -0.00056
 26.40     -0.00062
 26.42     -0.00035
 26.44      0.00011
 26.46      0.00073
 26.48     -0.00046
 26.50     -0.00067
 26.52     -0.00121
 26.54     -0.00165
 26.56     -0.00126
 26.58     -0.00169
 26.60     -0.00222
 26.62     -0.00168
 26.64     -0.00214
 26.66     -0.00286
 26.68     -0.00168
 26.70     -0.00103
 26.72     -0.00146
 26.74     -0.00107
 26.76     -0.00117
 26.78     -0.00124
 26.80     -0.00103
 26.82     -0.00056
 26.84     -0.00027
 26.86      0.00032
 26.88     -0.00033
 26.90     -0.00075
 26.92     -0.00068
 26.94     -0.00127
 26.96     -0.00179
 26.98     -0.00052
 27.00     -0.00024
 27.02     -0.00002
 27.04      0.00082
 27.06      0.00155
 27.08      0.00066
 27.10      0.00059
 27.12     -0.00067
 27.14     -0.00060
 27.16     -0.00101
 27.18     -0.00027
 27.20     -0.00071
 27.22     -0.00070
 27.24     -0.00051
 27.26     -0.00048
 27.28     -0.00065
 27.30     -0.00086
 27.32      0.00005
 27.34     -0.00013
 27.36      0.00019
 27.38      0.00101
 27.40      0.00171
 27.42      0.00144
 27.44      0.00117
 27.46      0.00096
 27.48      0.00023
 27.50      0.00061
 27.52      0.00029
 27.54     -0.00004
 27.56     -0.00036
 27.58     -0.00031
 27.60      0.00005
 27.62      0.00016
 27.64      0.00102
 27.66      0.00125
 27.68      0.00083
 27.70      0.00061
 27.72      0.00038
 27.74     -0.00020
 27.76      0.00074
 27.78      0.00143
 27.80      0.00125
 27.82      0.00197
 27.84      0.00195
 27.86      0.00131
 27.88      0.00079
 27.90      0.00012
 27.92     -0.00008
 27.94     -0.00053
 27.96     -0.00052
 27.98      0.00013
 28.00      0.00019
 28.02      0.00035
 28.04      0.00094
 28.06      0.00060
 28.08      0.00062
 28.10      0.00046
 28.12      0.00038
 28.14      0.00027
 28.16      0.00019
 28.18     -0.00010
 28.20     -0.00009
 28.22     -0.00021
 28.24     -0.00014
 28.26      0.00014
 28.28     -0.00052
 28.30     -0.00038
 28.32     -0.00027
 28.34     -0.00006
 28.36      0.00016
 28.38      0.00033
 28.40     -0.00004
 28.42      0.00021
 28.44      0.00017
 28.46     -0.00012
 28.48     -0.00002
 28.50      0.00033
 28.52      0.00012
 28.54     -0.00013
 28.56     -0.00045
 28.58     -0.00060
 28.60     -0.00074
 28.62     -0.00082
 28.64     -0.00103
 28.66     -0.00083
 28.68     -0.00087
 28.70     -0.00080
 28.72     -0.00111
 28.74     -0.00120
 28.76     -0.00099
 28.78     -0.00116
 28.80     -0.00130
 28.82     -0.00121
 28.84     -0.00152
 28.86     -0.00165
 28.88     -0.00149
 28.90     -0.00128
 28.92     -0.00140
 28.94     -0.00131
 28.96     -0.00179
 28.98     -0.00147
 29.00     -0.00166
 29.02     -0.00160
 29.04     -0.00158
 29.06     -0.00140
 29.08     -0.00174
 29.10     -0.00182
 29.12     -0.00150
 29.14     -0.00170
 29.16     -0.00136
 29.18     -0.00102
 29.20     -0.00113
 29.22     -0.00121
 29.24     -0.00062
 29.26     -0.00061
 29.28     -0.00123
 29.30     -0.00078
 29.32     -0.00052
 29.34     -0.00077
 29.36     -0.00079
 29.38     -0.00041
 29.40     -0.00034
 29.42     -0.00068
 29.44     -0.00047
 29.46     -0.00057
 29.48     -0.00022
 29.50     -0.00043
 29.52     -0.00056
 29.54     -0.00054
 29.56     -0.00022
 29.58     -0.00062
 29.60     -0.00028
 29.62      0.00020
 29.64      0.00011
 29.66      0.00010
 29.68      0.00012
 29.70     -0.00032
 29.72     -0.00081
 29.74     -0.00086
 29.76     -0.00119
 29.78     -0.00127
 29.80     -0.00098
 29.82     -0.00092
 29.84     -0.00085
 29.86     -0.00047
 29.88     -0.00044
 29.90     -0.00077
 29.92     -0.00081
 29.94     -0.00094
 29.96     -0.00105
 29.98     -0.00086
 30.00     -0.00045
