 #r(A)        G(r)
  0.02     -0.00000
  0.04     -0.00000
  0.06     -0.00000
  0.08     -0.00000
  0.10     -0.00000
  0.12     -0.00000
  0.14     -0.00000
  0.16     -0.00000
  0.18     -0.00000
  0.20     -0.00000
  0.22     -0.00000
  0.24     -0.00000
  0.26     -0.00000
  0.28     -0.00000
  0.30     -0.00000
  0.32     -0.00000
  0.34     -0.00000
  0.36     -0.00000
  0.38     -0.00001
  0.40     -0.00001
  0.42     -0.00001
  0.44     -0.00002
  0.46     -0.00002
  0.48     -0.00003
  0.50     -0.00004
  0.52     -0.00005
  0.54     -0.00007
  0.56     -0.00009
  0.58     -0.00012
  0.60     -0.00016
  0.62     -0.00022
  0.64     -0.00031
  0.66     -0.00044
  0.68     -0.00061
  0.70     -0.00083
  0.72     -0.00110
  0.74     -0.00143
  0.76     -0.00179
  0.78     -0.00219
  0.80     -0.00262
  0.82     -0.00306
  0.84     -0.00352
  0.86     -0.00399
  0.88     -0.00447
  0.90     -0.00495
  0.92     -0.00543
  0.94     -0.00591
  0.96     -0.00639
  0.98     -0.00688
  1.00     -0.00736
  1.02     -0.00785
  1.04     -0.00833
  1.06     -0.00882
  1.08     -0.00930
  1.10     -0.00979
  1.12     -0.01027
  1.14     -0.01076
  1.16     -0.01124
  1.18     -0.01173
  1.20     -0.01221
  1.22     -0.01270
  1.24     -0.01318
  1.26     -0.01367
  1.28     -0.01415
  1.30     -0.01464
  1.32     -0.01513
  1.34     -0.01561
  1.36     -0.01610
  1.38     -0.01658
  1.40     -0.01707
  1.42     -0.01756
  1.44     -0.01804
  1.46     -0.01853
  1.48     -0.01901
  1.50     -0.01950
  1.52     -0.01999
  1.54     -0.02048
  1.56     -0.02097
  1.58     -0.02146
  1.60     -0.02195
  1.62     -0.02244
  1.64     -0.02294
  1.66     -0.02344
  1.68     -0.02394
  1.70     -0.02445
  1.72     -0.02497
  1.74     -0.02549
  1.76     -0.02601
  1.78     -0.02655
  1.80     -0.02710
  1.82     -0.02765
  1.84     -0.02822
  1.86     -0.02880
  1.88     -0.02939
  1.90     -0.02999
  1.92     -0.03045
  1.94     -0.03107
  1.96     -0.03169
  1.98     -0.03231
  2.00     -0.03295
  2.02     -0.03372
  2.04     -0.03436
  2.06     -0.03500
  2.08     -0.03564
  2.10     -0.03629
  2.12     -0.03693
  2.14     -0.03758
  2.16     -0.03818
  2.18     -0.03870
  2.20     -0.03921
  2.22     -0.03986
  2.24     -0.04038
  2.26     -0.04090
  2.28     -0.04138
  2.30     -0.04144
  2.32     -0.04126
  2.34     -0.04103
  2.36     -0.04041
  2.38     -0.03993
  2.40     -0.03899
  2.42     -0.03755
  2.44     -0.03592
  2.46     -0.03499
  2.48     -0.03062
  2.50     -0.02659
  2.52     -0.01817
  2.54     -0.00590
  2.56      0.01786
  2.58      0.04867
  2.60      0.09633
  2.62      0.16408
  2.64      0.23437
  2.66      0.30413
  2.68      0.38044
  2.70      0.42730
  2.72      0.43446
  2.74      0.40757
  2.76      0.36457
  2.78      0.29379
  2.80      0.21823
  2.82      0.14885
  2.84      0.09988
  2.86      0.05090
  2.88      0.00958
  2.90     -0.01393
  2.92     -0.03096
  2.94     -0.04164
  2.96     -0.04705
  2.98     -0.04949
  3.00     -0.05351
  3.02     -0.05538
  3.04     -0.05688
  3.06     -0.05784
  3.08     -0.05883
  3.10     -0.05913
  3.12     -0.05965
  3.14     -0.05989
  3.16     -0.06035
  3.18     -0.06045
  3.20     -0.06075
  3.22     -0.06074
  3.24     -0.06093
  3.26     -0.06112
  3.28     -0.06149
  3.30     -0.06152
  3.32     -0.06187
  3.34     -0.06192
  3.36     -0.06173
  3.38     -0.06188
  3.40     -0.06230
  3.42     -0.06201
  3.44     -0.06182
  3.46     -0.06033
  3.48     -0.05949
  3.50     -0.05922
  3.52     -0.05849
  3.54     -0.05676
  3.56     -0.05678
  3.58     -0.05590
  3.60     -0.05200
  3.62     -0.04603
  3.64     -0.04197
  3.66     -0.03492
  3.68     -0.02560
  3.70     -0.01756
  3.72     -0.01091
  3.74     -0.00058
  3.76      0.01060
  3.78      0.01865
  3.80      0.02619
  3.82      0.03237
  3.84      0.03544
  3.86      0.03697
  3.88      0.03374
  3.90      0.02561
  3.92      0.01486
  3.94      0.00607
  3.96     -0.00752
  3.98     -0.01677
  4.00     -0.02333
  4.02     -0.03036
  4.04     -0.03907
  4.06     -0.04657
  4.08     -0.05272
  4.10     -0.05886
  4.12     -0.06217
  4.14     -0.06553
  4.16     -0.06762
  4.18     -0.06948
  4.20     -0.06998
  4.22     -0.07067
  4.24     -0.07065
  4.26     -0.07048
  4.28     -0.07039
  4.30     -0.06940
  4.32     -0.06768
  4.34     -0.06698
  4.36     -0.06480
  4.38     -0.06240
  4.40     -0.05935
  4.42     -0.05629
  4.44     -0.05147
  4.46     -0.04561
  4.48     -0.03292
  4.50     -0.01912
  4.52     -0.00101
  4.54      0.01785
  4.56      0.04548
  4.58      0.06745
  4.60      0.09895
  4.62      0.13332
  4.64      0.16736
  4.66      0.20135
  4.68      0.23822
  4.70      0.25954
  4.72      0.27324
  4.74      0.27520
  4.76      0.25871
  4.78      0.22827
  4.80      0.19565
  4.82      0.15461
  4.84      0.11621
  4.86      0.07931
  4.88      0.04463
  4.90      0.01649
  4.92     -0.00906
  4.94     -0.02810
  4.96     -0.04260
  4.98     -0.05108
  5.00     -0.06111
  5.02     -0.06593
  5.04     -0.07002
  5.06     -0.07301
  5.08     -0.07416
  5.10     -0.07415
  5.12     -0.07422
  5.14     -0.07325
  5.16     -0.07163
  5.18     -0.07084
  5.20     -0.06825
  5.22     -0.06576
  5.24     -0.06018
  5.26     -0.05377
  5.28     -0.04484
  5.30     -0.03164
  5.32     -0.01916
  5.34     -0.00706
  5.36      0.00593
  5.38      0.02033
  5.40      0.02862
  5.42      0.04233
  5.44      0.04348
  5.46      0.05221
  5.48      0.05164
  5.50      0.04498
  5.52      0.03281
  5.54      0.02512
  5.56      0.00537
  5.58     -0.01160
  5.60     -0.02384
  5.62     -0.03682
  5.64     -0.04899
  5.66     -0.05941
  5.68     -0.06616
  5.70     -0.07069
  5.72     -0.07326
  5.74     -0.07216
  5.76     -0.07053
  5.78     -0.06917
  5.80     -0.06477
  5.82     -0.05991
  5.84     -0.05154
  5.86     -0.04203
  5.88     -0.03047
  5.90     -0.01612
  5.92     -0.00001
  5.94      0.01167
  5.96      0.02567
  5.98      0.04126
  6.00      0.05278
  6.02      0.06156
  6.04      0.07382
  6.06      0.08580
  6.08      0.09373
  6.10      0.09614
  6.12      0.09715
  6.14      0.09220
  6.16      0.08079
  6.18      0.06807
  6.20      0.05282
  6.22      0.03752
  6.24      0.02610
  6.26      0.01065
  6.28     -0.00536
  6.30     -0.01686
  6.32     -0.03022
  6.34     -0.04436
  6.36     -0.05290
  6.38     -0.06062
  6.40     -0.06873
  6.42     -0.07305
  6.44     -0.07524
  6.46     -0.07573
  6.48     -0.07570
  6.50     -0.07227
  6.52     -0.06862
  6.54     -0.06417
  6.56     -0.05777
  6.58     -0.05263
  6.60     -0.04796
  6.62     -0.04122
  6.64     -0.03566
  6.66     -0.03061
  6.68     -0.02673
  6.70     -0.02611
  6.72     -0.02751
  6.74     -0.03010
  6.76     -0.03527
  6.78     -0.04042
  6.80     -0.04589
  6.82     -0.05059
  6.84     -0.05528
  6.86     -0.05995
  6.88     -0.05983
  6.90     -0.05601
  6.92     -0.05193
  6.94     -0.04653
  6.96     -0.03701
  6.98     -0.02665
  7.00     -0.01401
  7.02      0.00158
  7.04      0.02123
  7.06      0.04518
  7.08      0.07223
  7.10      0.10030
  7.12      0.12384
  7.14      0.14989
  7.16      0.17027
  7.18      0.18292
  7.20      0.19577
  7.22      0.21025
  7.24      0.20723
  7.26      0.20286
  7.28      0.19240
  7.30      0.17088
  7.32      0.14410
  7.34      0.12151
  7.36      0.09410
  7.38      0.06801
  7.40      0.04363
  7.42      0.01716
  7.44     -0.00459
  7.46     -0.02499
  7.48     -0.04022
  7.50     -0.05239
  7.52     -0.05911
  7.54     -0.06685
  7.56     -0.07066
  7.58     -0.07304
  7.60     -0.07395
  7.62     -0.07535
  7.64     -0.07463
  7.66     -0.07316
  7.68     -0.07328
  7.70     -0.07422
  7.72     -0.07306
  7.74     -0.07326
  7.76     -0.07442
  7.78     -0.07336
  7.80     -0.07143
  7.82     -0.06897
  7.84     -0.06366
  7.86     -0.05951
  7.88     -0.05564
  7.90     -0.05210
  7.92     -0.04855
  7.94     -0.04409
  7.96     -0.03771
  7.98     -0.02800
  8.00     -0.01743
  8.02     -0.00693
  8.04      0.00501
  8.06      0.01779
  8.08      0.02777
  8.10      0.03581
  8.12      0.04442
  8.14      0.05018
  8.16      0.05283
  8.18      0.05571
  8.20      0.05773
  8.22      0.05724
  8.24      0.05362
  8.26      0.04888
  8.28      0.04279
  8.30      0.03618
  8.32      0.02842
  8.34      0.02151
  8.36      0.01408
  8.38      0.00676
  8.40      0.00082
  8.42     -0.00356
  8.44     -0.00727
  8.46     -0.01027
  8.48     -0.01254
  8.50     -0.01377
  8.52     -0.01599
  8.54     -0.01670
  8.56     -0.01366
  8.58     -0.01229
  8.60     -0.00879
  8.62     -0.00621
  8.64     -0.00775
  8.66     -0.00884
  8.68     -0.01139
  8.70     -0.01591
  8.72     -0.01996
  8.74     -0.02136
  8.76     -0.02433
  8.78     -0.02507
  8.80     -0.02683
  8.82     -0.02814
  8.84     -0.03082
  8.86     -0.03346
  8.88     -0.03282
  8.90     -0.03208
  8.92     -0.02877
  8.94     -0.02146
  8.96     -0.01440
  8.98     -0.01039
  9.00     -0.00623
  9.02     -0.00103
  9.04     -0.00113
  9.06     -0.00085
  9.08      0.00103
  9.10      0.00403
  9.12      0.00279
  9.14      0.00098
  9.16     -0.00358
  9.18     -0.01061
  9.20     -0.01853
  9.22     -0.02638
  9.24     -0.03040
  9.26     -0.03307
  9.28     -0.03474
  9.30     -0.03449
  9.32     -0.03451
  9.34     -0.03050
  9.36     -0.02710
  9.38     -0.02484
  9.40     -0.02197
  9.42     -0.01438
  9.44     -0.01089
  9.46     -0.00709
  9.48      0.00271
  9.50      0.00897
  9.52      0.01217
  9.54      0.01622
  9.56      0.02056
  9.58      0.02532
  9.60      0.02893
  9.62      0.03799
  9.64      0.04442
  9.66      0.05256
  9.68      0.05909
  9.70      0.06830
  9.72      0.07652
  9.74      0.08373
  9.76      0.09360
  9.78      0.09868
  9.80      0.10381
  9.82      0.10564
  9.84      0.10867
  9.86      0.10594
  9.88      0.10364
  9.90      0.09704
  9.92      0.08800
  9.94      0.07975
  9.96      0.07203
  9.98      0.06163
 10.00      0.05118
 10.02      0.03862
 10.04      0.02413
 10.06      0.00525
 10.08     -0.01241
 10.10     -0.02901
 10.12     -0.04251
 10.14     -0.05405
 10.16     -0.06107
 10.18     -0.06728
 10.20     -0.07138
 10.22     -0.07438
 10.24     -0.07546
 10.26     -0.07535
 10.28     -0.07162
 10.30     -0.06668
 10.32     -0.06089
 10.34     -0.05569
 10.36     -0.05012
 10.38     -0.04351
 10.40     -0.03673
 10.42     -0.03024
 10.44     -0.02201
 10.46     -0.01478
 10.48     -0.01076
 10.50     -0.00527
 10.52      0.00073
 10.54      0.00186
 10.56      0.00471
 10.58      0.00779
 10.60      0.00922
 10.62      0.00680
 10.64      0.00581
 10.66      0.00444
 10.68      0.00380
 10.70     -0.00014
 10.72     -0.00283
 10.74     -0.00631
 10.76     -0.01063
 10.78     -0.01651
 10.80     -0.02314
 10.82     -0.02724
 10.84     -0.02956
 10.86     -0.03503
 10.88     -0.04051
 10.90     -0.04301
 10.92     -0.04802
 10.94     -0.05102
 10.96     -0.04986
 10.98     -0.04981
 11.00     -0.04632
 11.02     -0.04084
 11.04     -0.03833
 11.06     -0.03448
 11.08     -0.02883
 11.10     -0.02471
 11.12     -0.02005
 11.14     -0.01098
 11.16     -0.00455
 11.18      0.00192
 11.20      0.00890
 11.22      0.01386
 11.24      0.01441
 11.26      0.01731
 11.28      0.01981
 11.30      0.02042
 11.32      0.01961
 11.34      0.02122
 11.36      0.02115
 11.38      0.01958
 11.40      0.01643
 11.42      0.01306
 11.44      0.01144
 11.46      0.00682
 11.48      0.00463
 11.50      0.00366
 11.52      0.00574
 11.54      0.00308
 11.56      0.00376
 11.58      0.00304
 11.60      0.00709
 11.62      0.00921
 11.64      0.01409
 11.66      0.01918
 11.68      0.02593
 11.70      0.02783
 11.72      0.03288
 11.74      0.03492
 11.76      0.03770
 11.78      0.03568
 11.80      0.03825
 11.82      0.03996
 11.84      0.04075
 11.86      0.04193
 11.88      0.04692
 11.90      0.04773
 11.92      0.04839
 11.94      0.04887
 11.96      0.04729
 11.98      0.04591
 12.00      0.04779
 12.02      0.04633
 12.04      0.04461
 12.06      0.04005
 12.08      0.03523
 12.10      0.02516
 12.12      0.01732
 12.14      0.00821
 12.16      0.00242
 12.18     -0.00444
 12.20     -0.01229
 12.22     -0.01737
 12.24     -0.02024
 12.26     -0.02267
 12.28     -0.02353
 12.30     -0.01994
 12.32     -0.01919
 12.34     -0.01697
 12.36     -0.01366
 12.38     -0.01161
 12.40     -0.00981
 12.42     -0.00629
 12.44     -0.00417
 12.46     -0.00296
 12.48     -0.00069
 12.50     -0.00001
 12.52     -0.00138
 12.54     -0.00007
 12.56     -0.00419
 12.58     -0.00358
 12.60     -0.00331
 12.62     -0.00539
 12.64     -0.00582
 12.66     -0.00209
 12.68     -0.00553
 12.70     -0.00936
 12.72     -0.01157
 12.74     -0.01676
 12.76     -0.02085
 12.78     -0.02473
 12.80     -0.02736
 12.82     -0.02746
 12.84     -0.02710
 12.86     -0.02811
 12.88     -0.02477
 12.90     -0.02450
 12.92     -0.02406
 12.94     -0.02361
 12.96     -0.02054
 12.98     -0.02148
 13.00     -0.01858
 13.02     -0.01864
 13.04     -0.01978
 13.06     -0.02253
 13.08     -0.02248
 13.10     -0.02531
 13.12     -0.02459
 13.14     -0.02491
 13.16     -0.02533
 13.18     -0.02613
 13.20     -0.02575
 13.22     -0.02857
 13.24     -0.02955
 13.26     -0.02693
 13.28     -0.02823
 13.30     -0.02820
 13.32     -0.02613
 13.34     -0.02357
 13.36     -0.02645
 13.38     -0.02294
 13.40     -0.02156
 13.42     -0.02031
 13.44     -0.01713
 13.46     -0.01481
 13.48     -0.01132
 13.50     -0.00631
 13.52     -0.00200
 13.54      0.00234
 13.56      0.00843
 13.58      0.01163
 13.60      0.01607
 13.62      0.01866
 13.64      0.02109
 13.66      0.02401
 13.68      0.02472
 13.70      0.02692
 13.72      0.03176
 13.74      0.03386
 13.76      0.03587
 13.78      0.03654
 13.80      0.03479
 13.82      0.03135
 13.84      0.02703
 13.86      0.02399
 13.88      0.02382
 13.90      0.02252
 13.92      0.02016
 13.94      0.02059
 13.96      0.02069
 13.98      0.02199
 14.00      0.02170
 14.02      0.02506
 14.04      0.02604
 14.06      0.02746
 14.08      0.02686
 14.10      0.02815
 14.12      0.02887
 14.14      0.03206
 14.16      0.03492
 14.18      0.03851
 14.20      0.04265
 14.22      0.04337
 14.24      0.04329
 14.26      0.04277
 14.28      0.04298
 14.30      0.04361
 14.32      0.04587
 14.34      0.04415
 14.36      0.04270
 14.38      0.04083
 14.40      0.03650
 14.42      0.02921
 14.44      0.02656
 14.46      0.02103
 14.48      0.01266
 14.50      0.00543
 14.52      0.00023
 14.54     -0.00631
 14.56     -0.00980
 14.58     -0.01362
 14.60     -0.01697
 14.62     -0.01880
 14.64     -0.02411
 14.66     -0.03010
 14.68     -0.03637
 14.70     -0.04176
 14.72     -0.04814
 14.74     -0.05130
 14.76     -0.05346
 14.78     -0.05250
 14.80     -0.05390
 14.82     -0.05355
 14.84     -0.05200
 14.86     -0.05338
 14.88     -0.05332
 14.90     -0.05011
 14.92     -0.04806
 14.94     -0.04621
 14.96     -0.04087
 14.98     -0.03736
 15.00     -0.03330
 15.02     -0.02972
 15.04     -0.02724
 15.06     -0.02431
 15.08     -0.02151
 15.10     -0.01972
 15.12     -0.01642
 15.14     -0.01145
 15.16     -0.01083
 15.18     -0.01033
 15.20     -0.00893
 15.22     -0.00642
 15.24     -0.00534
 15.26     -0.00379
 15.28      0.00040
 15.30      0.00269
 15.32      0.00320
 15.34      0.00420
 15.36      0.00754
 15.38      0.00807
 15.40      0.00874
 15.42      0.00985
 15.44      0.00889
 15.46      0.00710
 15.48      0.00464
 15.50      0.00179
 15.52      0.00115
 15.54      0.00235
 15.56      0.00130
 15.58      0.00339
 15.60      0.00487
 15.62      0.00531
 15.64      0.00587
 15.66      0.00853
 15.68      0.01084
 15.70      0.01459
 15.72      0.01568
 15.74      0.01911
 15.76      0.02093
 15.78      0.02162
 15.80      0.02164
 15.82      0.02165
 15.84      0.02019
 15.86      0.01970
 15.88      0.01874
 15.90      0.01779
 15.92      0.01570
 15.94      0.01261
 15.96      0.01029
 15.98      0.00988
 16.00      0.00729
 16.02      0.00697
 16.04      0.00595
 16.06      0.00645
 16.08      0.00386
 16.10      0.00456
 16.12      0.00401
 16.14      0.00429
 16.16      0.00345
 16.18      0.00325
 16.20      0.00330
 16.22      0.00418
 16.24      0.00468
 16.26      0.00419
 16.28      0.00591
 16.30      0.00464
 16.32      0.00473
 16.34      0.00490
 16.36      0.00775
 16.38      0.00646
 16.40      0.00695
 16.42      0.00817
 16.44      0.01034
 16.46      0.00952
 16.48      0.01030
 16.50      0.01102
 16.52      0.01223
 16.54      0.01298
 16.56      0.01481
 16.58      0.01687
 16.60      0.01669
 16.62      0.01767
 16.64      0.01891
 16.66      0.01834
 16.68      0.01855
 16.70      0.02008
 16.72      0.01996
 16.74      0.01789
 16.76      0.01840
 16.78      0.01619
 16.80      0.01425
 16.82      0.01115
 16.84      0.00824
 16.86      0.00300
 16.88     -0.00142
 16.90     -0.00269
 16.92     -0.00655
 16.94     -0.00986
 16.96     -0.01201
 16.98     -0.01368
 17.00     -0.01872
 17.02     -0.02040
 17.04     -0.02159
 17.06     -0.02249
 17.08     -0.02539
 17.10     -0.02543
 17.12     -0.02661
 17.14     -0.02885
 17.16     -0.03026
 17.18     -0.02759
 17.20     -0.02817
 17.22     -0.02832
 17.24     -0.02615
 17.26     -0.02543
 17.28     -0.02657
 17.30     -0.02536
 17.32     -0.02556
 17.34     -0.02666
 17.36     -0.02628
 17.38     -0.02586
 17.40     -0.02576
 17.42     -0.02280
 17.44     -0.02121
 17.46     -0.02133
 17.48     -0.02001
 17.50     -0.01821
 17.52     -0.01906
 17.54     -0.01734
 17.56     -0.01405
 17.58     -0.01193
 17.60     -0.00888
 17.62     -0.00667
 17.64     -0.00366
 17.66     -0.00142
 17.68      0.00199
 17.70      0.00545
 17.72      0.00850
 17.74      0.00977
 17.76      0.01225
 17.78      0.01258
 17.80      0.01271
 17.82      0.01485
 17.84      0.01518
 17.86      0.01586
 17.88      0.01898
 17.90      0.01966
 17.92      0.02032
 17.94      0.02228
 17.96      0.02264
 17.98      0.02226
 18.00      0.02280
 18.02      0.02136
 18.04      0.02253
 18.06      0.02296
 18.08      0.02273
 18.10      0.02204
 18.12      0.02231
 18.14      0.02025
 18.16      0.01898
 18.18      0.01659
 18.20      0.01524
 18.22      0.01290
 18.24      0.01247
 18.26      0.01139
 18.28      0.01043
 18.30      0.00840
 18.32      0.00826
 18.34      0.00616
 18.36      0.00495
 18.38      0.00426
 18.40      0.00410
 18.42      0.00386
 18.44      0.00380
 18.46      0.00420
 18.48      0.00351
 18.50      0.00189
 18.52      0.00080
 18.54     -0.00074
 18.56     -0.00399
 18.58     -0.00495
 18.60     -0.00458
 18.62     -0.00596
 18.64     -0.00551
 18.66     -0.00399
 18.68     -0.00379
 18.70     -0.00585
 18.72     -0.00605
 18.74     -0.00757
 18.76     -0.00830
 18.78     -0.00772
 18.80     -0.00672
 18.82     -0.00440
 18.84     -0.00422
 18.86     -0.00324
 18.88     -0.00224
 18.90      0.00021
 18.92     -0.00123
 18.94      0.00024
 18.96      0.00132
 18.98      0.00104
 19.00      0.00028
 19.02      0.00079
 19.04     -0.00016
 19.06     -0.00064
 19.08     -0.00087
 19.10     -0.00057
 19.12      0.00018
 19.14     -0.00033
 19.16     -0.00203
 19.18     -0.00357
 19.20     -0.00486
 19.22     -0.00629
 19.24     -0.00488
 19.26     -0.00522
 19.28     -0.00346
 19.30     -0.00472
 19.32     -0.00289
 19.34     -0.00279
 19.36     -0.00208
 19.38     -0.00336
 19.40     -0.00161
 19.42     -0.00410
 19.44     -0.00589
 19.46     -0.00743
 19.48     -0.00974
 19.50     -0.01181
 19.52     -0.01155
 19.54     -0.01167
 19.56     -0.01192
 19.58     -0.01010
 19.60     -0.00886
 19.62     -0.00999
 19.64     -0.00834
 19.66     -0.00702
 19.68     -0.00658
 19.70     -0.00478
 19.72     -0.00352
 19.74     -0.00483
 19.76     -0.00375
 19.78     -0.00176
 19.80     -0.00209
 19.82      0.00045
 19.84      0.00118
 19.86      0.00132
 19.88      0.00115
 19.90      0.00030
 19.92     -0.00210
 19.94     -0.00047
 19.96      0.00141
 19.98      0.00123
 20.00      0.00311
 20.02      0.00475
 20.04      0.00610
 20.06      0.00554
 20.08      0.00643
 20.10      0.00562
 20.12      0.00743
 20.14      0.00560
 20.16      0.00423
 20.18      0.00420
 20.20      0.00493
 20.22      0.00300
 20.24      0.00253
 20.26      0.00407
 20.28      0.00351
 20.30      0.00320
 20.32      0.00469
 20.34      0.00615
 20.36      0.00635
 20.38      0.00667
 20.40      0.00705
 20.42      0.00641
 20.44      0.00494
 20.46      0.00392
 20.48      0.00403
 20.50      0.00378
 20.52      0.00392
 20.54      0.00352
 20.56      0.00308
 20.58      0.00196
 20.60      0.00041
 20.62     -0.00050
 20.64      0.00057
 20.66      0.00040
 20.68      0.00045
 20.70      0.00069
 20.72      0.00158
 20.74      0.00196
 20.76      0.00263
 20.78      0.00147
 20.80      0.00214
 20.82      0.00209
 20.84      0.00205
 20.86      0.00167
 20.88      0.00290
 20.90      0.00329
 20.92      0.00244
 20.94      0.00085
 20.96      0.00054
 20.98      0.00011
 21.00     -0.00103
 21.02     -0.00128
 21.04     -0.00131
 21.06     -0.00146
 21.08     -0.00148
 21.10     -0.00056
 21.12     -0.00050
 21.14      0.00038
 21.16      0.00078
 21.18      0.00044
 21.20     -0.00039
 21.22     -0.00055
 21.24     -0.00150
 21.26     -0.00130
 21.28      0.00032
 21.30      0.00166
 21.32      0.00212
 21.34      0.00413
 21.36      0.00358
 21.38      0.00214
 21.40      0.00132
 21.42      0.00269
 21.44      0.00134
 21.46      0.00095
 21.48      0.00270
 21.50      0.00251
 21.52      0.00094
 21.54      0.00013
 21.56      0.00051
 21.58     -0.00168
 21.60     -0.00289
 21.62     -0.00399
 21.64     -0.00416
 21.66     -0.00513
 21.68     -0.00466
 21.70     -0.00577
 21.72     -0.00560
 21.74     -0.00587
 21.76     -0.00648
 21.78     -0.00768
 21.80     -0.00741
 21.82     -0.00799
 21.84     -0.00674
 21.86     -0.00621
 21.88     -0.00542
 21.90     -0.00364
 21.92     -0.00317
 21.94     -0.00501
 21.96     -0.00418
 21.98     -0.00472
 22.00     -0.00493
 22.02     -0.00462
 22.04     -0.00433
 22.06     -0.00490
 22.08     -0.00473
 22.10     -0.00561
 22.12     -0.00521
 22.14     -0.00435
 22.16     -0.00455
 22.18     -0.00410
 22.20     -0.00204
 22.22     -0.00222
 22.24     -0.00221
 22.26     -0.00004
 22.28      0.00133
 22.30      0.00182
 22.32      0.00394
 22.34      0.00652
 22.36      0.00630
 22.38      0.00712
 22.40      0.00680
 22.42      0.00675
 22.44      0.00660
 22.46      0.00650
 22.48      0.00598
 22.50      0.00592
 22.52      0.00557
 22.54      0.00566
 22.56      0.00643
 22.58      0.00693
 22.60      0.00659
 22.62      0.00566
 22.64      0.00464
 22.66      0.00439
 22.68      0.00359
 22.70      0.00369
 22.72      0.00325
 22.74      0.00171
 22.76      0.00014
 22.78     -0.00098
 22.80     -0.00106
 22.82     -0.00199
 22.84     -0.00268
 22.86     -0.00369
 22.88     -0.00410
 22.90     -0.00442
 22.92     -0.00433
 22.94     -0.00406
 22.96     -0.00281
 22.98     -0.00273
 23.00     -0.00385
 23.02     -0.00393
 23.04     -0.00280
 23.06     -0.00296
 23.08     -0.00281
 23.10     -0.00197
 23.12     -0.00054
 23.14     -0.00098
 23.16     -0.00123
 23.18     -0.00110
 23.20     -0.00104
 23.22     -0.00080
 23.24     -0.00061
 23.26      0.00002
 23.28     -0.00015
 23.30     -0.00028
 23.32      0.00004
 23.34      0.00085
 23.36      0.00103
 23.38      0.00213
 23.40      0.00329
 23.42      0.00325
 23.44      0.00299
 23.46      0.00368
 23.48      0.00384
 23.50      0.00366
 23.52      0.00295
 23.54      0.00340
 23.56      0.00324
 23.58      0.00267
 23.60      0.00245
 23.62      0.00414
 23.64      0.00453
 23.66      0.00347
 23.68      0.00433
 23.70      0.00469
 23.72      0.00337
 23.74      0.00238
 23.76      0.00292
 23.78      0.00219
 23.80      0.00171
 23.82      0.00135
 23.84      0.00084
 23.86      0.00096
 23.88      0.00065
 23.90      0.00019
 23.92      0.00045
 23.94      0.00014
 23.96     -0.00171
 23.98     -0.00268
 24.00     -0.00331
 24.02     -0.00578
 24.04     -0.00532
 24.06     -0.00564
 24.08     -0.00596
 24.10     -0.00593
 24.12     -0.00504
 24.14     -0.00573
 24.16     -0.00528
 24.18     -0.00455
 24.20     -0.00505
 24.22     -0.00482
 24.24     -0.00514
 24.26     -0.00490
 24.28     -0.00477
 24.30     -0.00535
 24.32     -0.00530
 24.34     -0.00476
 24.36     -0.00458
 24.38     -0.00533
 24.40     -0.00486
 24.42     -0.00500
 24.44     -0.00501
 24.46     -0.00451
 24.48     -0.00357
 24.50     -0.00254
 24.52     -0.00164
 24.54     -0.00079
 24.56     -0.00110
 24.58     -0.00096
 24.60     -0.00037
 24.62     -0.00019
 24.64     -0.00072
 24.66      0.00005
 24.68      0.00068
 24.70      0.00160
 24.72      0.00225
 24.74      0.00306
 24.76      0.00367
 24.78      0.00430
 24.80      0.00353
 24.82      0.00330
 24.84      0.00362
 24.86      0.00306
 24.88      0.00281
 24.90      0.00294
 24.92      0.00275
 24.94      0.00277
 24.96      0.00270
 24.98      0.00181
 25.00      0.00180
 25.02      0.00176
 25.04      0.00141
 25.06      0.00152
 25.08      0.00181
 25.10      0.00140
 25.12      0.00167
 25.14      0.00167
 25.16      0.00176
 25.18      0.00147
 25.20      0.00113
 25.22      0.00080
 25.24      0.00023
 25.26     -0.00041
 25.28      0.00023
 25.30      0.00025
 25.32      0.00001
 25.34      0.00032
 25.36      0.00071
 25.38      0.00011
 25.40      0.00008
 25.42     -0.00009
 25.44     -0.00040
 25.46     -0.00071
 25.48     -0.00056
 25.50     -0.00067
 25.52     -0.00039
 25.54     -0.00043
 25.56     -0.00001
 25.58     -0.00006
 25.60      0.00002
 25.62     -0.00047
 25.64     -0.00034
 25.66     -0.00036
 25.68     -0.00090
 25.70     -0.00130
 25.72     -0.00047
 25.74     -0.00060
 25.76     -0.00104
 25.78     -0.00064
 25.80     -0.00066
 25.82     -0.00093
 25.84     -0.00079
 25.86     -0.00065
 25.88     -0.00054
 25.90      0.00043
 25.92      0.00024
 25.94      0.00074
 25.96      0.00104
 25.98      0.00048
 26.00     -0.00014
 26.02     -0.00001
 26.04     -0.00047
 26.06     -0.00060
 26.08      0.00011
 26.10      0.00011
 26.12      0.00002
 26.14     -0.00006
 26.16     -0.00032
 26.18     -0.00045
 26.20     -0.00075
 26.22     -0.00140
 26.24     -0.00149
 26.26     -0.00133
 26.28     -0.00175
 26.30     -0.00120
 26.32     -0.00023
 26.34     -0.00056
 26.36     -0.00065
 26.38     -0.00062
 26.40     -0.00138
 26.42     -0.00215
 26.44     -0.00177
 26.46     -0.00176
 26.48     -0.00160
 26.50     -0.00171
 26.52     -0.00178
 26.54     -0.00188
 26.56     -0.00235
 26.58     -0.00302
 26.60     -0.00267
 26.62     -0.00259
 26.64     -0.00273
 26.66     -0.00275
 26.68     -0.00237
 26.70     -0.00247
 26.72     -0.00266
 26.74     -0.00233
 26.76     -0.00173
 26.78     -0.00135
 26.80     -0.00098
 26.82     -0.00046
 26.84     -0.00036
 26.86     -0.00027
 26.88     -0.00038
 26.90     -0.00035
 26.92     -0.00026
 26.94     -0.00048
 26.96     -0.00066
 26.98     -0.00037
 27.00      0.00011
 27.02      0.00027
 27.04      0.00079
 27.06      0.00114
 27.08      0.00124
 27.10      0.00106
 27.12      0.00101
 27.14      0.00094
 27.16      0.00068
 27.18      0.00106
 27.20      0.00108
 27.22      0.00127
 27.24      0.00101
 27.26      0.00126
 27.28      0.00083
 27.30      0.00045
 27.32      0.00006
 27.34     -0.00002
 27.36      0.00020
 27.38     -0.00005
 27.40      0.00007
 27.42      0.00035
 27.44      0.00051
 27.46     -0.00020
 27.48     -0.00019
 27.50     -0.00034
 27.52     -0.00053
 27.54     -0.00057
 27.56     -0.00034
 27.58     -0.00028
 27.60     -0.00037
 27.62     -0.00039
 27.64     -0.00049
 27.66     -0.00037
 27.68     -0.00060
 27.70     -0.00041
 27.72     -0.00064
 27.74     -0.00053
 27.76     -0.00075
 27.78     -0.00049
 27.80     -0.00051
 27.82     -0.00012
 27.84     -0.00018
 27.86     -0.00024
 27.88     -0.00014
 27.90     -0.00003
 27.92     -0.00033
 27.94     -0.00038
 27.96     -0.00048
 27.98     -0.00067
 28.00     -0.00092
 28.02     -0.00073
 28.04     -0.00090
 28.06     -0.00059
 28.08     -0.00061
 28.10     -0.00033
 28.12     -0.00057
 28.14     -0.00051
 28.16     -0.00087
 28.18     -0.00076
 28.20     -0.00100
 28.22     -0.00091
 28.24     -0.00103
 28.26     -0.00072
 28.28     -0.00106
 28.30     -0.00103
 28.32     -0.00087
 28.34     -0.00089
 28.36     -0.00105
 28.38     -0.00085
 28.40     -0.00093
 28.42     -0.00119
 28.44     -0.00109
 28.46     -0.00106
 28.48     -0.00119
 28.50     -0.00122
 28.52     -0.00116
 28.54     -0.00107
 28.56     -0.00110
 28.58     -0.00091
 28.60     -0.00080
 28.62     -0.00073
 28.64     -0.00083
 28.66     -0.00080
 28.68     -0.00095
 28.70     -0.00096
 28.72     -0.00099
 28.74     -0.00099
 28.76     -0.00100
 28.78     -0.00098
 28.80     -0.00108
 28.82     -0.00109
 28.84     -0.00107
 28.86     -0.00109
 28.88     -0.00095
 28.90     -0.00086
 28.92     -0.00088
 28.94     -0.00087
 28.96     -0.00084
 28.98     -0.00097
 29.00     -0.00088
 29.02     -0.00084
 29.04     -0.00086
 29.06     -0.00084
 29.08     -0.00072
 29.10     -0.00077
 29.12     -0.00076
 29.14     -0.00070
 29.16     -0.00071
 29.18     -0.00073
 29.20     -0.00073
 29.22     -0.00070
 29.24     -0.00070
 29.26     -0.00067
 29.28     -0.00068
 29.30     -0.00066
 29.32     -0.00063
 29.34     -0.00060
 29.36     -0.00058
 29.38     -0.00056
 29.40     -0.00051
 29.42     -0.00049
 29.44     -0.00048
 29.46     -0.00046
 29.48     -0.00044
 29.50     -0.00042
 29.52     -0.00040
 29.54     -0.00038
 29.56     -0.00034
 29.58     -0.00032
 29.60     -0.00033
 29.62     -0.00032
 29.64     -0.00030
 29.66     -0.00031
 29.68     -0.00029
 29.70     -0.00028
 29.72     -0.00026
 29.74     -0.00025
 29.76     -0.00025
 29.78     -0.00024
 29.80     -0.00023
 29.82     -0.00021
 29.84     -0.00020
 29.86     -0.00019
 29.88     -0.00018
 29.90     -0.00017
 29.92     -0.00017
 29.94     -0.00016
 29.96     -0.00015
 29.98     -0.00014
 30.00     -0.00013
